3.720806	
3.725286	
3.735384	
3.745528	
3.755885	
3.765807	
3.776159	
3.786085	
3.796233	
3.806584	
3.816502	
3.826621	
3.836751	
3.846899	
3.85705	
3.867157	
3.877291	
3.887423	
3.897546	
3.917451	
3.921695	
3.931965	
3.941985	
3.952445	
3.962255	
3.97238	
3.982527	
3.992634	
4.002768	
4.012978	
4.023027	
4.033251	
4.043382	
4.053795	
4.063582	
4.073695	
4.083864	
4.094066	
4.104088	
4.114216	
4.124347	
4.134519	
4.144658	
4.154782	
4.164895	
4.174985	
4.185122	
4.195236	
4.205372	
4.215491	
4.225625	
4.235791	
4.245881	
4.256013	
4.268274	
4.276284	
4.286469	
4.296534	
4.306827	
4.316799	
4.326928	
4.337062	
4.34719	
4.357323	
4.367717	
4.377585	
4.387715	
4.397879	
4.40802	
4.418158	
4.42828	
4.438484	
4.448538	
4.458666	
4.468837	
4.478955	
4.489059	
4.499179	
4.50933	
4.519466	
4.529592	
4.53972	
4.549866	
4.560014	
4.570186	
4.580302	
4.590484	
4.600549	
4.610672	
4.620826	
4.630941	
4.641068	
4.651201	
4.661349	
4.671493	
4.681599	
4.69174	
4.701922	
4.712206	
4.722168	
4.732297	
4.742491	
4.752554	
4.762682	
4.772811	
4.783007	
4.793186	
4.803374	
4.813413	
4.823857	
4.833658	
4.843824	
4.853915	
4.864078	
4.874214	
4.884589	
4.894529	
4.904673	
4.914845	
4.92502	
4.935316	
4.945435	
4.95556	
4.965716	
4.975891	
4.986029	
4.996103	
5.006277	
5.01637	
5.026496	
5.036641	
5.046791	
5.056888	
5.067021	
5.077195	
5.08776	
5.097447	
5.107567	
5.117699	
5.146579	
5.150829	
5.160943	
5.171076	
5.181247	
5.191379	
5.201492	
5.211618	
5.221745	
5.23234	
5.242051	
5.252208	
5.262317	
5.272424	
5.282603	
5.292713	
5.302846	
5.312972	
5.323096	
5.341569	
5.345797	
5.355922	
5.366065	
5.376182	
5.38635	
5.396494	
5.406644	
5.416732	
5.426859	
5.437038	
5.447125	
5.457258	
5.467381	
5.477514	
5.487653	
5.497805	
5.507939	
5.518039	
5.528187	
5.538308	
5.548451	
5.55861	
5.568706	
5.578838	
5.589006	
5.599154	
5.609262	
5.619398	
5.629529	
5.639655	
5.649795	
5.659944	
5.670057	
5.6802	
5.690322	
5.700516	
5.710672	
5.720784	
5.730876	
5.741135	
5.751154	
5.761287	
5.771392	
5.783578	
5.79167	
5.802334	
5.811971	
5.822111	
5.832182	
5.842499	
5.852453	
5.862623	
5.87271	
5.882831	
5.893	
5.903121	
5.914925	
5.923807	
5.933939	
5.944088	
5.95421	
5.964311	
5.974504	
5.984559	
6.002603	
6.006891	
6.016952	
6.027083	
6.037246	
6.047341	
6.057488	
6.067618	
6.077748	
6.088026	
6.098092	
6.108243	
6.1184	
6.128496	
6.138635	
6.148756	
6.158921	
6.169016	
6.179136	
6.189318	
6.1994	
6.209531	
6.219706	
6.229819	
6.240028	
6.250081	
6.260221	
6.270358	
6.280482	
6.2906	
6.300778	
6.311193	
6.321017	
6.331142	
6.341316	
6.351414	
6.361528	
6.371663	
6.38187	
6.391971	
6.40211	
6.412179	
6.422365	
6.43247	
6.442594	
6.452736	
6.462873	
6.472996	
6.483185	
6.493354	
6.503392	
6.513879	
6.523716	
6.53379	
6.543958	
6.554047	
6.564201	
6.574308	
6.584438	
6.594566	
6.612615	
6.616832	
6.626996	
6.637156	
6.647244	
6.657369	
6.667518	
6.677647	
6.687761	
6.697887	
6.708049	
6.718174	
6.728328	
6.738445	
6.748601	
6.758747	
6.768865	
6.778985	
6.789151	
6.799248	
6.809547	
6.819536	
6.829651	
6.839791	
6.849904	
6.860066	
6.870163	
6.880293	
6.890431	
6.900555	
6.911122	
6.921591	
6.931704	
6.941944	
6.952016	
6.962113	
6.972222	
6.982353	
6.992483	
7.002622	
7.012732	
7.0229	
7.033078	
7.043223	
7.053392	
7.063398	
7.073847	
7.083667	
7.093997	
7.103964	
7.114054	
7.124222	
7.144804	
7.14903	
7.159166	
7.169299	
7.17944	
7.189577	
7.199689	
7.20983	
7.219951	
7.230103	
7.240272	
7.250398	
7.260543	
7.270778	
7.280942	
7.290943	
7.301064	
7.311368	
7.321473	
7.331613	
7.341854	
7.351939	
7.362084	
7.372157	
7.38258	
7.392434	
7.40255	
7.412677	
7.422838	
7.43294	
7.443103	
7.453324	
7.463383	
7.473463	
7.483861	
7.49373	
7.503843	
7.513964	
7.524126	
7.534252	
7.544381	
7.554492	
7.564672	
7.574838	
7.584873	
7.594992	
7.605127	
7.615254	
7.625376	
7.635517	
7.645993	
7.656167	
7.66622	
7.676355	
7.686476	
7.696619	
7.706751	
7.716867	
7.727043	
7.737128	
7.747301	
7.757422	
7.767518	
7.777658	
7.787785	
7.79795	
7.808242	
7.818354	
7.828467	
7.838635	
7.848738	
7.858858	
7.869001	
7.879165	
7.897437	
7.901681	
7.911873	
7.924195	
7.932188	
7.94226	
7.952654	
7.962915	
7.972646	
7.982831	
7.992896	
8.003029	
8.01327	
8.023347	
8.033411	
8.043586	
8.054262	
8.063812	
8.073933	
8.084066	
8.094212	
8.104375	
8.114491	
8.124678	
8.135013	
8.144925	
8.155385	
8.165205	
8.175329	
8.185449	
8.195575	
8.205726	
8.215844	
8.225975	
8.236115	
8.246242	
8.256411	
8.266556	
8.276686	
8.286867	
8.296944	
8.307164	
8.325191	
8.329646	
8.339585	
8.349707	
8.35987	
8.369973	
8.380109	
8.390236	
8.400401	
8.410534	
8.42067	
8.430895	
8.440941	
8.451068	
8.461202	
8.471348	
8.481461	
8.491598	
8.501729	
8.511926	
8.521992	
8.532117	
8.542272	
8.552426	
8.562551	
8.572734	
8.582895	
8.592963	
8.603083	
8.621591	
8.625824	
8.635964	
8.646087	
8.656275	
8.66637	
8.676488	
8.686651	
8.696738	
8.706878	
8.717009	
8.727178	
8.737274	
8.747399	
8.757576	
8.767685	
8.777851	
8.787951	
8.798088	
8.808408	
8.818517	
8.828642	
8.83885	
8.848909	
8.859034	
8.869197	
8.879325	
8.889452	
8.89957	
8.909737	
8.929842	
8.934101	
8.944295	
8.954364	
8.964478	
8.974716	
8.984781	
8.994859	
9.00499	
9.015103	
9.025239	
9.035357	
9.045525	
9.05562	
9.065733	
9.075904	
9.08604	
9.096203	
9.106275	
9.116422	
9.126557	
9.136976	
9.147104	
9.157237	
9.167356	
9.178029	
9.187643	
9.197768	
9.20788	
9.218014	
9.228167	
9.238283	
9.248439	
9.258536	
9.268662	
9.278885	
9.28896	
9.299089	
9.309229	
9.319378	
9.337518	
9.341791	
9.351932	
9.362077	
9.372527	
9.382463	
9.392449	
9.402534	
9.412667	
9.422857	
9.432938	
9.443056	
9.453255	
9.463381	
9.473458	
9.483894	
9.493716	
9.503839	
9.513968	
9.524104	
9.534231	
9.544435	
9.55452	
9.566971	
9.574926	
9.584975	
9.595112	
9.605237	
9.615361	
9.625483	
9.635611	
9.645781	
9.655876	
9.666014	
9.676159	
9.686313	
9.696485	
9.706575	
9.716702	
9.726904	
9.736968	
9.747083	
9.757221	
9.767346	
9.777472	
9.787601	
9.797822	
9.808026	
9.818038	
9.828169	
9.838339	
9.848518	
9.858603	
9.868725	
9.878935	
9.888996	
9.899487	
9.909618	
9.921639	
9.929855	
9.939982	
9.950123	
9.960289	
9.970367	
9.980514	
9.990643	
10.00079	
10.01093	
10.02105	
10.03121	
10.04133	
10.05145	
10.06162	
10.07171	
10.0819	
10.09198	
10.10248	
10.11229	
10.12241	
10.13252	
10.14267	
10.15279	
10.16291	
10.17306	
10.1912	
10.19545	
10.20575	
10.21587	
10.22598	
10.23612	
10.24624	
10.25644	
10.2665	
10.27663	
10.28683	
10.2969	
10.30707	
10.31719	
10.32734	
10.33744	
10.34757	
10.35775	
10.36783	
10.37797	
10.38809	
10.39823	
10.40846	
10.4185	
10.42863	
10.43876	
10.44888	
10.45903	
10.46916	
10.47933	
10.48941	
10.49955	
10.50973	
10.51983	
10.52993	
10.54008	
10.55024	
10.56043	
10.57054	
10.58079	
10.5909	
10.6013	
10.61114	
10.62134	
10.63143	
10.64155	
10.65169	
10.6623	
10.67195	
10.68212	
10.69221	
10.70234	
10.71261	
10.72268	
10.73279	
10.74301	
10.75305	
10.77156	
10.77581	
10.78594	
10.79606	
10.8063	
10.81642	
10.82648	
10.83662	
10.84674	
10.85688	
10.86701	
10.87715	
10.88728	
10.8974	
10.90754	
10.91771	
10.92786	
10.93797	
10.9481	
10.95824	
10.96842	
10.97849	
10.98862	
10.99875	
11.00888	
11.01902	
11.0292	
11.03932	
11.04945	
11.0596	
11.06978	
11.07988	
11.09012	
11.10025	
11.11036	
11.12056	
11.13113	
11.14133	
11.15145	
11.16158	
11.1717	
11.18191	
11.19197	
11.20211	
11.21223	
11.22235	
11.23259	
11.24266	
11.25282	
11.26297	
11.27308	
11.28327	
11.29338	
11.30347	
11.31369	
11.324	
11.33389	
11.344	
11.35413	
11.36425	
11.3744	
11.38458	
11.39472	
11.40482	
11.41499	
11.42528	
11.43542	
11.4456	
11.45568	
11.46581	
11.47595	
11.48608	
11.4962	
11.50633	
11.51654	
11.52732	
11.53677	
11.54688	
11.55702	
11.56719	
11.57728	
11.58741	
11.59754	
11.60767	
11.6178	
11.62794	
11.6381	
11.64825	
11.65835	
11.66851	
11.67862	
11.68877	
11.69889	
11.70902	
11.71922	
11.72927	
11.73944	
11.74954	
11.75968	
11.7698	
11.77994	
11.79009	
11.8002	
11.81037	
11.82053	
11.83087	
11.84084	
11.85098	
11.86112	
11.87127	
11.88139	
11.89151	
11.90173	
11.91178	
11.92193	
11.93247	
11.94222	
11.95238	
11.9625	
11.97262	
11.98276	
11.99291	
12.00302	
12.01322	
12.02337	
12.03341	
12.04391	
12.05374	
12.06382	
12.07394	
12.08408	
12.09425	
12.10435	
12.11447	
12.12468	
12.13479	
12.14525	
12.1552	
12.16529	
12.17543	
12.18554	
12.19569	
12.20584	
12.21594	
12.22606	
12.23619	
12.24634	
12.2565	
12.26659	
12.27674	
12.28684	
12.29699	
12.3071	
12.31742	
12.32755	
12.33767	
12.3478	
12.35796	
12.36805	
12.37818	
12.38831	
12.39844	
12.40863	
12.4187	
12.42883	
12.43896	
12.44909	
12.45921	
12.46934	
12.47951	
12.48961	
12.49973	
12.50991	
12.52	
12.53013	
12.54028	
12.5504	
12.56109	
12.57066	
12.58082	
12.59094	
12.6012	
12.61122	
12.62134	
12.63148	
12.6416	
12.65174	
12.66229	
12.672	
12.68212	
12.69226	
12.70261	
12.71256	
12.72264	
12.73279	
12.74292	
12.75306	
12.76343	
12.77338	
12.78348	
12.79359	
12.80372	
12.81411	
12.82399	
12.83411	
12.84424	
12.85437	
12.86454	
12.87472	
12.88546	
12.89559	
12.90568	
12.91582	
12.92861	
12.93614	
12.94626	
12.95638	
12.96693	
12.97703	
12.98715	
12.99728	
13.00744	
13.01754	
13.02767	
13.03783	
13.04793	
13.05805	
13.06823	
13.07835	
13.08848	
13.0986	
13.10878	
13.11889	
13.12901	
13.13931	
13.14944	
13.15959	
13.16971	
13.17987	
13.19004	
13.20011	
13.21025	
13.22039	
13.23053	
13.24077	
13.25083	
13.26093	
13.27122	
13.28126	
13.29135	
13.30147	
13.31165	
13.32196	
13.33194	
13.34214	
13.35216	
13.36229	
13.37258	
13.38259	
13.39277	
13.40284	
13.41296	
13.42335	
13.44113	
13.44537	
13.45554	
13.46563	
13.47576	
13.48594	
13.49602	
13.50615	
13.51629	
13.52643	
13.53656	
13.54668	
13.55684	
13.56694	
13.57707	
13.58723	
13.59733	
13.60749	
13.61759	
13.62771	
13.63788	
13.64797	
13.6581	
13.66822	
13.67836	
13.68854	
13.69865	
13.70878	
13.71891	
13.72905	
13.7392	
13.74933	
13.75949	
13.76958	
13.77971	
13.78996	
13.8	
13.81024	
13.82028	
13.8304	
13.84055	
13.85078	
13.86089	
13.87101	
13.88123	
13.89147	
13.90139	
13.91156	
13.92167	
13.93394	
13.94203	
13.95217	
13.96221	
13.97235	
13.98248	
13.99262	
14.00274	
14.01289	
14.023	
14.03334	
14.04333	
14.05339	
14.06361	
14.07364	
14.08402	
14.09429	
14.10404	
14.11416	
14.12431	
14.13444	
14.14457	
14.16259	
14.16683	
14.17699	
14.18711	
14.19727	
14.20745	
14.21752	
14.22764	
14.23778	
14.24793	
14.25805	
14.26817	
14.2783	
14.28843	
14.2989	
14.30871	
14.31888	
14.32903	
14.33915	
14.34929	
14.35948	
14.36954	
14.37967	
14.38981	
14.4002	
14.4101	
14.42022	
14.43036	
14.44049	
14.45064	
14.46081	
14.4709	
14.48103	
14.49122	
14.5013	
14.5115	
14.52157	
14.53169	
14.54194	
14.55195	
14.56211	
14.57222	
14.58235	
14.59249	
14.60261	
14.61283	
14.62292	
14.63304	
14.64325	
14.65379	
14.6635	
14.67358	
14.68371	
14.69383	
14.70409	
14.7141	
14.72424	
14.73437	
14.7445	
14.75469	
14.76485	
14.77495	
14.78508	
14.7952	
14.80534	
14.81554	
14.82562	
14.83574	
14.84587	
14.85603	
14.86614	
14.87628	
14.88641	
14.89654	
14.90668	
14.91687	
14.92696	
14.94103	
14.94775	
14.95789	
14.96804	
14.97818	
14.9883	
14.99844	
15.00856	
15.01873	
15.02888	
15.03898	
15.04911	
15.05924	
15.06938	
15.07956	
15.08962	
15.09977	
15.10991	
15.12009	
15.13018	
15.14033	
15.15046	
15.16058	
15.17083	
15.18098	
15.19109	
15.20122	
15.21135	
15.22973	
15.23398	
15.24413	
15.25426	
15.26439	
15.2745	
15.28469	
15.29482	
15.305	
15.31528	
15.32774	
15.33558	
15.34566	
15.3558	
15.36591	
15.37606	
15.38618	
15.39631	
15.40644	
15.41658	
15.42672	
15.43688	
15.447	
15.45714	
15.46728	
15.47739	
15.48758	
15.49765	
15.50778	
15.51791	
15.52819	
15.53818	
15.54831	
15.55844	
15.56857	
15.57872	
15.58886	
15.59898	
15.60914	
15.61926	
15.62942	
15.63962	
15.64966	
15.6598	
15.66992	
15.68008	
15.69018	
15.70031	
15.71046	
15.72058	
15.7309	
15.74107	
15.75116	
15.76128	
15.7714	
15.78154	
15.79171	
15.80187	
15.81205	
15.82218	
15.8322	
15.8424	
15.85249	
15.86262	
15.87275	
15.88288	
15.893	
15.9032	
15.91333	
15.92341	
15.93397	
15.94379	
15.95384	
15.96396	
15.97412	
15.98425	
15.99435	
16.00448	
16.01467	
16.02488	
16.03525	
16.04517	
16.05528	
16.0654	
16.07555	
16.08567	
16.09584	
16.10593	
16.11606	
16.12624	
16.13634	
16.1465	
16.1566	
16.16673	
16.17689	
16.18698	
16.19714	
16.20725	
16.21738	
16.2275	
16.23765	
16.24783	
16.25793	
16.26806	
16.27823	
16.28833	
16.29846	
16.30859	
16.31873	
16.32888	
16.33898	
16.34915	
16.35925	
16.36937	
16.37951	
16.38963	
16.3998	
16.40989	
16.42003	
16.43022	
16.44029	
16.45085	
16.46056	
16.47074	
16.48082	
16.49112	
16.50113	
16.51123	
16.52136	
16.53148	
16.54162	
16.55201	
16.56193	
16.57207	
16.58219	
16.59257	
16.6024	
16.61254	
16.62269	
16.63281	
16.64296	
16.65314	
16.67115	
16.67538	
16.68552	
16.6957	
16.70579	
16.71591	
16.72605	
16.73619	
16.74631	
16.75682	
16.76659	
16.77673	
16.78685	
16.79697	
16.80714	
16.81729	
16.82743	
16.83754	
16.84775	
16.85782	
16.86798	
16.87809	
16.88823	
16.89836	
16.9085	
16.91864	
16.92876	
16.94011	
16.94907	
16.95918	
16.9693	
16.97944	
16.98956	
16.99975	
17.00982	
17.01997	
17.03008	
17.04022	
17.05036	
17.0605	
17.07066	
17.08078	
17.09091	
17.10107	
17.11117	
17.12131	
17.13178	
17.14166	
17.15188	
17.16193	
17.17212	
17.18223	
17.19233	
17.20246	
17.2126	
17.22272	
17.23284	
17.24298	
17.25312	
17.27174	
17.27599	
17.28613	
17.29627	
17.30638	
17.31653	
17.32668	
17.3368	
17.34693	
17.35709	
17.3672	
17.37735	
17.38748	
17.3976	
17.40781	
17.41787	
17.428	
17.43817	
17.44826	
17.4584	
17.46855	
17.4787	
17.4888	
17.49893	
17.5091	
17.51919	
17.52935	
17.53948	
17.54962	
17.55981	
17.57021	
17.58005	
17.59017	
17.6003	
17.61042	
17.62056	
17.63095	
17.64114	
17.6512	
17.66134	
17.67148	
17.68161	
17.69174	
17.70192	
17.71202	
17.72212	
17.73226	
17.74243	
17.75253	
17.76266	
17.77279	
17.78295	
17.79312	
17.80326	
17.81351	
17.82386	
17.83361	
17.84374	
17.85387	
17.86399	
17.87414	
17.88438	
17.89446	
17.90455	
17.91473	
17.92485	
17.93741	
17.94756	
17.95766	
17.9682	
17.97829	
17.98844	
17.99857	
18.00871	
18.01883	
18.02896	
18.03913	
18.04929	
18.0594	
18.06952	
18.07971	
18.08981	
18.09992	
18.11005	
18.12018	
18.1303	
18.14062	
18.15079	
18.16088	
18.17101	
18.18123	
18.19136	
18.20144	
18.21155	
18.22168	
18.23192	
18.24234	
18.25212	
18.2622	
18.27235	
18.28246	
18.29299	
18.30275	
18.31286	
18.32302	
18.33322	
18.34381	
18.35342	
18.36358	
18.37368	
18.38387	
18.39405	
18.40408	
18.41421	
18.42434	
18.43447	
18.44465	
18.45478	
18.46486	
18.47498	
18.48512	
18.49528	
18.50547	
18.51558	
18.52571	
18.5359	
18.54598	
18.55612	
18.56624	
18.57637	
18.5865	
18.59664	
18.60681	
18.6169	
18.62705	
18.63717	
18.64733	
18.65746	
18.66759	
18.67772	
18.68791	
18.698	
18.70811	
18.71825	
18.72838	
18.7385	
18.74864	
18.75878	
18.76891	
18.77903	
18.78918	
18.79931	
18.80947	
18.8196	
18.82974	
18.83993	
18.84999	
18.86013	
18.87025	
18.88038	
18.89051	
18.90063	
18.91083	
18.92094	
18.93106	
18.94124	
18.95141	
18.9615	
18.97162	
18.98175	
18.99194	
19.00235	
19.01238	
19.02254	
19.03261	
19.04275	
19.05288	
19.06302	
19.07324	
19.08332	
19.09343	
19.10396	
19.11369	
19.1238	
19.14334	
19.14758	
19.15773	
19.16794	
19.178	
19.18812	
19.19825	
19.20839	
19.21855	
19.22867	
19.23881	
19.24893	
19.25907	
19.26921	
19.27933	
19.28951	
19.29963	
19.30976	
19.31996	
19.33005	
19.34016	
19.3503	
19.36044	
19.37056	
19.38078	
19.39088	
19.40102	
19.41114	
19.42134	
19.43145	
19.44155	
19.45169	
19.46229	
19.472	
19.48211	
19.4922	
19.50235	
19.5126	
19.5229	
19.53272	
19.54287	
19.55299	
19.56313	
19.57335	
19.5834	
19.59358	
19.60368	
19.61396	
19.62401	
19.63409	
19.64421	
19.65439	
19.66448	
19.67466	
19.68479	
19.69486	
19.70499	
19.71513	
19.72527	
19.7354	
19.74555	
19.75568	
19.76581	
19.77601	
19.78609	
19.7962	
19.80634	
19.81658	
19.82678	
19.837	
19.84705	
19.85718	
19.86732	
19.87749	
19.88758	
19.89771	
19.90784	
19.91797	
19.92815	
19.93824	
19.95023	
19.95858	
19.96864	
19.97877	
19.9889	
19.99904	
20.00918	
20.01929	
20.02943	
20.03961	
20.04972	
20.05985	
20.06997	
20.08015	
20.09025	
20.10042	
20.11059	
20.12067	
20.13095	
20.14098	
20.1511	
20.16123	
20.17136	
20.18152	
20.19163	
20.20175	
20.21192	
20.22202	
20.23217	
20.24232	
20.25244	
20.26262	
20.27269	
20.28283	
20.29295	
20.30308	
20.31327	
20.32338	
20.33385	
20.34364	
20.35374	
20.36387	
20.374	
20.38417	
20.39426	
20.40439	
20.41458	
20.42472	
20.43525	
20.44527	
20.45542	
20.46557	
20.47566	
20.48579	
20.49598	
20.50606	
20.51618	
20.52633	
20.53645	
20.5468	
20.55675	
20.56689	
20.577	
20.58714	
20.59728	
20.60741	
20.61756	
20.62767	
20.6378	
20.64802	
20.65809	
20.66821	
20.67834	
20.68848	
20.6986	
20.70872	
20.7189	
20.72899	
20.73912	
20.74925	
20.7594	
20.76958	
20.77968	
20.78982	
20.8	
20.81007	
20.82021	
20.83036	
20.84049	
20.85061	
20.8608	
20.87094	
20.88103	
20.89116	
20.9013	
20.91144	
20.9216	
20.93171	
20.94189	
20.97023	
20.9745	
20.98471	
20.99482	
21.00526	
21.01532	
21.02549	
21.03555	
21.0457	
21.05585	
21.06601	
21.07611	
21.08625	
21.09663	
21.10652	
21.11664	
21.12682	
21.13698	
21.14711	
21.15725	
21.16742	
21.17759	
21.1877	
21.19782	
21.208	
21.21809	
21.22821	
21.23836	
21.24849	
21.25863	
21.26878	
21.2789	
21.28902	
21.29915	
21.30931	
21.31943	
21.32965	
21.33972	
21.34987	
21.36008	
21.37017	
21.38028	
21.39042	
21.40055	
21.41109	
21.4209	
21.43101	
21.44115	
21.45128	
21.46141	
21.4716	
21.48172	
21.49191	
21.50199	
21.51245	
21.52227	
21.53237	
21.54251	
21.55264	
21.56277	
21.57289	
21.58303	
21.59321	
21.60335	
21.6134	
21.62358	
21.63371	
21.64381	
21.65395	
21.66414	
21.67419	
21.68433	
21.69445	
21.70466	
21.71477	
21.72486	
21.73502	
21.74511	
21.75525	
21.76537	
21.77619	
21.78572	
21.79581	
21.80595	
21.81626	
21.8264	
21.83635	
21.84648	
21.85662	
21.86674	
21.87694	
21.88705	
21.89715	
21.90728	
21.91741	
21.92755	
21.9377	
21.9478	
21.958	
21.96818	
21.97827	
21.98838	
21.9985	
22.00863	
22.01876	
22.02892	
22.03906	
22.04917	
22.05929	
22.06942	
22.07956	
22.08975	
22.09986	
22.10997	
22.12019	
22.13024	
22.14039	
22.15051	
22.16065	
22.17094	
22.18092	
22.19111	
22.20121	
22.21134	
22.22147	
22.23164	
22.24185	
22.25194	
22.26211	
22.27225	
22.28259	
22.29249	
22.30259	
22.31271	
22.32284	
22.333	
22.34311	
22.36115	
22.36538	
22.37553	
22.38572	
22.39588	
22.40595	
22.41616	
22.42621	
22.43635	
22.44649	
22.45661	
22.46676	
22.47687	
22.48706	
22.49717	
22.50729	
22.51742	
22.52757	
22.53777	
22.54786	
22.558	
22.56819	
22.57824	
22.5884	
22.59856	
22.60868	
22.6188	
22.62894	
22.6391	
22.64922	
22.65934	
22.66947	
22.67965	
22.6898	
22.69996	
22.71007	
22.72028	
22.73033	
22.74046	
22.75061	
22.76078	
22.77088	
22.781	
22.79121	
22.8019	
22.81194	
22.82211	
22.83227	
22.84258	
22.85245	
22.86258	
22.87272	
22.88283	
22.89299	
22.90382	
22.91332	
22.92339	
22.93579	
22.94363	
22.95584	
22.96392	
22.97408	
22.98426	
22.99432	
23.00445	
23.01459	
23.03263	
23.03686	
23.04703	
23.05713	
23.06726	
23.07738	
23.08753	
23.10608	
23.11035	
23.12052	
23.13061	
23.14107	
23.15114	
23.16119	
23.17131	
23.18145	
23.1916	
23.20182	
23.21194	
23.2221	
23.23219	
23.2423	
23.25266	
23.26257	
23.27269	
23.28283	
23.29295	
23.30309	
23.32114	
23.3254	
23.33555	
23.34573	
23.35579	
23.36591	
23.37606	
23.38618	
23.39631	
23.40644	
23.41666	
23.42673	
23.43685	
23.44703	
23.45712	
23.46727	
23.47739	
23.48753	
23.49772	
23.50779	
23.51801	
23.52817	
23.53827	
23.5484	
23.55853	
23.56868	
23.5788	
23.58893	
23.59909	
23.6092	
23.61937	
23.62947	
23.6396	
23.64979	
23.65984	
23.66999	
23.68017	
23.69026	
23.70039	
23.71051	
23.72077	
23.73078	
23.74093	
23.75134	
23.76123	
23.77136	
23.78148	
23.79162	
23.80185	
23.81233	
23.82256	
23.83221	
23.84228	
23.85241	
23.86254	
23.87272	
23.8828	
23.89292	
23.9031	
23.91325	
23.9238	
23.93351	
23.94359	
23.9538	
23.96391	
23.9741	
23.98415	
23.99427	
24.00439	
24.01452	
24.03302	
24.03727	
24.04741	
24.05754	
24.06765	
24.07781	
24.08793	
24.09807	
24.10821	
24.11833	
24.1285	
24.13859	
24.14873	
24.1589	
24.16899	
24.17912	
24.18929	
24.19939	
24.20951	
24.21964	
24.2298	
24.23993	
24.25006	
24.26019	
24.27036	
24.28051	
24.29061	
24.30078	
24.3109	
24.32113	
24.33123	
24.3413	
24.35142	
24.36156	
24.37168	
24.38205	
24.39194	
24.40212	
24.4122	
24.42235	
24.4326	
24.44265	
24.45276	
24.46293	
24.47302	
24.49148	
24.49573	
24.50592	
24.51601	
24.52615	
24.53632	
24.54645	
24.55656	
24.56669	
24.57682	
24.58696	
24.59708	
24.60722	
24.61734	
24.62748	
24.63763	
24.64778	
24.65796	
24.66806	
24.67824	
24.68846	
24.69852	
24.70866	
24.71878	
24.72891	
24.73905	
24.74923	
24.75934	
24.76947	
24.7796	
24.78972	
24.79988	
24.81002	
24.8203	
24.83041	
24.84049	
24.8506	
24.86076	
24.87085	
24.88098	
24.89123	
24.90124	
24.91137	
24.92151	
24.93163	
24.94178	
24.95195	
24.97173	
24.976	
24.98612	
24.99627	
25.00639	
25.01656	
25.02666	
25.03678	
25.04692	
25.05709	
25.06721	
25.07734	
25.08747	
25.09761	
25.10774	
25.1179	
25.12799	
25.13813	
25.14828	
25.15844	
25.16861	
25.17868	
25.18881	
25.19898	
25.2091	
25.21922	
25.22935	
25.23949	
25.24962	
25.25979	
25.26993	
25.28004	
25.29016	
25.3003	
25.31046	
25.32061	
25.33088	
25.34083	
25.35119	
25.36116	
25.37125	
25.38139	
25.39151	
25.40164	
25.41179	
25.42195	
25.4321	
25.44217	
25.45258	
25.46246	
25.47263	
25.4827	
25.49283	
25.50301	
25.51311	
25.53114	
25.5354	
25.5455	
25.55563	
25.56603	
25.57611	
25.58624	
25.59638	
25.60651	
25.61668	
25.62677	
25.6369	
25.64706	
25.65716	
25.66731	
25.67742	
25.68756	
25.69769	
25.70782	
25.71797	
25.72808	
25.73821	
25.74834	
25.75849	
25.76868	
25.77876	
25.78888	
25.79905	
25.80915	
25.81941	
25.82942	
25.83957	
25.84968	
25.85981	
25.87017	
25.88007	
25.8902	
25.90032	
25.91045	
25.92065	
25.93077	
25.94086	
25.95101	
25.96346	
25.97128	
25.98152	
25.99156	
26.00169	
26.01189	
26.02235	
26.03212	
26.04221	
26.05235	
26.06248	
26.07268	
26.08276	
26.09296	
26.10303	
26.11321	
26.12335	
26.1334	
26.14358	
26.15369	
26.16382	
26.17399	
26.18408	
26.19422	
26.20434	
26.21447	
26.2247	
26.23477	
26.24486	
26.25498	
26.26511	
26.27524	
26.2854	
26.29553	
26.30564	
26.31577	
26.32591	
26.33609	
26.34623	
26.35637	
26.36651	
26.37668	
26.38681	
26.39691	
26.40844	
26.41743	
26.42763	
