21.66318	108.622325	108.620566	39.9697988	39.9680399	
21.67758	108.625396	108.620566	39.9728702	39.9680399	
21.682	108.626324	108.620566	39.9737982	39.9680399	
21.69214	108.629245	108.620566	39.9767193	39.9680399	
21.70226	108.632774	108.620566	39.980248	39.9680399	
21.71251	108.636981	108.620566	39.9844548	39.9680399	
21.72257	108.64171	108.620566	39.9891842	39.9767665	
21.73268	108.647082	108.620566	39.9945557	39.9767665	
21.74284	108.653101	108.620566	40.0005744	39.9854932	
21.75294	108.659692	108.620566	40.0071658	39.9942198	
21.7643	108.66793	108.620566	40.0154041	40.0029465	
21.77328	108.674853	108.620566	40.022327	40.0029465	
21.78343	108.683338	108.620566	40.0308121	40.0116731	
21.7935	108.692353	108.620566	40.0398268	40.0203997	
21.8036	108.70202	108.620566	40.0494939	40.0291264	
21.81375	108.712347	108.620566	40.0598213	40.037853	
21.82392	108.723315	108.620566	40.0707889	40.0465797	
21.83407	108.734883	108.620566	40.082357	40.0553063	
21.8442	108.747042	108.629293	40.0945162	40.0727596	
21.8543	108.759774	108.638019	40.1072479	40.0727596	
21.86562	108.774873	108.646746	40.1223464	40.0902129	
21.8746	108.787249	108.664199	40.1347225	40.0989396	
21.88472	108.801851	108.681653	40.1493253	40.1076662	
21.89485	108.817095	108.699106	40.1645693	40.1076662	
21.90497	108.832926	108.725286	40.1803998	40.1163929	
21.91513	108.849454	108.751466	40.1969283	40.1251195	
21.92527	108.866548	108.777646	40.2140217	40.1251195	
21.93539	108.884234	108.803826	40.2317074	40.1338461	
21.94561	108.902724	108.830006	40.2501977	40.1425728	
21.95587	108.922067	108.856185	40.2695407	40.1600261	
21.9671	108.943733	108.882365	40.2912066	40.1774794	
21.9759	108.961204	108.908545	40.3086782	40.1949327	
21.9861	108.982124	108.934725	40.3295974	40.212386	
21.9963	109.003697	108.952179	40.3511711	40.2385659	
22.00632	109.025457	108.978358	40.3729308	40.2647458	
22.01655	109.048304	108.995812	40.3957782	40.2821991	
22.02656	109.071273	109.021992	40.4187469	40.3171057	
22.03674	109.095269	109.048172	40.4427426	40.3432857	
22.04685	109.119681	109.065625	40.4671552	40.3694656	
22.05729	109.145575	109.091805	40.4930493	40.4043722	
22.06827	109.173558	109.117985	40.5210318	40.4392788	
22.07728	109.196946	109.135438	40.5444197	40.4567321	
22.08741	109.223866	109.161618	40.5713397	40.4916386	
22.09751	109.251333	109.187798	40.5988069	40.5265452	
22.10765	109.279544	109.222705	40.627018	40.5527252	
22.11776	109.308285	109.248885	40.6557585	40.5789051	
22.12796	109.33789	109.275064	40.6853644	40.6138117	
22.13811	109.367968	109.309971	40.7154414	40.6399916	
22.14817	109.398385	109.336151	40.745859	40.6661716	
22.15864	109.430742	109.379784	40.7782156	40.7010782	
22.1701	109.466966	109.414691	40.8144395	40.7359847	
22.17858	109.494123	109.449597	40.8415966	40.753438	
22.18872	109.527239	109.484504	40.8747128	40.7883446	
22.19883	109.560879	109.519411	40.908353	40.8145246	
22.20891	109.595021	109.554317	40.9424948	40.8407045	
22.21909	109.630165	109.589224	40.9776389	40.8756111	
22.2292	109.665629	109.62413	41.013103	40.9105177	
22.23938	109.70201	109.659037	41.0494835	40.9366976	
22.25729	109.768278	109.720123	41.1157522	40.9977841	
22.26164	109.784331	109.737577	41.1318045	41.0152374	
22.27257	109.825596	109.78121	41.1730699	41.050144	
22.2827	109.864396	109.816117	41.21187	41.0937772	
22.29315	109.905111	109.851023	41.2525848	41.1374105	
22.30296	109.943852	109.894656	41.2913254	41.1810437	
22.31306	109.984375	109.929563	41.3318484	41.2246769	
22.32322	110.025797	109.973196	41.3732706	41.2683102	
22.33334	110.067653	110.016829	41.4151268	41.3119434	
22.34348	110.11018	110.060463	41.4576535	41.3643033	
22.35385	110.154371	110.095369	41.5018449	41.4079365	
22.36388	110.197664	110.139002	41.5451383	41.4515697	
22.37438	110.243708	110.191362	41.5911818	41.5039296	
22.38441	110.288245	110.234996	41.6357193	41.5562895	
22.39448	110.333565	110.287355	41.6810393	41.6086494	
22.4046	110.379712	110.330989	41.7271861	41.6522826	
22.41469	110.426397	110.383349	41.7738712	41.6959158	
22.42488	110.474105	110.426982	41.8215789	41.7482757	
22.43499	110.522072	110.479342	41.869546	41.8006356	
22.44512	110.570785	110.531702	41.9182585	41.8529955	
22.45528	110.620203	110.584061	41.9676767	41.8966287	
22.46534	110.669778	110.627695	42.0172519	41.9489886	
22.47558	110.720865	110.680055	42.0683386	42.0013484	
22.48569	110.771933	110.732414	42.1194067	42.0537083	
22.49585	110.823812	110.793501	42.1712862	42.0973416	
22.50604	110.876531	110.837134	42.2240051	42.1584281	
22.51613	110.929368	110.898221	42.2768417	42.210788	
22.52623	110.98279	110.950581	42.3302634	42.2631478	
22.53648	111.037639	111.00294	42.3851132	42.3242344	
22.54655	111.092205	111.0553	42.4396786	42.3765942	
22.55672	111.147892	111.116387	42.4953654	42.4289541	
22.56717	111.205764	111.168747	42.5532382	42.481314	
22.57698	111.260679	111.229833	42.6081526	42.5424005	
22.58712	111.31805	111.282193	42.6655239	42.5947604	
22.5973	111.376271	111.34328	42.7237445	42.6558469	
22.60741	111.434649	111.39564	42.7821231	42.7082068	
22.61882	111.501455	111.456726	42.8489287	42.7692933	
22.62766	111.553592	111.517813	42.9010662	42.8303798	
22.63924	111.623603	111.578899	42.9710769	42.8827397	
22.65806	111.737803	111.701072	43.0852772	42.9961861	
22.66242	111.764305	111.735979	43.1117788	43.0223661	
22.67334	111.831801	111.788339	43.1792753	43.0747259	
22.68274	111.890333	111.849425	43.2378067	43.1358125	
22.69308	111.955454	111.910512	43.3029277	43.196899	
22.70313	112.019302	111.980325	43.3667762	43.2579855	
22.71316	112.083562	112.041411	43.4310355	43.319072	
22.72329	112.149159	112.102498	43.4966324	43.3888852	
22.73418	112.220479	112.172311	43.5679531	43.4586984	
22.74363	112.282728	112.233398	43.6302017	43.5285115	
22.75379	112.350379	112.303211	43.6978533	43.5983247	
22.76385	112.417956	112.373024	43.7654297	43.6681379	
22.7746	112.490986	112.43411	43.8384604	43.7379511	
22.78421	112.556646	112.503924	43.9041199	43.8164909	
22.7943	112.626206	112.573737	43.9736794	43.8950307	
22.80442	112.696713	112.64355	44.0441871	43.9648439	
22.8145	112.767502	112.713363	44.1149759	44.0521103	
22.82472	112.839919	112.791903	44.1873932	44.1219235	
22.83488	112.912486	112.870443	44.25996	44.2004633	
22.845	112.98538	112.940256	44.3328539	44.2790031	
22.85521	113.059587	113.018796	44.4070609	44.3575429	
22.87589	113.213115	113.167149	44.5605886	44.5058959	
22.88032	113.24586	113.202055	44.5933334	44.5495292	
22.89079	113.324215	113.280595	44.6716888	44.628069	
22.90051	113.397413	113.359135	44.7448874	44.6978821	
22.91063	113.47436	113.437675	44.821834	44.776422	
22.92082	113.552403	113.516215	44.8998765	44.8549618	
22.93097	113.630771	113.594754	44.9782449	44.9247749	
22.94108	113.70945	113.673294	45.0569244	45.0033148	
22.95125	113.789188	113.751834	45.1366615	45.0818546	
22.96134	113.868921	113.830374	45.2163953	45.1516677	
22.97146	113.949524	113.908914	45.2969976	45.2302076	
22.98169	114.031625	113.987453	45.3790991	45.3087474	
22.99182	114.113627	114.07472	45.4611008	45.3785606	
23.00204	114.196831	114.15326	45.5443044	45.465827	
23.01207	114.279125	114.2318	45.6265984	45.5356402	
23.02218	114.362682	114.319066	45.710156	45.6229066	
23.03236	114.447535	114.397606	45.7950084	45.7014465	
23.04247	114.532297	114.484872	45.879771	45.7799863	
23.05262	114.618074	114.563412	45.9655475	45.8672527	
23.06274	114.704245	114.641952	46.0517184	45.9370659	
23.07374	114.798687	114.737945	46.1461612	46.033059	
23.08395	114.886901	114.825211	46.2343752	46.1115988	
23.10219	115.046861	114.912478	46.3943347	46.2686785	
23.10654	115.08491	115.017198	46.4323839	46.3035851	
23.11667	115.17449	115.095738	46.5219641	46.3908515	
23.12712	115.267438	115.191731	46.6149121	46.478118	
23.13694	115.355421	115.278997	46.7028946	46.5653844	
23.14704	115.446477	115.37499	46.7939513	46.6613776	
23.15821	115.548013	115.470983	46.8954865	46.748644	
23.16754	115.633206	115.55825	46.9806796	46.8446371	
23.17746	115.72449	115.645516	47.071964	46.9406302	
23.18801	115.822268	115.750236	47.1697415	47.04535	
23.19786	115.914084	115.837502	47.2615582	47.1326165	
23.20786	116.007828	115.942222	47.3553018	47.2286096	
23.22601	116.180655	116.116755	47.5281291	47.4031425	
23.23039	116.22219	116.160388	47.5696641	47.4555024	
23.24064	116.32035	116.256381	47.6678234	47.5514955	
23.25071	116.417407	116.361101	47.7648805	47.6474886	
23.26082	116.515532	116.457094	47.8630061	47.7522083	
23.27093	116.614173	116.561814	47.9616471	47.8569281	
23.28216	116.724689	116.666534	48.072163	47.9616478	
23.29124	116.814295	116.762527	48.1617692	48.0663676	
23.30141	116.915413	116.867247	48.2628868	48.1710874	
23.31154	117.016757	116.971966	48.3642311	48.2758071	
23.32162	117.118209	117.076686	48.4656833	48.3805269	
23.33182	117.221559	117.181406	48.5690326	48.4939733	
23.34194	117.324598	117.286126	48.6720714	48.6074197	
23.35209	117.428633	117.390845	48.7761067	48.7121394	
23.36225	117.533328	117.495565	48.8808019	48.8255858	
23.37232	117.637722	117.600285	48.9851955	48.9303056	
23.38375	117.757174	117.705005	49.1046475	49.043752	
23.39271	117.851082	117.809725	49.1985559	49.1484717	
23.40282	117.95771	117.923171	49.3051835	49.2531915	
23.41295	118.065314	118.027891	49.4127876	49.3579112	
23.42307	118.173319	118.13261	49.5207932	49.4713576	
23.43324	118.282426	118.246057	49.6299003	49.584804	
23.44335	118.391598	118.350777	49.7390721	49.6895238	
23.45349	118.501603	118.464223	49.8490765	49.7942436	
23.46362	118.612278	118.577669	49.9597519	49.8989633	
23.47374	118.721529	118.682389	50.0690028	50.0036831	
23.48664	118.859724	118.795836	50.2071982	50.1084028	
23.49407	118.939129	118.900555	50.2866031	50.2131226	
23.50418	119.04644	119.005275	50.393914	50.326569	
23.51435	119.153816	119.118721	50.50129	50.4400154	
23.52444	119.259633	119.223441	50.6071066	50.5447351	
23.53459	119.365655	119.328161	50.7131288	50.6494549	
23.5544	119.56958	119.546327	50.9170541	50.8588944	
23.55877	119.614503	119.58996	50.9619765	50.9112543	
23.56892	119.718349	119.69468	51.0658232	51.015974	
23.57906	119.821587	119.7994	51.1690607	51.1294204	
23.59824	120.014069	120.008839	51.3615432	51.3301333	
23.60266	120.058432	120.052473	51.4059063	51.3824932	
23.61277	120.159279	120.157192	51.5067525	51.4872129	
23.6229	120.259658	120.270639	51.6071317	51.5919327	
23.633	120.359187	120.375359	51.7066606	51.6966524	
23.64318	120.458898	120.480078	51.8063723	51.8013722	
23.65329	120.557361	120.584798	51.9048348	51.8973653	
23.66351	120.656158	120.680791	52.0036316	51.9933584	
23.67359	120.7531	120.776784	52.1005738	52.0980782	
23.68369	120.84963	120.881504	52.1971042	52.1853446	
23.69392	120.946714	120.96877	52.2941882	52.2813377	
23.7047	121.0484	121.064764	52.3958739	52.3773309	
23.71422	121.13764	121.160757	52.4851142	52.4645973	
23.72433	121.231745	121.248023	52.5792187	52.5605904	
23.73444	121.325292	121.344016	52.672766	52.6478569	
23.7454	121.426124	121.440009	52.7735974	52.74385	
23.75558	121.519027	121.527276	52.8665004	52.8311165	
23.7657	121.610734	121.614542	52.9582081	52.9183829	
23.77576	121.701472	121.701809	53.0489462	53.0056494	
23.786	121.793091	121.789075	53.1405651	53.0929158	
23.79614	121.883238	121.867615	53.2307116	53.188909	
23.80624	121.972489	121.963608	53.3199625	53.2674488	
23.81638	122.061319	122.042148	53.4087926	53.3547152	
23.82649	122.149457	122.129414	53.496931	53.4419817	
23.83677	122.238344	122.207954	53.5858175	53.5292482	
23.84676	122.32415	122.295221	53.6716239	53.607788	
23.8569	122.410668	122.382487	53.758142	53.6950544	
23.867	122.496236	122.461027	53.8437095	53.7735943	
23.87709	122.581143	122.548293	53.9286167	53.8608607	
23.88737	122.667027	122.626833	54.014501	53.9306739	
23.89744	122.750467	122.705373	54.0979405	54.0179403	
23.90752	122.833464	122.801366	54.1809376	54.1052068	
23.91772	122.916839	122.879906	54.2643133	54.1924733	
23.92782	122.998727	122.967172	54.3462006	54.2797397	
23.94628	123.146088	123.045712	54.4935614	54.4280927	
23.95063	123.180893	123.150432	54.5283664	54.471726	
23.96081	123.261479	123.237698	54.6089528	54.5589924	
23.97085	123.34039	123.324965	54.6878643	54.6462589	
23.98099	123.419471	123.412231	54.766945	54.7247987	
23.99236	123.507373	123.499498	54.854847	54.8120652	
24.00133	123.576261	123.578038	54.9237352	54.8993316	
24.01195	123.657172	123.674031	55.0046455	54.9865981	
24.02189	123.732228	123.752571	55.0797023	55.0651379	
24.032	123.808091	123.83111	55.1555645	55.1524044	
24.0422	123.88396	123.90965	55.231434	55.2309442	
24.0523	123.958466	123.98819	55.3059401	55.309484	
24.06243	124.032618	124.06673	55.380092	55.3880238	
24.07263	124.106718	124.14527	55.454192	55.4665636	
24.08266	124.178896	124.215083	55.5263702	55.5363768	
24.09388	124.258991	124.284896	55.6064653	55.60619	
24.10298	124.323466	124.354709	55.6709398	55.6760031	
24.11313	124.394679	124.424522	55.7421528	55.7458163	
24.12326	124.465197	124.494336	55.8126713	55.8156295	
24.13447	124.542542	124.564149	55.8900158	55.8941693	
24.14357	124.604782	124.633962	55.9522563	55.9552558	
24.15365	124.673193	124.695048	56.0206669	56.025069	
24.16375	124.741052	124.756135	56.0885261	56.0861555	
24.1741	124.810028	124.825948	56.1575022	56.147242	
24.18416	124.87646	124.887035	56.2239336	56.2170552	
24.19521	124.948718	124.956848	56.2961922	56.2781417	
24.20469	125.010192	125.017934	56.3576657	56.3392283	
24.21446	125.072958	125.079021	56.4204319	56.4003148	
24.22469	125.138115	125.140107	56.4855893	56.4614013	
24.23469	125.201141	125.192467	56.5486144	56.5224878	
24.24487	125.26475	125.253554	56.6122236	56.5835743	
24.25499	125.32739	125.31464	56.6748643	56.6533875	
24.26514	125.389563	125.375727	56.7370365	56.714474	
24.27523	125.450832	125.436813	56.7983058	56.7755606	
24.28534	125.511598	125.489173	56.8590719	56.8279204	
24.29665	125.578792	125.55026	56.9262655	56.8977336	
24.30568	125.632001	125.611346	56.9794745	56.9588201	
24.31581	125.691042	125.663706	57.0385154	57.0199067	
24.32601	125.749936	125.724793	57.0974099	57.0722665	
24.33608	125.807455	125.785879	57.1549293	57.1333531	
24.34628	125.865071	125.846966	57.2125446	57.1944396	
24.35631	125.921202	125.908052	57.268676	57.2467995	
24.36647	125.977457	125.960412	57.3249311	57.307886	
24.37673	126.033608	126.021499	57.381082	57.3602459	
24.38711	126.089792	126.082585	57.4372662	57.4213324	
24.39793	126.147706	126.134945	57.4951801	57.4736923	
24.40739	126.19774	126.196032	57.5452139	57.5260521	
24.41743	126.250354	126.257118	57.597828	57.5871387	
24.42758	126.302882	126.309478	57.6503554	57.6394985	
24.43767	126.35453	126.361838	57.7020043	57.6918584	
24.44782	126.405867	126.414198	57.7533411	57.7442183	
24.45805	126.45701	126.466558	57.8044834	57.7965782	
24.46939	126.512941	126.518917	57.8604145	57.8402114	
24.47825	126.556133	126.571277	57.9036072	57.8925713	
24.48836	126.604914	126.623637	57.9523874	57.9449312	
24.49919	126.656457	126.675997	58.0039309	57.997291	
24.50864	126.700879	126.71963	58.048353	58.0409243	
24.51872	126.747683	126.763264	58.0951566	58.0845575	
24.52895	126.794618	126.806897	58.142092	58.1281907	
24.53897	126.839966	126.85053	58.1874402	58.171824	
24.54921	126.885697	126.885437	58.2331713	58.2154572	
24.55931	126.930196	126.92907	58.2776698	58.2503638	
24.57743	127.007766	127.00761	58.3552397	58.320177	
24.58181	127.02655	127.025063	58.3740243	58.3376302	
24.59189	127.069088	127.05997	58.4165623	58.3812635	
24.60323	127.116123	127.103603	58.4635973	58.4161701	
24.61447	127.162057	127.138509	58.5095309	58.4598033	
24.63372	127.238069	127.217049	58.5855427	58.5383431	
24.63813	127.255528	127.234502	58.6030023	58.5470698	
24.6486	127.296247	127.269409	58.6437207	58.590703	
24.66991	127.375836	127.356676	58.7233104	58.6605162	
24.68009	127.413549	127.391582	58.7610233	58.7041494	
24.69032	127.450881	127.435215	58.798355	58.739056	
24.70089	127.488765	127.478849	58.8362387	58.7739626	
24.71056	127.522914	127.513755	58.8703882	58.8088691	
24.72087	127.558668	127.548662	58.9061422	58.8525024	
24.73941	127.620615	127.583568	58.968089	58.9135889	
24.74401	127.636048	127.627202	58.9835221	58.9310422	
24.75425	127.669597	127.662108	59.0170705	58.9659488	
24.76442	127.702358	127.697015	59.0498318	59.0008554	
24.77459	127.734524	127.731921	59.0819983	59.0357619	
24.7849	127.766482	127.758101	59.113956	59.0706685	
24.79501	127.797287	127.793008	59.1447607	59.1055751	
24.80519	127.827673	127.827914	59.1751464	59.1317551	
24.81545	127.858095	127.862821	59.2055688	59.1666616	
24.82564	127.886928	127.897728	59.2344019	59.2015682	
24.83577	127.915401	127.923908	59.2628752	59.2277482	
24.84604	127.943666	127.950087	59.2911404	59.2539281	
24.85619	127.971019	127.984994	59.3184929	59.2888347	
24.86647	127.998107	128.002447	59.3455809	59.306288	
24.87676	128.024625	128.028627	59.372099	59.3411946	
24.88701	128.050438	128.054807	59.3979118	59.3673745	
24.89742	128.076028	128.072261	59.4235016	59.3848278	
24.90727	128.09971	128.09844	59.4471838	59.4110077	
24.91746	128.123604	128.115894	59.4710775	59.428461	
24.92774	128.147118	128.133347	59.4945919	59.4459143	
24.93788	128.169736	128.1508	59.5172099	59.4720943	
24.95631	128.208486	128.17698	59.55596	59.5070008	
24.9609	128.218178	128.20316	59.5656518	59.5157275	
24.97111	128.239042	128.220613	59.5865158	59.5331808	
24.98123	128.259143	128.238067	59.6066169	59.5506341	
24.99164	128.279192	128.25552	59.6266663	59.5680874	
25.0021	128.298741	128.2817	59.6462145	59.5855407	
25.01718	128.325419	128.299153	59.6728925	59.6117206	
25.02169	128.333421	128.316607	59.6808951	59.6204472	
25.0319	128.350812	128.325333	59.698286	59.6379005	
25.04207	128.367552	128.351513	59.7150263	59.6553538	
25.05216	128.383594	128.36024	59.7310677	59.6640805	
25.06234	128.399213	128.377693	59.7466869	59.6815338	
25.07246	128.414178	128.38642	59.7616516	59.6902604	
25.08257	128.428564	128.395146	59.7760379	59.7077137	
25.09266	128.442365	128.4126	59.7898391	59.7164404	
25.10403	128.457184	128.421326	59.8046582	59.725167	
25.11983	128.476218	128.43878	59.8236918	59.7513469	
25.12999	128.48805	128.447506	59.8355235	59.7600736	
25.14015	128.499333	128.456233	59.8468072	59.7775269	
25.15033	128.510094	128.46496	59.8575682	59.7949802	
25.16045	128.520241	128.473686	59.8677147	59.8037068	
25.17062	128.529902	128.482413	59.8773764	59.8124335	
25.18077	128.538997	128.49114	59.8864708	59.8298868	
25.19096	128.547588	128.499866	59.8950623	59.8386134	
25.20113	128.555632	128.508593	59.9031056	59.8473401	
25.21131	128.563147	128.517319	59.9106212	59.8560667	
25.22148	128.570133	128.526046	59.9176064	59.8647933	
25.23171	128.576632	128.534773	59.9241059	59.8647933	
25.24185	128.582572	128.543499	59.9300458	59.8647933	
25.252	128.588012	128.552226	59.9354857	59.87352	
25.26222	128.592988	128.560953	59.940462	59.87352	
25.27235	128.59744	128.560953	59.9449139	59.87352	
25.28256	128.601449	128.569679	59.9489226	59.87352	
25.29273	128.604977	128.578406	59.9524511	59.87352	
25.3029	128.608058	128.587133	59.9555324	59.87352	
25.31314	128.610726	128.587133	59.9581998	59.87352	
25.32324	128.612956	128.587133	59.9604297	59.87352	
25.33344	128.614819	128.587133	59.9622927	59.87352	
25.34365	128.620566	128.587133	59.9680399	59.87352	
25.35383	128.620566	128.587133	59.9680399	59.87352	
25.36396	128.620566	128.587133	59.9680399	59.87352	
25.37414	128.620566	128.587133	59.9680399	59.87352	
25.38433	128.620566	128.587133	59.9680399	59.87352	
25.39453	128.620566	128.587133	59.9680399	59.87352	
25.40503	128.620566	128.587133	59.9680399	59.87352	
25.41511	128.620566	128.587133	59.9680399	59.87352	
25.42512	128.620566	128.587133	59.9680399	59.87352	
25.43532	128.620566	128.587133	59.9680399	59.87352	
25.44559	128.620566	128.587133	59.9680399	59.87352	
25.45574	128.620566	128.587133	59.9680399	59.87352	
25.46587	128.620566	128.587133	59.9680399	59.87352	
25.47606	128.620566	128.587133	59.9680399	59.87352	
25.48628	128.620566	128.587133	59.9680399	59.87352	
25.49642	128.620566	128.587133	59.9680399	59.87352	
25.50713	128.620566	128.587133	59.9680399	59.87352	
25.51679	128.620566	128.587133	59.9680399	59.87352	
25.52697	128.620566	128.587133	59.9680399	59.87352	
25.53716	128.620566	128.587133	59.9680399	59.87352	
25.54807	128.620566	128.587133	59.9680399	59.87352	
25.55749	128.620566	128.587133	59.9680399	59.87352	
25.56772	128.620566	128.587133	59.9680399	59.87352	
25.57786	128.620566	128.587133	59.9680399	59.87352	
25.58812	128.620566	128.587133	59.9680399	59.87352	
25.59829	128.620566	128.587133	59.9680399	59.87352	
25.60962	128.620566	128.587133	59.9680399	59.87352	
25.6186	128.620566	128.587133	59.9680399	59.87352	
25.62877	128.620566	128.587133	59.9680399	59.87352	
25.63895	128.620566	128.587133	59.9680399	59.87352	
25.64915	128.620566	128.587133	59.9680399	59.87352	
25.6596	128.620566	128.587133	59.9680399	59.87352	
25.66973	128.620566	128.587133	59.9680399	59.87352	
25.6799	128.620566	128.587133	59.9680399	59.87352	
25.69008	128.620566	128.587133	59.9680399	59.87352	
25.7002	128.620566	128.587133	59.9680399	59.87352	
25.71126	128.620566	128.587133	59.9680399	59.87352	
25.72142	128.620566	128.587133	59.9680399	59.87352	
25.73159	128.620566	128.587133	59.9680399	59.87352	
25.74176	128.620566	128.587133	59.9680399	59.87352	
25.75192	128.620566	128.587133	59.9680399	59.87352	
25.76209	128.620566	128.587133	59.9680399	59.87352	
25.77226	128.620566	128.587133	59.9680399	59.87352	
25.78244	128.620566	128.587133	59.9680399	59.87352	
25.79262	128.620566	128.587133	59.9680399	59.87352	
25.80277	128.620566	128.587133	59.9680399	59.87352	
25.81296	128.620566	128.587133	59.9680399	59.87352	
25.82314	128.620566	128.587133	59.9680399	59.87352	
25.83333	128.620566	128.587133	59.9680399	59.87352	
25.84351	128.620566	128.587133	59.9680399	59.87352	
25.85365	128.620566	128.587133	59.9680399	59.87352	
25.86386	128.620566	128.587133	59.9680399	59.87352	
25.87403	128.620566	128.587133	59.9680399	59.87352	
25.88421	128.620566	128.587133	59.9680399	59.87352	
25.8944	128.620566	128.587133	59.9680399	59.87352	
25.90455	128.620566	128.587133	59.9680399	59.87352	
25.91474	128.620566	128.587133	59.9680399	59.87352	
25.92495	128.620566	128.587133	59.9680399	59.87352	
25.9351	128.620566	128.587133	59.9680399	59.87352	
25.9453	128.620566	128.587133	59.9680399	59.87352	
25.95543	128.620566	128.587133	59.9680399	59.87352	
25.96562	128.620566	128.587133	59.9680399	59.87352	
25.97581	128.620566	128.587133	59.9680399	59.87352	
25.98598	128.620566	128.587133	59.9680399	59.87352	
25.99616	128.620566	128.587133	59.9680399	59.87352	
26.00632	128.620566	128.587133	59.9680399	59.87352	
26.01654	128.620566	128.587133	59.9680399	59.87352	
26.02677	128.620566	128.587133	59.9680399	59.87352	
26.03695	128.620566	128.587133	59.9680399	59.87352	
26.04705	128.620566	128.587133	59.9680399	59.87352	
26.05743	128.620566	128.587133	59.9680399	59.87352	
26.06743	128.620566	128.587133	59.9680399	59.87352	
26.07758	128.620566	128.587133	59.9680399	59.87352	
26.08781	128.620566	128.587133	59.9680399	59.87352	
26.09801	128.620566	128.587133	59.9680399	59.87352	
26.10843	128.620566	128.587133	59.9680399	59.87352	
26.11836	128.620566	128.587133	59.9680399	59.87352	
26.12848	128.620566	128.587133	59.9680399	59.87352	
26.13866	128.620566	128.587133	59.9680399	59.87352	
26.14884	128.620566	128.587133	59.9680399	59.87352	
26.15903	128.620566	128.587133	59.9680399	59.87352	
26.16923	128.620566	128.587133	59.9680399	59.87352	
26.17939	128.620566	128.587133	59.9680399	59.87352	
26.19769	128.620566	128.587133	59.9680399	59.87352	
26.20221	128.620566	128.587133	59.9680399	59.87352	
26.21259	128.620566	128.587133	59.9680399	59.87352	
26.22259	128.620566	128.587133	59.9680399	59.87352	
26.2328	128.620566	128.587133	59.9680399	59.87352	
26.24292	128.620566	128.587133	59.9680399	59.87352	
26.25309	128.620566	128.587133	59.9680399	59.87352	
26.26329	128.620566	128.587133	59.9680399	59.87352	
26.27347	128.620566	128.587133	59.9680399	59.87352	
26.28364	128.620566	128.587133	59.9680399	59.87352	
26.29379	128.620566	128.587133	59.9680399	59.87352	
26.30396	128.620566	128.587133	59.9680399	59.87352	
26.31445	128.620566	128.587133	59.9680399	59.87352	
26.32459	128.620566	128.587133	59.9680399	59.87352	
26.33476	128.620566	128.587133	59.9680399	59.87352	
26.34501	128.620566	128.587133	59.9680399	59.87352	
26.35509	128.620566	128.587133	59.9680399	59.87352	
26.36528	128.620566	128.587133	59.9680399	59.87352	
26.37558	128.620566	128.587133	59.9680399	59.87352	
26.38582	128.620566	128.587133	59.9680399	59.87352	
26.39582	128.620566	128.587133	59.9680399	59.87352	
26.40601	128.620566	128.587133	59.9680399	59.87352	
26.4162	128.620566	128.587133	59.9680399	59.87352	
26.43456	128.620566	128.587133	59.9680399	59.87352	
26.43962	128.620566	128.587133	59.9680399	59.87352	
26.44974	128.620566	128.587133	59.9680399	59.87352	
26.46003	128.620566	128.587133	59.9680399	59.87352	
26.47037	128.620566	128.587133	59.9680399	59.87352	
26.48035	128.620566	128.587133	59.9680399	59.87352	
26.49058	128.620566	128.587133	59.9680399	59.87352	
26.50073	128.620566	128.587133	59.9680399	59.87352	
26.51144	128.620566	128.587133	59.9680399	59.87352	
26.52946	128.620566	128.587133	59.9680399	59.87352	
26.53397	128.620566	128.587133	59.9680399	59.87352	
26.54408	128.620566	128.587133	59.9680399	59.87352	
26.55454	128.620566	128.587133	59.9680399	59.87352	
26.56462	128.620566	128.587133	59.9680399	59.87352	
26.57477	128.620566	128.587133	59.9680399	59.87352	
26.58496	128.620566	128.587133	59.9680399	59.87352	
26.59505	128.620566	128.587133	59.9680399	59.87352	
26.60514	128.620566	128.587133	59.9680399	59.87352	
26.62605	128.620566	128.587133	59.9680399	59.87352	
26.64434	128.620566	128.587133	59.9680399	59.87352	
26.64895	128.620566	128.587133	59.9680399	59.87352	
26.65895	128.620566	128.587133	59.9680399	59.87352	
26.66904	128.620566	128.587133	59.9680399	59.87352	
26.67938	128.620566	128.587133	59.9680399	59.87352	
26.68949	128.620566	128.587133	59.9680399	59.87352	
26.70735	128.620566	128.587133	59.9680399	59.87352	
26.71171	128.620566	128.587133	59.9680399	59.87352	
26.72187	128.620566	128.587133	59.9680399	59.87352	
26.73202	128.620566	128.587133	59.9680399	59.87352	
26.74219	128.620566	128.587133	59.9680399	59.87352	
26.7523	128.620566	128.587133	59.9680399	59.87352	
26.76248	128.620566	128.587133	59.9680399	59.87352	
26.77253	128.620566	128.587133	59.9680399	59.87352	
26.78554	128.620566	128.587133	59.9680399	59.87352	
26.79557	128.620566	128.587133	59.9680399	59.87352	
26.80588	128.620566	128.587133	59.9680399	59.87352	
26.81709	128.620566	128.587133	59.9680399	59.87352	
26.8263	128.620566	128.587133	59.9680399	59.87352	
26.83608	128.620566	128.587133	59.9680399	59.87352	
26.8462	128.620566	128.587133	59.9680399	59.87352	
26.8563	128.620566	128.587133	59.9680399	59.87352	
26.86651	128.620566	128.587133	59.9680399	59.87352	
26.8768	128.620566	128.587133	59.9680399	59.87352	
26.88699	128.620566	128.587133	59.9680399	59.87352	
26.89721	128.620566	128.587133	59.9680399	59.87352	
26.90874	128.620566	128.587133	59.9680399	59.87352	
26.91858	128.620566	128.587133	59.9680399	59.87352	
26.92774	128.620566	128.587133	59.9680399	59.87352	
26.93787	128.620566	128.587133	59.9680399	59.87352	
26.94811	128.620566	128.587133	59.9680399	59.87352	
26.95825	128.620566	128.587133	59.9680399	59.87352	
26.96856	128.620566	128.587133	59.9680399	59.87352	
26.97863	128.620566	128.587133	59.9680399	59.87352	
26.9889	128.620566	128.587133	59.9680399	59.87352	
26.99897	128.620566	128.587133	59.9680399	59.87352	
27.00918	128.620566	128.587133	59.9680399	59.87352	
27.01987	128.620566	128.587133	59.9680399	59.87352	
27.03004	128.620566	128.587133	59.9680399	59.87352	
27.0402	128.620566	128.587133	59.9680399	59.87352	
27.05043	128.620566	128.587133	59.9680399	59.87352	
27.06052	128.620566	128.587133	59.9680399	59.87352	
27.07067	128.620566	128.587133	59.9680399	59.87352	
27.0809	128.620566	128.587133	59.9680399	59.87352	
27.09103	128.620566	128.587133	59.9680399	59.87352	
27.10118	128.620566	128.587133	59.9680399	59.87352	
27.11136	128.620566	128.587133	59.9680399	59.87352	
27.12153	128.620566	128.587133	59.9680399	59.87352	
27.13171	128.620566	128.587133	59.9680399	59.87352	
27.14189	128.620566	128.587133	59.9680399	59.87352	
27.16018	128.620566	128.587133	59.9680399	59.87352	
27.16469	128.620566	128.587133	59.9680399	59.87352	
27.17489	128.620566	128.587133	59.9680399	59.87352	
27.18515	128.620566	128.587133	59.9680399	59.87352	
27.1953	128.620566	128.587133	59.9680399	59.87352	
27.20557	128.620566	128.587133	59.9680399	59.87352	
27.21571	128.620566	128.587133	59.9680399	59.87352	
27.22594	128.620566	128.587133	59.9680399	59.87352	
27.23607	128.620566	128.587133	59.9680399	59.87352	
27.2461	128.620566	128.587133	59.9680399	59.87352	
27.25621	128.620566	128.587133	59.9680399	59.87352	
27.26641	128.620566	128.587133	59.9680399	59.87352	
27.27648	128.620566	128.587133	59.9680399	59.87352	
27.28678	128.620566	128.587133	59.9680399	59.87352	
27.29687	128.620566	128.587133	59.9680399	59.87352	
27.30691	128.620566	128.587133	59.9680399	59.87352	
27.318	128.620566	128.587133	59.9680399	59.87352	
27.32723	128.620566	128.587133	59.9680399	59.87352	
27.33985	128.620566	128.587133	59.9680399	59.87352	
27.35005	128.620566	128.587133	59.9680399	59.87352	
27.36028	128.620566	128.587133	59.9680399	59.87352	
27.37055	128.620566	128.587133	59.9680399	59.87352	
27.38072	128.620566	128.587133	59.9680399	59.87352	
27.39089	128.620566	128.587133	59.9680399	59.87352	
27.40089	128.620566	128.587133	59.9680399	59.87352	
27.41155	128.620566	128.587133	59.9680399	59.87352	
27.4221	128.620566	128.587133	59.9680399	59.87352	
27.43125	128.620566	128.587133	59.9680399	59.87352	
27.44137	128.620566	128.587133	59.9680399	59.87352	
27.4515	128.620566	128.587133	59.9680399	59.87352	
27.4616	128.620566	128.587133	59.9680399	59.87352	
27.4718	128.620566	128.587133	59.9680399	59.87352	
27.48195	128.620566	128.587133	59.9680399	59.87352	
27.4921	128.620566	128.587133	59.9680399	59.87352	
27.50222	128.620566	128.587133	59.9680399	59.87352	
27.51236	128.620566	128.587133	59.9680399	59.87352	
27.52342	128.620566	128.587133	59.9680399	59.87352	
27.5331	128.620566	128.587133	59.9680399	59.87352	
27.54276	128.620566	128.587133	59.9680399	59.87352	
27.555	128.620566	128.587133	59.9680399	59.87352	
27.56302	128.620566	128.587133	59.9680399	59.87352	
27.57315	128.620566	128.587133	59.9680399	59.87352	
27.58328	128.620566	128.587133	59.9680399	59.87352	
27.59345	128.620566	128.587133	59.9680399	59.87352	
27.60358	128.620566	128.587133	59.9680399	59.87352	
27.61366	128.620566	128.587133	59.9680399	59.87352	
27.62478	128.620566	128.587133	59.9680399	59.87352	
27.634	128.620566	128.587133	59.9680399	59.87352	
27.64412	128.620566	128.587133	59.9680399	59.87352	
27.65419	128.620566	128.587133	59.9680399	59.87352	
27.66433	128.620566	128.587133	59.9680399	59.87352	
27.67456	128.620566	128.587133	59.9680399	59.87352	
27.6927	128.620566	128.587133	59.9680399	59.87352	
27.69713	128.620566	128.587133	59.9680399	59.87352	
27.70719	128.620566	128.587133	59.9680399	59.87352	
27.71737	128.620566	128.587133	59.9680399	59.87352	
27.72756	128.620566	128.587133	59.9680399	59.87352	
27.73767	128.620566	128.587133	59.9680399	59.87352	
27.74778	128.620566	128.587133	59.9680399	59.87352	
27.75793	128.620566	128.587133	59.9680399	59.87352	
27.77622	128.620566	128.587133	59.9680399	59.87352	
27.7806	128.620566	128.587133	59.9680399	59.87352	
27.79073	128.620566	128.587133	59.9680399	59.87352	
27.80094	128.620566	128.587133	59.9680399	59.87352	
27.81098	128.620566	128.587133	59.9680399	59.87352	
27.82113	128.620566	128.587133	59.9680399	59.87352	
27.83136	128.620566	128.587133	59.9680399	59.87352	
27.84149	128.620566	128.587133	59.9680399	59.87352	
27.85207	128.620566	128.587133	59.9680399	59.87352	
27.86177	128.620566	128.587133	59.9680399	59.87352	
27.87194	128.620566	128.587133	59.9680399	59.87352	
27.882	128.620566	128.587133	59.9680399	59.87352	
27.89216	128.620566	128.587133	59.9680399	59.87352	
27.90267	128.620566	128.587133	59.9680399	59.87352	
27.91243	128.620566	128.587133	59.9680399	59.87352	
27.92261	128.620566	128.587133	59.9680399	59.87352	
27.93323	128.620566	128.587133	59.9680399	59.87352	
27.94296	128.620566	128.587133	59.9680399	59.87352	
27.95315	128.620566	128.587133	59.9680399	59.87352	
27.96318	128.620566	128.587133	59.9680399	59.87352	
27.97332	128.620566	128.587133	59.9680399	59.87352	
27.98347	128.620566	128.587133	59.9680399	59.87352	
27.99362	128.620566	128.587133	59.9680399	59.87352	
28.00373	128.620566	128.587133	59.9680399	59.87352	
28.01383	128.620566	128.587133	59.9680399	59.87352	
28.02397	128.620566	128.587133	59.9680399	59.87352	
28.03419	128.620566	128.587133	59.9680399	59.87352	
28.0443	128.620566	128.587133	59.9680399	59.87352	
28.05452	128.620566	128.587133	59.9680399	59.87352	
28.06464	128.620566	128.587133	59.9680399	59.87352	
28.07477	128.620566	128.587133	59.9680399	59.87352	
28.08491	128.620566	128.587133	59.9680399	59.87352	
28.09504	128.620566	128.587133	59.9680399	59.87352	
28.10523	128.620566	128.587133	59.9680399	59.87352	
28.11534	128.620566	128.587133	59.9680399	59.87352	
28.1254	128.620566	128.587133	59.9680399	59.87352	
28.13575	128.620566	128.587133	59.9680399	59.87352	
28.1458	128.620566	128.587133	59.9680399	59.87352	
28.15592	128.620566	128.587133	59.9680399	59.87352	
28.16603	128.620566	128.587133	59.9680399	59.87352	
28.17616	128.620566	128.587133	59.9680399	59.87352	
28.1863	128.620566	128.587133	59.9680399	59.87352	
28.19645	128.620566	128.587133	59.9680399	59.87352	
28.20655	128.620566	128.587133	59.9680399	59.87352	
28.21673	128.620566	128.587133	59.9680399	59.87352	
28.22712	128.620566	128.587133	59.9680399	59.87352	
28.23703	128.620566	128.587133	59.9680399	59.87352	
28.24713	128.620566	128.587133	59.9680399	59.87352	
28.25728	128.620566	128.587133	59.9680399	59.87352	
28.26734	128.620566	128.587133	59.9680399	59.87352	
28.27748	128.620566	128.587133	59.9680399	59.87352	
28.28765	128.620566	128.587133	59.9680399	59.87352	
28.29772	128.620566	128.587133	59.9680399	59.87352	
28.30786	128.620566	128.587133	59.9680399	59.87352	
28.31806	128.620566	128.587133	59.9680399	59.87352	
28.32853	128.620566	128.587133	59.9680399	59.87352	
28.33855	128.620566	128.587133	59.9680399	59.87352	
28.34844	128.620566	128.587133	59.9680399	59.87352	
28.35855	128.620566	128.587133	59.9680399	59.87352	
28.36864	128.620566	128.587133	59.9680399	59.87352	
28.37887	128.620566	128.587133	59.9680399	59.87352	
28.38905	128.620566	128.587133	59.9680399	59.87352	
28.39906	128.620566	128.587133	59.9680399	59.87352	
28.40922	128.620566	128.587133	59.9680399	59.87352	
28.41936	128.620566	128.587133	59.9680399	59.87352	
28.4382	128.620566	128.587133	59.9680399	59.87352	
28.44269	128.620566	128.587133	59.9680399	59.87352	
28.45285	128.620566	128.587133	59.9680399	59.87352	
28.46293	128.620566	128.587133	59.9680399	59.87352	
28.47313	128.620566	128.587133	59.9680399	59.87352	
28.48323	128.620566	128.587133	59.9680399	59.87352	
28.49336	128.620566	128.587133	59.9680399	59.87352	
28.50348	128.620566	128.587133	59.9680399	59.87352	
28.51364	128.620566	128.587133	59.9680399	59.87352	
28.52375	128.620566	128.587133	59.9680399	59.87352	
28.53506	128.620566	128.587133	59.9680399	59.87352	
28.54405	128.620566	128.587133	59.9680399	59.87352	
28.55611	128.620566	128.587133	59.9680399	59.87352	
28.56427	128.620566	128.587133	59.9680399	59.87352	
28.57439	128.620566	128.587133	59.9680399	59.87352	
28.58454	128.620566	128.587133	59.9680399	59.87352	
28.59489	128.620566	128.587133	59.9680399	59.87352	
28.60497	128.620566	128.587133	59.9680399	59.87352	
28.61507	128.620566	128.587133	59.9680399	59.87352	
28.62587	128.620566	128.587133	59.9680399	59.87352	
28.63637	128.620566	128.587133	59.9680399	59.87352	
28.64618	128.620566	128.587133	59.9680399	59.87352	
28.656	128.620566	128.587133	59.9680399	59.87352	
28.66609	128.620566	128.587133	59.9680399	59.87352	
28.67617	128.620566	128.587133	59.9680399	59.87352	
28.68636	128.620566	128.587133	59.9680399	59.87352	
28.69649	128.620566	128.587133	59.9680399	59.87352	
28.70707	128.620566	128.587133	59.9680399	59.87352	
28.71676	128.620566	128.587133	59.9680399	59.87352	
28.7277	128.620566	128.587133	59.9680399	59.87352	
28.739	128.620566	128.587133	59.9680399	59.87352	
28.74798	128.620566	128.587133	59.9680399	59.87352	
28.76587	128.620566	128.587133	59.9680399	59.87352	
28.77019	128.620566	128.587133	59.9680399	59.87352	
28.78033	128.620566	128.587133	59.9680399	59.87352	
28.79067	128.620566	128.587133	59.9680399	59.87352	
28.80076	128.620566	128.587133	59.9680399	59.87352	
28.81075	128.620566	128.587133	59.9680399	59.87352	
28.82092	128.620566	128.587133	59.9680399	59.87352	
28.83106	128.620566	128.587133	59.9680399	59.87352	
28.84153	128.620566	128.587133	59.9680399	59.87352	
28.85164	128.620566	128.587133	59.9680399	59.87352	
28.86174	128.620566	128.587133	59.9680399	59.87352	
28.87211	128.620566	128.587133	59.9680399	59.87352	
28.882	128.620566	128.587133	59.9680399	59.87352	
28.89218	128.620566	128.587133	59.9680399	59.87352	
28.90231	128.620566	128.587133	59.9680399	59.87352	
28.91246	128.620566	128.587133	59.9680399	59.87352	
28.92265	128.620566	128.587133	59.9680399	59.87352	
28.93275	128.620566	128.587133	59.9680399	59.87352	
28.94297	128.620566	128.587133	59.9680399	59.87352	
28.95317	128.620566	128.587133	59.9680399	59.87352	
28.96341	128.620566	128.587133	59.9680399	59.87352	
28.9735	128.620566	128.587133	59.9680399	59.87352	
28.98368	128.620566	128.587133	59.9680399	59.87352	
28.99381	128.620566	128.587133	59.9680399	59.87352	
29.00392	128.620566	128.587133	59.9680399	59.87352	
29.01404	128.620566	128.587133	59.9680399	59.87352	
29.02416	128.620566	128.587133	59.9680399	59.87352	
29.03431	128.620566	128.587133	59.9680399	59.87352	
29.04453	128.620566	128.587133	59.9680399	59.87352	
29.0547	128.620566	128.587133	59.9680399	59.87352	
29.06479	128.620566	128.587133	59.9680399	59.87352	
29.07492	128.620566	128.587133	59.9680399	59.87352	
29.08502	128.620566	128.587133	59.9680399	59.87352	
29.0952	128.620566	128.587133	59.9680399	59.87352	
29.10537	128.620566	128.587133	59.9680399	59.87352	
29.1155	128.620566	128.587133	59.9680399	59.87352	
29.12559	128.620566	128.587133	59.9680399	59.87352	
29.13595	128.620566	128.587133	59.9680399	59.87352	
29.14592	128.620566	128.587133	59.9680399	59.87352	
29.156	128.620566	128.587133	59.9680399	59.87352	
29.16622	128.620566	128.587133	59.9680399	59.87352	
29.17627	128.620566	128.587133	59.9680399	59.87352	
29.18643	128.620566	128.587133	59.9680399	59.87352	
29.19654	128.620566	128.587133	59.9680399	59.87352	
29.20673	128.620566	128.587133	59.9680399	59.87352	
29.21685	128.620566	128.587133	59.9680399	59.87352	
29.22691	128.620566	128.587133	59.9680399	59.87352	
29.23733	128.620566	128.587133	59.9680399	59.87352	
29.24726	128.620566	128.587133	59.9680399	59.87352	
29.25743	128.620566	128.587133	59.9680399	59.87352	
29.26747	128.620566	128.587133	59.9680399	59.87352	
29.28596	128.620566	128.587133	59.9680399	59.87352	
29.29039	128.620566	128.587133	59.9680399	59.87352	
29.30047	128.620566	128.587133	59.9680399	59.87352	
29.31064	128.620566	128.587133	59.9680399	59.87352	
29.32078	128.620566	128.587133	59.9680399	59.87352	
29.33087	128.620566	128.587133	59.9680399	59.87352	
29.34108	128.620566	128.587133	59.9680399	59.87352	
29.35123	128.620566	128.587133	59.9680399	59.87352	
29.36143	128.620566	128.587133	59.9680399	59.87352	
29.37236	128.620566	128.587133	59.9680399	59.87352	
29.38164	128.620566	128.587133	59.9680399	59.87352	
29.39184	128.620566	128.587133	59.9680399	59.87352	
29.4019	128.620566	128.587133	59.9680399	59.87352	
29.41205	128.620566	128.587133	59.9680399	59.87352	
29.42327	128.620566	128.587133	59.9680399	59.87352	
29.43371	128.620566	128.587133	59.9680399	59.87352	
29.45144	128.620566	128.587133	59.9680399	59.87352	
29.45624	128.620566	128.587133	59.9680399	59.87352	
29.46642	128.620566	128.587133	59.9680399	59.87352	
29.4765	128.620566	128.587133	59.9680399	59.87352	
29.48709	128.620566	128.587133	59.9680399	59.87352	
29.49678	128.620566	128.587133	59.9680399	59.87352	
29.50689	128.620566	128.587133	59.9680399	59.87352	
29.51699	128.620566	128.587133	59.9680399	59.87352	
29.52709	128.620566	128.587133	59.9680399	59.87352	
29.53732	128.620566	128.587133	59.9680399	59.87352	
29.54853	128.620566	128.587133	59.9680399	59.87352	
29.5599	128.620566	128.587133	59.9680399	59.87352	
29.56765	128.620566	128.587133	59.9680399	59.87352	
29.57778	128.620566	128.587133	59.9680399	59.87352	
29.588	128.620566	128.587133	59.9680399	59.87352	
29.59853	128.620566	128.587133	59.9680399	59.87352	
29.60819	128.620566	128.587133	59.9680399	59.87352	
29.61833	128.620566	128.587133	59.9680399	59.87352	
29.62843	128.620566	128.587133	59.9680399	59.87352	
29.63852	128.620566	128.587133	59.9680399	59.87352	
29.64987	128.620566	128.587133	59.9680399	59.87352	
29.65889	128.620566	128.587133	59.9680399	59.87352	
29.66916	128.620566	128.587133	59.9680399	59.87352	
29.67913	128.620566	128.587133	59.9680399	59.87352	
29.6893	128.620566	128.587133	59.9680399	59.87352	
29.70047	128.620566	128.587133	59.9680399	59.87352	
29.71065	128.620566	128.587133	59.9680399	59.87352	
29.72072	128.620566	128.587133	59.9680399	59.87352	
29.73088	128.620566	128.587133	59.9680399	59.87352	
29.741	128.620566	128.587133	59.9680399	59.87352	
29.75233	128.620566	128.587133	59.9680399	59.87352	
29.76136	128.620566	128.587133	59.9680399	59.87352	
29.77145	128.620566	128.587133	59.9680399	59.87352	
29.7816	128.620566	128.587133	59.9680399	59.87352	
29.7917	128.620566	128.587133	59.9680399	59.87352	
29.80189	128.620566	128.587133	59.9680399	59.87352	
29.812	128.620566	128.587133	59.9680399	59.87352	
29.82215	128.620566	128.587133	59.9680399	59.87352	
29.83228	128.620566	128.587133	59.9680399	59.87352	
29.84281	128.620566	128.587133	59.9680399	59.87352	
29.86147	128.620566	128.587133	59.9680399	59.87352	
29.86585	128.620566	128.587133	59.9680399	59.87352	
29.87603	128.620566	128.587133	59.9680399	59.87352	
29.88613	128.620566	128.587133	59.9680399	59.87352	
29.89622	128.620566	128.587133	59.9680399	59.87352	
29.9064	128.620566	128.587133	59.9680399	59.87352	
29.91649	128.620566	128.587133	59.9680399	59.87352	
29.92671	128.620566	128.587133	59.9680399	59.87352	
29.93675	128.620566	128.587133	59.9680399	59.87352	
29.94719	128.620566	128.587133	59.9680399	59.87352	
29.95707	128.620566	128.587133	59.9680399	59.87352	
29.96716	128.620566	128.587133	59.9680399	59.87352	
29.97765	128.620566	128.587133	59.9680399	59.87352	
29.98744	128.620566	128.587133	59.9680399	59.87352	
29.99757	128.620566	128.587133	59.9680399	59.87352	
30.0077	128.620566	128.587133	59.9680399	59.87352	
30.01781	128.620566	128.587133	59.9680399	59.87352	
30.028	128.620566	128.587133	59.9680399	59.87352	
30.03809	128.620566	128.587133	59.9680399	59.87352	
30.04856	128.620566	128.587133	59.9680399	59.87352	
30.05869	128.620566	128.587133	59.9680399	59.87352	
30.06876	128.620566	128.587133	59.9680399	59.87352	
30.07892	128.620566	128.587133	59.9680399	59.87352	
30.089	128.620566	128.587133	59.9680399	59.87352	
30.11021	128.620566	128.587133	59.9680399	59.87352	
