48.63356	36.8630529	36.8613538	0.106418844	0.104719755	
48.6436	36.8647873	36.8613538	0.108153229	0.104719755	
48.65386	36.8671968	36.8613538	0.110562775	0.104719755	
48.66393	36.8701665	36.8613538	0.113532464	0.104719755	
48.67403	36.8737569	36.8613538	0.11712287	0.113446401	
48.68417	36.8779816	36.8613538	0.121347541	0.113446401	
48.6943	36.8828122	36.8613538	0.126178126	0.122173048	
48.70445	36.888279	36.8613538	0.131644958	0.122173048	
48.71463	36.8943814	36.8613538	0.137747358	0.122173048	
48.72475	36.9010561	36.8613538	0.144422075	0.130899694	
48.73495	36.9084154	36.8613538	0.151781348	0.130899694	
48.74509	36.9163424	36.8613538	0.15970831	0.13962634	
48.75542	36.9250693	36.8613538	0.168435242	0.13962634	
48.76534	36.9340246	36.8613538	0.177390521	0.148352986	
48.77544	36.9437629	36.8613538	0.18712887	0.157079633	
48.78562	36.954204	36.8613538	0.197569937	0.165806279	
48.79573	36.9651766	36.8613538	0.208542507	0.174532925	
48.80588	36.9768176	36.8613538	0.220183562	0.183259571	
48.81604	36.9890912	36.8613538	0.232457164	0.191986218	
48.83701	37.017737	36.8700804	0.261102981	0.20943951	
48.84141	37.0236423	36.8700804	0.26700822	0.20943951	
48.85157	37.0380746	36.8875337	0.281440596	0.226892803	
48.86186	37.053348	36.8962604	0.296713971	0.235619449	
48.87176	37.0686057	36.9137137	0.311971666	0.244346095	
48.88226	37.0854634	36.931167	0.328829334	0.253072742	
48.89202	37.1016802	36.9573469	0.345046153	0.261799388	
48.90218	37.1192056	36.9835268	0.362571579	0.270526034	
48.91228	37.1372362	37.0009801	0.380602137	0.27925268	
48.92249	37.1560959	37.0358867	0.399461881	0.296705973	
48.93311	37.176413	37.0620667	0.41977894	0.314159265	
48.94289	37.1956498	37.0882466	0.439015703	0.322885912	
48.9528	37.2157434	37.1144265	0.459109378	0.34906585	
48.9709	37.2548444	37.1580598	0.49821031	0.383972435	
48.97522	37.2641144	37.1755131	0.507480371	0.392699082	
48.98542	37.2868035	37.201693	0.530169405	0.41887902	
48.99553	37.3099006	37.2278729	0.553266549	0.445058959	
49.00567	37.3336622	37.2540529	0.577028131	0.471238898	
49.01585	37.358167	37.2802328	0.601532926	0.497418837	
49.02592	37.3830047	37.3064128	0.626370662	0.523598776	
49.03718	37.4116103	37.3325927	0.654976291	0.558505361	
49.04653	37.4358111	37.3674993	0.679177102	0.593411946	
49.05641	37.4619605	37.3936792	0.705326477	0.619591884	
49.06657	37.4895205	37.4198592	0.732886421	0.645771823	
49.07665	37.5174371	37.4547657	0.760803087	0.680678408	
49.08678	37.5461469	37.4809457	0.789512805	0.715584993	
49.09697	37.5756015	37.5071256	0.818967413	0.750491578	
49.10707	37.6054647	37.5420322	0.848830634	0.776671517	
49.11721	37.6360188	37.5682121	0.879384771	0.811578102	
49.12731	37.6670911	37.6031187	0.910457056	0.846484687	
49.13858	37.7025506	37.6380253	0.945916579	0.881391272	
49.14767	37.731571	37.6642053	0.974936967	0.907571211	
49.15777	37.7644831	37.6991118	1.0078491	0.942477796	
49.168	37.7984373	37.7340184	1.04180328	0.977384381	
49.17804	37.8323527	37.768925	1.07571862	1.01229097	
49.18816	37.8672007	37.8038316	1.11056664	1.04719755	
49.19832	37.9027649	37.8387382	1.14613084	1.07337749	
49.20848	37.9389444	37.8736448	1.18231037	1.10828408	
49.21864	37.975754	37.9085514	1.21911991	1.14319066	
49.22873	38.0129487	37.9434579	1.25631462	1.1693706	
49.23997	38.0551736	37.9783645	1.29853955	1.21300383	
49.24912	38.0899386	38.0132711	1.33330454	1.24791042	
49.25918	38.1288495	38.0481777	1.37221545	1.282817	
49.26946	38.1692604	38.0830843	1.41262634	1.31772359	
49.27949	38.2095388	38.1179909	1.45290476	1.35263017	
49.28962	38.2502427	38.1616241	1.4936087	1.3962634	
49.29972	38.2917463	38.2052573	1.53511223	1.43116999	
49.30985	38.3339811	38.2401639	1.57734702	1.46607657	
49.32	38.3769479	38.2925238	1.62031385	1.5097098	
49.33005	38.4200863	38.3274304	1.66345225	1.55334303	
49.34123	38.468889	38.3710636	1.71225498	1.59697627	
49.35045	38.5095179	38.4146968	1.75288384	1.63188285	
49.36053	38.5546115	38.4670567	1.79797743	1.67551608	
49.37062	38.6004162	38.5019633	1.84378218	1.71914931	
49.38082	38.6472596	38.5543232	1.89062555	1.76278254	
49.39107	38.6949969	38.5979564	1.9383628	1.81514242	
49.40103	38.7419791	38.6415896	1.9853451	1.85877565	
49.41113	38.7902235	38.6939495	2.03358949	1.90240888	
49.42123	38.8391289	38.7463094	2.08249486	1.95476876	
49.43498	38.912321	38.7899426	2.15568699	1.99840199	
49.44266	38.9451657	38.8423025	2.18853169	2.05076187	
49.45227	38.9934319	38.8946624	2.23679782	2.0943951	
49.46226	39.0442065	38.9470223	2.2875725	2.14675498	
49.47225	39.0956214	38.9993821	2.33898737	2.19911486	
49.48227	39.1477203	39.051742	2.39108624	2.25147474	
49.49244	39.2012881	39.1128285	2.44465402	2.30383461	
49.5025	39.2548699	39.1651884	2.49823584	2.36492114	
49.51263	39.3094533	39.2175483	2.55281927	2.42600766	
49.52286	39.36524	39.2699082	2.60860591	2.47836754	
49.5331	39.4215995	39.3309947	2.66496542	2.54818071	
49.54404	39.4826579	39.3920812	2.72602381	2.60926723	
49.55375	39.5373685	39.4531677	2.78073446	2.67035376	
49.56384	39.5947787	39.5142543	2.83814464	2.72271363	
49.57419	39.6543894	39.5753408	2.89775535	2.7925268	
49.58415	39.7123034	39.6364273	2.95566932	2.84488668	
49.59427	39.7718088	39.6887872	3.01517471	2.9059732	
49.60441	39.8320317	39.7498737	3.07539768	2.96705973	
49.61456	39.8928536	39.8109602	3.13621955	3.0368729	
49.62472	39.9544522	39.8807734	3.19781813	3.09795942	
49.63489	40.0166707	39.9331333	3.26003669	3.15904595	
49.64525	40.0808082	40.0029465	3.32417417	3.21140582	
49.6552	40.1428733	40.0553063	3.38623922	3.28121899	
49.66539	40.2070851	40.1251195	3.45045105	3.34230552	
49.67546	40.27119	40.1774794	3.51455591	3.40339204	
49.68557	40.3361251	40.2472926	3.57949109	3.46447857	
49.69573	40.4020218	40.3171057	3.64538776	3.52556509	
49.70587	40.4684648	40.3781922	3.71183075	3.59537826	
49.71599	40.5352847	40.4480054	3.77865061	3.65646478	
49.72616	40.6031102	40.5090919	3.84647616	3.72627795	
49.73628	40.6712291	40.5789051	3.91459501	3.78736448	
49.75555	40.8037193	40.7010782	4.04708529	3.91826417	
49.75997	40.8339667	40.7359847	4.07733261	3.95317076	
49.77007	40.9039568	40.8057979	4.14732272	4.02298393	
49.78062	40.977762	40.8756111	4.22112798	4.0927971	
49.79073	41.0491316	40.9454243	4.29249751	4.16261027	
49.80046	41.1182766	41.0152374	4.36164255	4.24115008	
49.81057	41.1908136	41.0937772	4.43417959	4.31096325	
49.82069	41.2640519	41.1723171	4.50741783	4.38950307	
49.83098	41.3391979	41.2421302	4.58256387	4.46804289	
49.8411	41.4136464	41.32067	4.65701239	4.53785606	
49.85125	41.4889495	41.3992099	4.73231549	4.61639587	
49.86137	41.5646512	41.469023	4.80801716	4.69493569	
49.87158	41.6416544	41.5562895	4.88502034	4.7734755	
49.88171	41.7186523	41.6348293	4.96201823	4.85201532	
49.89215	41.7986935	41.7133691	5.04205948	4.92182849	
49.90192	41.8740742	41.7919089	5.11744018	5.00909495	
49.91206	41.9530337	41.8704488	5.19639966	5.08763477	
49.92226	42.0330392	41.9577152	5.27640511	5.16617459	
49.9323	42.1124211	42.036255	5.35578706	5.2447144	
49.9424	42.1929076	42.1235215	5.43627354	5.33198086	
49.95262	42.2749646	42.210788	5.51833054	5.41052068	
49.96278	42.3571332	42.2893278	5.60049913	5.49778714	
49.97286	42.4391547	42.3765942	5.68252064	5.58505361	
49.98301	42.5225063	42.4638607	5.76587221	5.67232007	
49.99364	42.6105423	42.5511272	5.85390827	5.75958653	
50.00349	42.6925662	42.6383936	5.93593219	5.84685299	
50.01363	42.7776823	42.7169334	6.02104829	5.93411946	
50.02379	42.8635607	42.8041999	6.1069267	6.02138592	
50.03389	42.9495161	42.8914664	6.19288204	6.10865238	
50.04405	43.0367069	42.9787328	6.28007284	6.19591884	
50.05426	43.1249281	43.0572726	6.3682941	6.28318531	
50.06445	43.2135468	43.1445391	6.45691277	6.37045177	
50.07456	43.3020714	43.2318056	6.54543733	6.45771823	
50.08466	43.3911732	43.319072	6.63453915	6.54498469	
50.09488	43.4819013	43.4063385	6.72526722	6.63225116	
50.10498	43.5721896	43.493605	6.81555558	6.71951762	
50.11512	43.6634444	43.5808714	6.90681038	6.80678408	
50.1254	43.7567074	43.6681379	7.00007339	6.90277719	
50.13551	43.8488913	43.764131	7.09225721	6.99004365	
50.14569	43.9424389	43.8513975	7.18580487	7.08603676	
50.1559	44.0369451	43.9473906	7.28031101	7.18202987	
50.16601	44.130903	44.0433837	7.37426892	7.27802298	
50.17618	44.2261912	44.1393768	7.4695572	7.36528944	
50.18627	44.3213196	44.2266432	7.5646855	7.46128255	
50.19645	44.4179688	44.331363	7.66133474	7.55727566	
50.20658	44.5147003	44.4186295	7.75806628	7.64454212	
50.21675	44.6125131	44.5146226	7.85587903	7.74926188	
50.22715	44.7131642	44.6106157	7.95653014	7.84525499	
50.23702	44.809178	44.7153354	8.05254399	7.9412481	
50.2472	44.9088792	44.8026019	8.15224518	8.02851456	
50.25775	45.0129635	44.9073217	8.25632949	8.13323431	
50.26753	45.1099183	45.0033148	8.35328422	8.22922742	
50.27765	45.2108487	45.0993079	8.45421469	8.32522053	
50.28779	45.3126059	45.2040276	8.55597188	8.41248699	
50.29794	45.4151733	45.3000207	8.65853923	8.51720675	
50.3081	45.5183082	45.4047405	8.76167419	8.61319986	
50.31822	45.621814	45.5094602	8.86517992	8.70919297	
50.32837	45.7261736	45.6054534	8.96953956	8.81391272	
50.33847	45.8306088	45.7101731	9.07397479	8.90990583	
50.34859	45.9359077	45.8148929	9.17927369	9.01462559	
50.35883	46.0434259	45.9196126	9.28679186	9.1106187	
50.36899	46.1499847	46.0243324	9.39335069	9.2240651	
50.37913	46.2573187	46.1290521	9.50068465	9.32878485	
50.3892	46.3645608	46.2424985	9.60792671	9.44223125	
50.39948	46.4755221	46.3472183	9.71888802	9.54695101	
50.40961	46.5837711	46.451938	9.82713702	9.65167076	
50.41967	46.6926809	46.5653844	9.93604688	9.76511716	
50.42981	46.8030541	46.6701042	10.0464201	9.86983692	
50.44001	46.9148167	46.7835506	10.1581826	9.98328332	
50.45005	47.0235368	46.8882704	10.2669027	10.0880031	
50.46028	47.1336924	47.0017168	10.3770584	10.2014495	
50.47044	47.2424777	47.1151632	10.4858437	10.3148959	
50.48053	47.3498948	47.2286096	10.5932608	10.4283423	
50.49062	47.4567964	47.3333293	10.7001624	10.5417887	
50.50094	47.5654347	47.4555024	10.8088006	10.6639617	
50.51093	47.6699075	47.5689488	10.9132734	10.7774081	
50.52104	47.7750932	47.6823952	11.0184592	10.8908545	
50.53117	47.8799434	47.7958416	11.1233094	11.0130276	
50.54128	47.9838723	47.909288	11.2272382	11.126474	
50.55141	48.087483	48.031461	11.330849	11.2399204	
50.56173	48.1923715	48.1449074	11.4357374	11.3620934	
50.57174	48.2933786	48.2670805	11.5367446	11.4755398	
50.58188	48.3951999	48.3805269	11.6385659	11.5889862	
50.592	48.496247	48.4852466	11.7396129	11.693706	
50.6023	48.598439	48.598693	11.841805	11.815879	
50.61227	48.6966942	48.7121394	11.9400601	11.9205988	
50.62237	48.7956167	48.8168592	12.0389826	12.0340452	
50.63251	48.8943243	48.9215789	12.1376903	12.1474916	
50.64258	48.9918512	49.017572	12.2352171	12.2522113	
50.65275	49.0896558	49.1222918	12.3330217	12.3569311	
50.66296	49.1872196	49.2182849	12.4305856	12.4616509	
50.67314	49.2838115	49.3230047	12.5271774	12.557644	
50.68322	49.3788588	49.4102711	12.6222248	12.6623637	
50.69335	49.4739113	49.5062642	12.7172773	12.7583568	
50.70379	49.5711047	49.6022573	12.8144707	12.8456233	
50.71391	49.6646701	49.6895238	12.908036	12.9416164	
50.72404	49.7577325	49.7767903	13.0010984	13.0376095	
50.7342	49.8504885	49.8640567	13.0938545	13.124876	
50.74431	49.9421511	49.9513232	13.1855171	13.2034158	
50.75447	50.0336751	50.0385897	13.2770411	13.2906823	
50.7647	50.1252899	50.1258561	13.3686559	13.3692221	
50.77479	50.2148528	50.2043959	13.4582188	13.4564885	
50.7849	50.3040965	50.2916624	13.5474625	13.543755	
50.79505	50.3931017	50.3702022	13.6364677	13.6222948	
50.8052	50.4814559	50.4574687	13.7248218	13.7008346	
50.81532	50.5688946	50.5447351	13.8122606	13.7793744	
50.82553	50.6565199	50.6145483	13.8998858	13.8579143	
50.83562	50.7425272	50.7018148	13.9858931	13.9451807	
50.84572	50.8279843	50.7890812	14.0713503	14.0237205	
50.85585	50.9130315	50.867621	14.1563974	14.1022604	
50.86602	50.99792	50.9461609	14.2412859	14.1720735	
50.8762	51.0822059	51.0247007	14.3255719	14.25934	
50.88631	51.1652957	51.1032405	14.4086616	14.3378798	
50.89642	51.2477911	51.190507	14.491157	14.4164196	
50.90679	51.3317413	51.2690468	14.5751073	14.4862328	
50.91673	51.4116489	51.3475866	14.6550148	14.5647726	
50.927	51.4938212	51.4348531	14.7371872	14.6433124	
50.93714	51.5738107	51.5133929	14.8171766	14.7218522	
50.94723	51.6530352	51.5919327	14.8964012	14.8003921	
50.95739	51.732269	51.6791992	14.9756349	14.8702052	
50.96761	51.8112834	51.7664656	15.0546494	14.9574717	
50.98587	51.9501455	51.8362788	15.1935115	15.097098	
50.99033	51.9840712	51.9409985	15.2274372	15.1320046	
51.00077	52.06273	52.028265	15.3060959	15.2192711	
51.01854	52.1943418	52.176618	15.4377077	15.3588974	
51.02297	52.2272003	52.2027979	15.4705663	15.393804	
51.04087	52.3574429	52.3424243	15.6008089	15.5334303	
51.04519	52.3888928	52.3773309	15.6322587	15.5683369	
51.05535	52.462173	52.4558707	15.705539	15.6468767	
51.06563	52.535706	52.5344105	15.7790719	15.7254166	
51.07572	52.6071672	52.6042237	15.8505331	15.8039564	
51.0858	52.6780231	52.6740368	15.921389	15.8824962	
51.09597	52.7489135	52.74385	15.9922795	15.9523094	
51.10608	52.8187582	52.8136632	16.0621241	16.0308492	
51.11629	52.8886767	52.8834763	16.1320426	16.1006623	
51.12639	52.957191	52.9532895	16.200557	16.1704755	
51.13655	53.0255303	53.0231027	16.2688962	16.2402887	
51.14668	53.0930712	53.0929158	16.3364372	16.3101019	
51.15676	53.1596821	53.1540024	16.4030481	16.379915	
51.16701	53.2268244	53.2238155	16.4701904	16.4497282	
51.17718	53.2927334	53.2849021	16.5360994	16.5108147	
51.18726	53.3574707	53.3547152	16.6008367	16.5806279	
51.19742	53.4221754	53.4158018	16.6655414	16.6504411	
51.20751	53.4858121	53.4768883	16.729178	16.7115276	
51.21773	53.5496247	53.5467015	16.7929907	16.7726141	
51.22801	53.6131822	53.5990613	16.8565481	16.8424273	
51.23795	53.6740122	53.6601479	16.9173781	16.9035138	
51.24811	53.7356484	53.7212344	16.9790143	16.9646003	
51.2582	53.7962096	53.7823209	17.0395756	17.0256869	
51.26841	53.8569275	53.8434074	17.1002935	17.0780467	
51.27854	53.9165392	53.9044939	17.1599051	17.1391333	
51.28866	53.9754439	53.9568538	17.2188098	17.2002198	
51.29881	54.0339058	54.0179403	17.2772717	17.2525797	
51.30888	54.0913585	54.0790269	17.3347244	17.3136662	
51.31914	54.149253	54.1401134	17.3926189	17.3660261	
51.32922	54.2054851	54.1924733	17.448851	17.4183859	
51.33929	54.261121	54.2535598	17.504487	17.4707458	
51.34946	54.3166604	54.3059197	17.5600263	17.5231057	
51.35961	54.3715233	54.3582796	17.6148892	17.5754656	
51.36983	54.4261269	54.4193661	17.6694928	17.6278254	
51.37992	54.479421	54.471726	17.722787	17.688912	
51.39	54.5320147	54.5240858	17.7753807	17.7325452	
51.40027	54.5850628	54.5851724	17.8284288	17.7936317	
51.41068	54.6381215	54.6375322	17.8814874	17.8459916	
51.42045	54.6873959	54.6898921	17.9307618	17.8983515	
51.43207	54.7458327	54.7335253	17.9891987	17.9419847	
51.44082	54.7882152	54.7858852	18.0315812	18.0030712	
51.45893	54.8749846	54.8295185	18.1183505	18.0903377	
51.46472	54.902769	54.890605	18.1461349	18.1165176	
51.47406	54.9469217	54.9429649	18.1902876	18.1688775	
51.48415	54.9939506	54.9865981	18.2373165	18.2125107	
51.49428	55.0405966	55.038958	18.2839626	18.256144	
51.50439	55.0865751	55.0825912	18.329941	18.3085039	
51.51452	55.1320206	55.1262244	18.3753865	18.3608637	
51.52475	55.1772817	55.1785843	18.4206476	18.3957703	
51.5348	55.221148	55.2222175	18.4645139	18.4481302	
51.54499	55.2650567	55.2658508	18.5084227	18.4917634	
51.55511	55.3080373	55.309484	18.5514033	18.5353967	
51.56594	55.3533529	55.3531172	18.5967188	18.5790299	
51.57546	55.392625	55.3967505	18.6359909	18.6226631	
51.58566	55.4341093	55.431657	18.6774753	18.6662964	
51.59574	55.4745118	55.4752903	18.7178778	18.7099296	
51.60582	55.5143211	55.5189235	18.757687	18.7535628	
51.61601	55.5539323	55.5538301	18.7972983	18.797196	
51.62617	55.5928372	55.5887367	18.8362031	18.8321026	
51.63628	55.6309669	55.6323699	18.8743329	18.8757359	
51.64639	55.6684858	55.6760031	18.9118517	18.9193691	
51.65651	55.7054196	55.7109097	18.9487855	18.9542757	
51.66717	55.7436779	55.7458163	18.9870439	18.9891823	
51.67685	55.7778613	55.7807229	19.0212273	19.0240888	
51.6872	55.8138096	55.8156295	19.0571755	19.0589954	
51.69711	55.8476382	55.8505361	19.0910042	19.093902	
51.70722	55.8815399	55.8854426	19.1249059	19.1288086	
51.71741	55.9151367	55.9203492	19.1585026	19.1637152	
51.72754	55.9479124	55.9552558	19.1912784	19.1986218	
51.73772	55.9802501	55.9901624	19.223616	19.2335284	
51.74786	56.011835	56.0163423	19.2552009	19.2597083	
51.75794	56.0426673	56.0425223	19.2860332	19.2858882	
51.76839	56.0740104	56.0774289	19.3173764	19.3207948	
51.77832	56.1032271	56.1036088	19.3465931	19.3382481	
51.78838	56.1321857	56.1297887	19.3755517	19.3731547	
51.79855	56.1608778	56.1559687	19.4042438	19.3993346	
51.80872	56.1889942	56.1821486	19.4323602	19.4167879	
51.81892	56.2165653	56.2083286	19.4599313	19.4429679	
51.82973	56.245523	56.2345085	19.4888889	19.4691478	
51.83919	56.2696138	56.2519618	19.5129797	19.4866011	
51.84928	56.2951282	56.2781417	19.5384942	19.512781	
51.85949	56.320531	56.3043217	19.563897	19.5302343	
51.87078	56.3474389	56.321775	19.5908049	19.5564143	
51.87975	56.3685742	56.3479549	19.6119401	19.5825942	
51.8899	56.3918579	56.3741348	19.6352239	19.6000475	
51.89997	56.414378	56.3915881	19.657744	19.6175008	
51.91009	56.4364251	56.4090414	19.6797911	19.6436807	
51.92071	56.4589162	56.4264947	19.7022821	19.661134	
51.93036	56.4788259	56.443948	19.7221919	19.687314	
51.94051	56.4991591	56.4701279	19.742525	19.7047673	
51.95064	56.518883	56.4875812	19.762249	19.7222205	
51.96075	56.5379774	56.5050345	19.7813434	19.7484005	
51.97217	56.5587909	56.5224878	19.8021568	19.7658538	
51.98918	56.587846	56.5486678	19.8312119	19.7920337	
51.99367	56.5955553	56.5573944	19.8389213	19.809487	
52.0037	56.6120605	56.5748477	19.8554264	19.8269403	
52.01382	56.6281394	56.592301	19.8715053	19.8356669	
52.02401	56.643759	56.6097543	19.887125	19.8531202	
52.03417	56.6587421	56.6184809	19.902108	19.8618469	
52.04427	56.6730757	56.6359342	19.9164417	19.8793002	
52.05441	56.6868888	56.6533875	19.9302547	19.8880268	
52.06453	56.7001172	56.6621142	19.9434831	19.8967535	
52.07496	56.7131518	56.6708408	19.9565178	19.9142068	
52.08483	56.7249452	56.6882941	19.9683112	19.9316601	
52.09497	56.7364912	56.6970208	19.9798572	19.9403867	
52.10512	56.7475034	56.7057474	19.9908693	19.9491134	
52.11524	56.7579236	56.7232007	20.0012896	19.9665666	
52.12544	56.7678536	56.7232007	20.0112196	19.9665666	
52.13573	56.7773157	56.7319273	20.0206817	19.9840199	
52.14577	56.7860115	56.740654	20.0293774	19.9840199	
52.15582	56.794189	56.7493806	20.037555	19.9927466	
52.16592	56.8018678	56.7581073	20.0452337	20.0014732	
52.1851	56.814091	56.7668339	20.057457	20.0101999	
52.18947	56.8169477	56.7668339	20.0603137	20.0101999	
52.19964	56.8229374	56.7755606	20.0663034	20.0189265	
52.2098	56.8284226	56.7755606	20.0717885	20.0189265	
52.22051	56.8336383	56.7755606	20.0770043	20.0189265	
52.23009	56.8378967	56.7842872	20.0812627	20.0189265	
52.24038	56.8419674	56.7842872	20.0853333	20.0189265	
52.25031	56.8454593	56.7842872	20.0888252	20.0189265	
52.26044	56.8485709	56.7842872	20.0919369	20.0189265	
52.27082	56.8513073	56.7842872	20.0946733	20.0189265	
52.28076	56.8535451	56.7842872	20.0969111	20.0189265	
52.2909	56.8554379	56.7842872	20.0988039	20.0189265	
52.301	56.8569698	56.7842872	20.1003357	20.0189265	
52.31112	56.8613538	56.7842872	20.1047198	20.0189265	
52.32126	56.8613538	56.7842872	20.1047198	20.0189265	
52.33138	56.8613538	56.7842872	20.1047198	20.0189265	
52.34158	56.8613538	56.7842872	20.1047198	20.0189265	
52.35982	56.8613538	56.7842872	20.1047198	20.0189265	
52.36418	56.8613538	56.7842872	20.1047198	20.0189265	
52.37434	56.8613538	56.7842872	20.1047198	20.0189265	
52.38455	56.8613538	56.7842872	20.1047198	20.0189265	
52.39501	56.8613538	56.7842872	20.1047198	20.0189265	
52.4048	56.8613538	56.7842872	20.1047198	20.0189265	
52.41491	56.8613538	56.7842872	20.1047198	20.0189265	
52.42509	56.8613538	56.7842872	20.1047198	20.0189265	
52.43524	56.8613538	56.7842872	20.1047198	20.0189265	
52.44538	56.8613538	56.7842872	20.1047198	20.0189265	
52.45551	56.8613538	56.7842872	20.1047198	20.0189265	
52.46571	56.8613538	56.7842872	20.1047198	20.0189265	
52.47689	56.8613538	56.7842872	20.1047198	20.0189265	
52.48599	56.8613538	56.7842872	20.1047198	20.0189265	
52.49609	56.8613538	56.7842872	20.1047198	20.0189265	
52.50625	56.8613538	56.7842872	20.1047198	20.0189265	
52.51634	56.8613538	56.7842872	20.1047198	20.0189265	
52.52654	56.8613538	56.7842872	20.1047198	20.0189265	
52.53666	56.8613538	56.7842872	20.1047198	20.0189265	
52.54683	56.8613538	56.7842872	20.1047198	20.0189265	
52.55693	56.8613538	56.7842872	20.1047198	20.0189265	
52.56703	56.8613538	56.7842872	20.1047198	20.0189265	
52.5781	56.8613538	56.7842872	20.1047198	20.0189265	
52.58734	56.8613538	56.7842872	20.1047198	20.0189265	
52.59753	56.8613538	56.7842872	20.1047198	20.0189265	
52.60764	56.8613538	56.7842872	20.1047198	20.0189265	
52.61779	56.8613538	56.7842872	20.1047198	20.0189265	
52.62793	56.8613538	56.7842872	20.1047198	20.0189265	
52.63804	56.8613538	56.7842872	20.1047198	20.0189265	
52.6484	56.8613538	56.7842872	20.1047198	20.0189265	
52.65834	56.8613538	56.7842872	20.1047198	20.0189265	
52.66843	56.8613538	56.7842872	20.1047198	20.0189265	
52.67946	56.8613538	56.7842872	20.1047198	20.0189265	
52.68879	56.8613538	56.7842872	20.1047198	20.0189265	
52.69895	56.8613538	56.7842872	20.1047198	20.0189265	
52.70911	56.8613538	56.7842872	20.1047198	20.0189265	
52.71947	56.8613538	56.7842872	20.1047198	20.0189265	
52.72957	56.8613538	56.7842872	20.1047198	20.0189265	
52.73952	56.8613538	56.7842872	20.1047198	20.0189265	
52.74963	56.8613538	56.7842872	20.1047198	20.0189265	
52.75975	56.8613538	56.7842872	20.1047198	20.0189265	
52.76988	56.8613538	56.7842872	20.1047198	20.0189265	
52.78069	56.8613538	56.7842872	20.1047198	20.0189265	
52.79013	56.8613538	56.7842872	20.1047198	20.0189265	
52.80039	56.8613538	56.7842872	20.1047198	20.0189265	
52.81042	56.8613538	56.7842872	20.1047198	20.0189265	
52.82051	56.8613538	56.7842872	20.1047198	20.0189265	
52.83092	56.8613538	56.7842872	20.1047198	20.0189265	
52.84083	56.8613538	56.7842872	20.1047198	20.0189265	
52.85092	56.8613538	56.7842872	20.1047198	20.0189265	
52.8611	56.8613538	56.7842872	20.1047198	20.0189265	
52.87119	56.8613538	56.7842872	20.1047198	20.0189265	
52.88192	56.8613538	56.7842872	20.1047198	20.0189265	
52.89158	56.8613538	56.7842872	20.1047198	20.0189265	
52.90167	56.8613538	56.7842872	20.1047198	20.0189265	
52.91179	56.8613538	56.7842872	20.1047198	20.0189265	
52.92193	56.8613538	56.7842872	20.1047198	20.0189265	
52.93236	56.8613538	56.7842872	20.1047198	20.0189265	
52.94212	56.8613538	56.7842872	20.1047198	20.0189265	
52.95232	56.8613538	56.7842872	20.1047198	20.0189265	
52.96245	56.8613538	56.7842872	20.1047198	20.0189265	
52.97254	56.8613538	56.7842872	20.1047198	20.0189265	
52.98318	56.8613538	56.7842872	20.1047198	20.0189265	
52.99288	56.8613538	56.7842872	20.1047198	20.0189265	
53.00307	56.8613538	56.7842872	20.1047198	20.0189265	
53.01314	56.8613538	56.7842872	20.1047198	20.0189265	
53.02321	56.8613538	56.7842872	20.1047198	20.0189265	
53.03371	56.8613538	56.7842872	20.1047198	20.0189265	
53.0437	56.8613538	56.7842872	20.1047198	20.0189265	
53.05383	56.8613538	56.7842872	20.1047198	20.0189265	
53.06402	56.8613538	56.7842872	20.1047198	20.0189265	
53.07411	56.8613538	56.7842872	20.1047198	20.0189265	
53.0854	56.8613538	56.7842872	20.1047198	20.0189265	
53.09444	56.8613538	56.7842872	20.1047198	20.0189265	
53.10458	56.8613538	56.7842872	20.1047198	20.0189265	
53.11472	56.8613538	56.7842872	20.1047198	20.0189265	
53.12479	56.8613538	56.7842872	20.1047198	20.0189265	
53.13498	56.8613538	56.7842872	20.1047198	20.0189265	
53.14511	56.8613538	56.7842872	20.1047198	20.0189265	
53.15532	56.8613538	56.7842872	20.1047198	20.0189265	
53.16545	56.8613538	56.7842872	20.1047198	20.0189265	
53.17554	56.8613538	56.7842872	20.1047198	20.0189265	
53.18686	56.8613538	56.7842872	20.1047198	20.0189265	
53.19592	56.8613538	56.7842872	20.1047198	20.0189265	
53.20597	56.8613538	56.7842872	20.1047198	20.0189265	
53.2161	56.8613538	56.7842872	20.1047198	20.0189265	
53.22621	56.8613538	56.7842872	20.1047198	20.0189265	
53.23641	56.8613538	56.7842872	20.1047198	20.0189265	
53.24652	56.8613538	56.7842872	20.1047198	20.0189265	
53.25668	56.8613538	56.7842872	20.1047198	20.0189265	
53.26683	56.8613538	56.7842872	20.1047198	20.0189265	
53.27691	56.8613538	56.7842872	20.1047198	20.0189265	
53.28812	56.8613538	56.7842872	20.1047198	20.0189265	
53.29722	56.8613538	56.7842872	20.1047198	20.0189265	
53.30741	56.8613538	56.7842872	20.1047198	20.0189265	
53.31757	56.8613538	56.7842872	20.1047198	20.0189265	
53.32764	56.8613538	56.7842872	20.1047198	20.0189265	
53.33785	56.8613538	56.7842872	20.1047198	20.0189265	
53.34794	56.8613538	56.7842872	20.1047198	20.0189265	
53.35808	56.8613538	56.7842872	20.1047198	20.0189265	
53.36826	56.8613538	56.7842872	20.1047198	20.0189265	
53.37836	56.8613538	56.7842872	20.1047198	20.0189265	
53.38944	56.8613538	56.7842872	20.1047198	20.0189265	
53.40109	56.8613538	56.7842872	20.1047198	20.0189265	
53.41898	56.8613538	56.7842872	20.1047198	20.0189265	
53.42344	56.8613538	56.7842872	20.1047198	20.0189265	
53.44517	56.8613538	56.7842872	20.1047198	20.0189265	
53.44958	56.8613538	56.7842872	20.1047198	20.0189265	
53.45969	56.8613538	56.7842872	20.1047198	20.0189265	
53.46986	56.8613538	56.7842872	20.1047198	20.0189265	
53.47993	56.8613538	56.7842872	20.1047198	20.0189265	
53.49082	56.8613538	56.7842872	20.1047198	20.0189265	
53.50035	56.8613538	56.7842872	20.1047198	20.0189265	
53.51036	56.8613538	56.7842872	20.1047198	20.0189265	
53.52059	56.8613538	56.7842872	20.1047198	20.0189265	
53.53088	56.8613538	56.7842872	20.1047198	20.0189265	
53.54074	56.8613538	56.7842872	20.1047198	20.0189265	
53.55087	56.8613538	56.7842872	20.1047198	20.0189265	
53.56103	56.8613538	56.7842872	20.1047198	20.0189265	
53.57123	56.8613538	56.7842872	20.1047198	20.0189265	
53.58129	56.8613538	56.7842872	20.1047198	20.0189265	
53.59212	56.8613538	56.7842872	20.1047198	20.0189265	
53.60167	56.8613538	56.7842872	20.1047198	20.0189265	
53.61174	56.8613538	56.7842872	20.1047198	20.0189265	
53.62182	56.8613538	56.7842872	20.1047198	20.0189265	
53.63192	56.8613538	56.7842872	20.1047198	20.0189265	
53.64237	56.8613538	56.7842872	20.1047198	20.0189265	
53.65218	56.8613538	56.7842872	20.1047198	20.0189265	
53.66231	56.8613538	56.7842872	20.1047198	20.0189265	
53.67248	56.8613538	56.7842872	20.1047198	20.0189265	
53.68254	56.8613538	56.7842872	20.1047198	20.0189265	
53.69343	56.8613538	56.7842872	20.1047198	20.0189265	
53.70283	56.8613538	56.7842872	20.1047198	20.0189265	
53.713	56.8613538	56.7842872	20.1047198	20.0189265	
53.72316	56.8613538	56.7842872	20.1047198	20.0189265	
53.73324	56.8613538	56.7842872	20.1047198	20.0189265	
53.74364	56.8613538	56.7842872	20.1047198	20.0189265	
53.75384	56.8613538	56.7842872	20.1047198	20.0189265	
53.7639	56.8613538	56.7842872	20.1047198	20.0189265	
53.77404	56.8613538	56.7842872	20.1047198	20.0189265	
53.78415	56.8613538	56.7842872	20.1047198	20.0189265	
53.79469	56.8613538	56.7842872	20.1047198	20.0189265	
53.80447	56.8613538	56.7842872	20.1047198	20.0189265	
53.81464	56.8613538	56.7842872	20.1047198	20.0189265	
53.82475	56.8613538	56.7842872	20.1047198	20.0189265	
53.83693	56.8613538	56.7842872	20.1047198	20.0189265	
53.84501	56.8613538	56.7842872	20.1047198	20.0189265	
53.85511	56.8613538	56.7842872	20.1047198	20.0189265	
53.86528	56.8613538	56.7842872	20.1047198	20.0189265	
53.87549	56.8613538	56.7842872	20.1047198	20.0189265	
53.88569	56.8613538	56.7842872	20.1047198	20.0189265	
53.89598	56.8613538	56.7842872	20.1047198	20.0189265	
53.90595	56.8613538	56.7842872	20.1047198	20.0189265	
53.91609	56.8613538	56.7842872	20.1047198	20.0189265	
53.92625	56.8613538	56.7842872	20.1047198	20.0189265	
53.93634	56.8613538	56.7842872	20.1047198	20.0189265	
53.94643	56.8613538	56.7842872	20.1047198	20.0189265	
53.95659	56.8613538	56.7842872	20.1047198	20.0189265	
53.96671	56.8613538	56.7842872	20.1047198	20.0189265	
53.97688	56.8613538	56.7842872	20.1047198	20.0189265	
53.987	56.8613538	56.7842872	20.1047198	20.0189265	
54.00625	56.8613538	56.7842872	20.1047198	20.0189265	
54.01068	56.8613538	56.7842872	20.1047198	20.0189265	
54.02078	56.8613538	56.7842872	20.1047198	20.0189265	
54.0309	56.8613538	56.7842872	20.1047198	20.0189265	
54.04103	56.8613538	56.7842872	20.1047198	20.0189265	
54.05121	56.8613538	56.7842872	20.1047198	20.0189265	
54.06128	56.8613538	56.7842872	20.1047198	20.0189265	
54.0718	56.8613538	56.7842872	20.1047198	20.0189265	
54.08207	56.8613538	56.7842872	20.1047198	20.0189265	
54.09311	56.8613538	56.7842872	20.1047198	20.0189265	
54.11198	56.8613538	56.7842872	20.1047198	20.0189265	
54.11661	56.8613538	56.7842872	20.1047198	20.0189265	
54.12679	56.8613538	56.7842872	20.1047198	20.0189265	
54.13699	56.8613538	56.7842872	20.1047198	20.0189265	
54.14724	56.8613538	56.7842872	20.1047198	20.0189265	
54.15741	56.8613538	56.7842872	20.1047198	20.0189265	
54.16757	56.8613538	56.7842872	20.1047198	20.0189265	
54.1778	56.8613538	56.7842872	20.1047198	20.0189265	
54.188	56.8613538	56.7842872	20.1047198	20.0189265	
54.19957	56.8613538	56.7842872	20.1047198	20.0189265	
54.20838	56.8613538	56.7842872	20.1047198	20.0189265	
54.21858	56.8613538	56.7842872	20.1047198	20.0189265	
54.22893	56.8613538	56.7842872	20.1047198	20.0189265	
54.239	56.8613538	56.7842872	20.1047198	20.0189265	
54.24921	56.8613538	56.7842872	20.1047198	20.0189265	
54.25947	56.8613538	56.7842872	20.1047198	20.0189265	
54.26957	56.8613538	56.7842872	20.1047198	20.0189265	
54.27976	56.8613538	56.7842872	20.1047198	20.0189265	
54.29007	56.8613538	56.7842872	20.1047198	20.0189265	
54.30107	56.8613538	56.7842872	20.1047198	20.0189265	
54.31043	56.8613538	56.7842872	20.1047198	20.0189265	
54.32066	56.8613538	56.7842872	20.1047198	20.0189265	
54.33079	56.8613538	56.7842872	20.1047198	20.0189265	
54.34224	56.8613538	56.7842872	20.1047198	20.0189265	
54.35117	56.8613538	56.7842872	20.1047198	20.0189265	
54.36136	56.8613538	56.7842872	20.1047198	20.0189265	
54.37173	56.8613538	56.7842872	20.1047198	20.0189265	
54.38186	56.8613538	56.7842872	20.1047198	20.0189265	
54.39228	56.8613538	56.7842872	20.1047198	20.0189265	
54.4025	56.8613538	56.7842872	20.1047198	20.0189265	
54.41271	56.8613538	56.7842872	20.1047198	20.0189265	
54.42292	56.8613538	56.7842872	20.1047198	20.0189265	
54.4332	56.8613538	56.7842872	20.1047198	20.0189265	
54.44344	56.8613538	56.7842872	20.1047198	20.0189265	
54.45349	56.8613538	56.7842872	20.1047198	20.0189265	
54.46366	56.8613538	56.7842872	20.1047198	20.0189265	
54.47389	56.8613538	56.7842872	20.1047198	20.0189265	
54.48399	56.8613538	56.7842872	20.1047198	20.0189265	
54.49416	56.8613538	56.7842872	20.1047198	20.0189265	
54.50434	56.8613538	56.7842872	20.1047198	20.0189265	
54.51457	56.8613538	56.7842872	20.1047198	20.0189265	
54.52478	56.8613538	56.7842872	20.1047198	20.0189265	
54.53506	56.8613538	56.7842872	20.1047198	20.0189265	
54.54518	56.8613538	56.7842872	20.1047198	20.0189265	
54.55541	56.8613538	56.7842872	20.1047198	20.0189265	
54.56553	56.8613538	56.7842872	20.1047198	20.0189265	
54.57575	56.8613538	56.7842872	20.1047198	20.0189265	
54.59431	56.8613538	56.7842872	20.1047198	20.0189265	
54.59958	56.8613538	56.7842872	20.1047198	20.0189265	
54.60919	56.8613538	56.7842872	20.1047198	20.0189265	
54.61932	56.8613538	56.7842872	20.1047198	20.0189265	
54.62953	56.8613538	56.7842872	20.1047198	20.0189265	
54.63971	56.8613538	56.7842872	20.1047198	20.0189265	
54.65834	56.8613538	56.7842872	20.1047198	20.0189265	
54.66309	56.8613538	56.7842872	20.1047198	20.0189265	
54.67328	56.8613538	56.7842872	20.1047198	20.0189265	
54.68354	56.8613538	56.7842872	20.1047198	20.0189265	
54.69357	56.8613538	56.7842872	20.1047198	20.0189265	
54.7127	56.8613538	56.7842872	20.1047198	20.0189265	
54.71727	56.8613538	56.7842872	20.1047198	20.0189265	
54.72753	56.8613538	56.7842872	20.1047198	20.0189265	
54.73763	56.8613538	56.7842872	20.1047198	20.0189265	
54.74792	56.8613538	56.7842872	20.1047198	20.0189265	
54.75813	56.8613538	56.7842872	20.1047198	20.0189265	
54.76833	56.8613538	56.7842872	20.1047198	20.0189265	
54.77851	56.8613538	56.7842872	20.1047198	20.0189265	
54.78873	56.8613538	56.7842872	20.1047198	20.0189265	
54.79902	56.8613538	56.7842872	20.1047198	20.0189265	
54.80933	56.8613538	56.7842872	20.1047198	20.0189265	
54.81948	56.8613538	56.7842872	20.1047198	20.0189265	
54.82962	56.8613538	56.7842872	20.1047198	20.0189265	
54.84	56.8613538	56.7842872	20.1047198	20.0189265	
54.85012	56.8613538	56.7842872	20.1047198	20.0189265	
54.86033	56.8613538	56.7842872	20.1047198	20.0189265	
54.87037	56.8613538	56.7842872	20.1047198	20.0189265	
54.88067	56.8613538	56.7842872	20.1047198	20.0189265	
54.89076	56.8613538	56.7842872	20.1047198	20.0189265	
54.90129	56.8613538	56.7842872	20.1047198	20.0189265	
54.91118	56.8613538	56.7842872	20.1047198	20.0189265	
54.92139	56.8613538	56.7842872	20.1047198	20.0189265	
54.93983	56.8613538	56.7842872	20.1047198	20.0189265	
54.94445	56.8613538	56.7842872	20.1047198	20.0189265	
54.95467	56.8613538	56.7842872	20.1047198	20.0189265	
54.96485	56.8613538	56.7842872	20.1047198	20.0189265	
54.97499	56.8613538	56.7842872	20.1047198	20.0189265	
54.98523	56.8613538	56.7842872	20.1047198	20.0189265	
54.99546	56.8613538	56.7842872	20.1047198	20.0189265	
55.00602	56.8613538	56.7842872	20.1047198	20.0189265	
55.01669	56.8613538	56.7842872	20.1047198	20.0189265	
55.02651	56.8613538	56.7842872	20.1047198	20.0189265	
55.03667	56.8613538	56.7842872	20.1047198	20.0189265	
55.04692	56.8613538	56.7842872	20.1047198	20.0189265	
55.05705	56.8613538	56.7842872	20.1047198	20.0189265	
55.06728	56.8613538	56.7842872	20.1047198	20.0189265	
55.07747	56.8613538	56.7842872	20.1047198	20.0189265	
55.08768	56.8613538	56.7842872	20.1047198	20.0189265	
55.09787	56.8613538	56.7842872	20.1047198	20.0189265	
55.11663	56.8613538	56.7842872	20.1047198	20.0189265	
55.12125	56.8613538	56.7842872	20.1047198	20.0189265	
55.13158	56.8613538	56.7842872	20.1047198	20.0189265	
55.14176	56.8613538	56.7842872	20.1047198	20.0189265	
55.15194	56.8613538	56.7842872	20.1047198	20.0189265	
55.16221	56.8613538	56.7842872	20.1047198	20.0189265	
55.17229	56.8613538	56.7842872	20.1047198	20.0189265	
55.18247	56.8613538	56.7842872	20.1047198	20.0189265	
55.19272	56.8613538	56.7842872	20.1047198	20.0189265	
55.203	56.8613538	56.7842872	20.1047198	20.0189265	
55.21308	56.8613538	56.7842872	20.1047198	20.0189265	
55.22339	56.8613538	56.7842872	20.1047198	20.0189265	
55.2336	56.8613538	56.7842872	20.1047198	20.0189265	
55.24378	56.8613538	56.7842872	20.1047198	20.0189265	
55.25399	56.8613538	56.7842872	20.1047198	20.0189265	
55.26722	56.8613538	56.7842872	20.1047198	20.0189265	
55.27409	56.8613538	56.7842872	20.1047198	20.0189265	
55.28417	56.8613538	56.7842872	20.1047198	20.0189265	
55.2943	56.8613538	56.7842872	20.1047198	20.0189265	
55.30566	56.8613538	56.7842872	20.1047198	20.0189265	
55.31463	56.8613538	56.7842872	20.1047198	20.0189265	
55.32476	56.8613538	56.7842872	20.1047198	20.0189265	
55.33486	56.8613538	56.7842872	20.1047198	20.0189265	
55.34498	56.8613538	56.7842872	20.1047198	20.0189265	
55.35563	56.8613538	56.7842872	20.1047198	20.0189265	
55.36573	56.8613538	56.7842872	20.1047198	20.0189265	
55.37588	56.8613538	56.7842872	20.1047198	20.0189265	
55.38604	56.8613538	56.7842872	20.1047198	20.0189265	
55.39612	56.8613538	56.7842872	20.1047198	20.0189265	
55.40745	56.8613538	56.7842872	20.1047198	20.0189265	
55.4164	56.8613538	56.7842872	20.1047198	20.0189265	
55.42659	56.8613538	56.7842872	20.1047198	20.0189265	
55.44607	56.8613538	56.7842872	20.1047198	20.0189265	
55.45071	56.8613538	56.7842872	20.1047198	20.0189265	
55.46061	56.8613538	56.7842872	20.1047198	20.0189265	
55.47072	56.8613538	56.7842872	20.1047198	20.0189265	
55.48089	56.8613538	56.7842872	20.1047198	20.0189265	
55.49097	56.8613538	56.7842872	20.1047198	20.0189265	
55.50111	56.8613538	56.7842872	20.1047198	20.0189265	
55.51134	56.8613538	56.7842872	20.1047198	20.0189265	
55.5295	56.8613538	56.7842872	20.1047198	20.0189265	
55.53386	56.8613538	56.7842872	20.1047198	20.0189265	
55.54399	56.8613538	56.7842872	20.1047198	20.0189265	
55.5542	56.8613538	56.7842872	20.1047198	20.0189265	
55.5643	56.8613538	56.7842872	20.1047198	20.0189265	
55.57442	56.8613538	56.7842872	20.1047198	20.0189265	
55.58457	56.8613538	56.7842872	20.1047198	20.0189265	
55.59465	56.8613538	56.7842872	20.1047198	20.0189265	
55.60482	56.8613538	56.7842872	20.1047198	20.0189265	
55.61505	56.8613538	56.7842872	20.1047198	20.0189265	
55.62521	56.8613538	56.7842872	20.1047198	20.0189265	
55.63537	56.8613538	56.7842872	20.1047198	20.0189265	
55.64541	56.8613538	56.7842872	20.1047198	20.0189265	
55.6556	56.8613538	56.7842872	20.1047198	20.0189265	
55.66573	56.8613538	56.7842872	20.1047198	20.0189265	
55.67587	56.8613538	56.7842872	20.1047198	20.0189265	
55.686	56.8613538	56.7842872	20.1047198	20.0189265	
55.6961	56.8613538	56.7842872	20.1047198	20.0189265	
55.70628	56.8613538	56.7842872	20.1047198	20.0189265	
55.71646	56.8613538	56.7842872	20.1047198	20.0189265	
55.72659	56.8613538	56.7842872	20.1047198	20.0189265	
55.73678	56.8613538	56.7842872	20.1047198	20.0189265	
55.74691	56.8613538	56.7842872	20.1047198	20.0189265	
55.75698	56.8613538	56.7842872	20.1047198	20.0189265	
55.76717	56.8613538	56.7842872	20.1047198	20.0189265	
55.77731	56.8613538	56.7842872	20.1047198	20.0189265	
55.78748	56.8613538	56.7842872	20.1047198	20.0189265	
55.79758	56.8613538	56.7842872	20.1047198	20.0189265	
55.80767	56.8613538	56.7842872	20.1047198	20.0189265	
55.81792	56.8613538	56.7842872	20.1047198	20.0189265	
55.82799	56.8613538	56.7842872	20.1047198	20.0189265	
55.83831	56.8613538	56.7842872	20.1047198	20.0189265	
55.84828	56.8613538	56.7842872	20.1047198	20.0189265	
55.85836	56.8613538	56.7842872	20.1047198	20.0189265	
55.86852	56.8613538	56.7842872	20.1047198	20.0189265	
55.87862	56.8613538	56.7842872	20.1047198	20.0189265	
55.88883	56.8613538	56.7842872	20.1047198	20.0189265	
55.89895	56.8613538	56.7842872	20.1047198	20.0189265	
55.90903	56.8613538	56.7842872	20.1047198	20.0189265	
55.91929	56.8613538	56.7842872	20.1047198	20.0189265	
55.92955	56.8613538	56.7842872	20.1047198	20.0189265	
55.93962	56.8613538	56.7842872	20.1047198	20.0189265	
55.94968	56.8613538	56.7842872	20.1047198	20.0189265	
55.9598	56.8613538	56.7842872	20.1047198	20.0189265	
55.97005	56.8613538	56.7842872	20.1047198	20.0189265	
55.98009	56.8613538	56.7842872	20.1047198	20.0189265	
55.99032	56.8613538	56.7842872	20.1047198	20.0189265	
56.00035	56.8613538	56.7842872	20.1047198	20.0189265	
56.01077	56.8613538	56.7842872	20.1047198	20.0189265	
56.02066	56.8613538	56.7842872	20.1047198	20.0189265	
56.03079	56.8613538	56.7842872	20.1047198	20.0189265	
56.04097	56.8613538	56.7842872	20.1047198	20.0189265	
56.05102	56.8613538	56.7842872	20.1047198	20.0189265	
56.06117	56.8613538	56.7842872	20.1047198	20.0189265	
56.07131	56.8613538	56.7842872	20.1047198	20.0189265	
56.08142	56.8613538	56.7842872	20.1047198	20.0189265	
56.09948	56.8613538	56.7842872	20.1047198	20.0189265	
56.10382	56.8613538	56.7842872	20.1047198	20.0189265	
56.11469	56.8613538	56.7842872	20.1047198	20.0189265	
56.12415	56.8613538	56.7842872	20.1047198	20.0189265	
56.13435	56.8613538	56.7842872	20.1047198	20.0189265	
56.14445	56.8613538	56.7842872	20.1047198	20.0189265	
56.15456	56.8613538	56.7842872	20.1047198	20.0189265	
56.16474	56.8613538	56.7842872	20.1047198	20.0189265	
56.17487	56.8613538	56.7842872	20.1047198	20.0189265	
56.18499	56.8613538	56.7842872	20.1047198	20.0189265	
56.19515	56.8613538	56.7842872	20.1047198	20.0189265	
56.20524	56.8613538	56.7842872	20.1047198	20.0189265	
56.21596	56.8613538	56.7842872	20.1047198	20.0189265	
56.2256	56.8613538	56.7842872	20.1047198	20.0189265	
56.23575	56.8613538	56.7842872	20.1047198	20.0189265	
56.24585	56.8613538	56.7842872	20.1047198	20.0189265	
56.256	56.8613538	56.7842872	20.1047198	20.0189265	
56.2662	56.8613538	56.7842872	20.1047198	20.0189265	
56.27631	56.8613538	56.7842872	20.1047198	20.0189265	
56.28643	56.8613538	56.7842872	20.1047198	20.0189265	
56.29659	56.8613538	56.7842872	20.1047198	20.0189265	
56.30667	56.8613538	56.7842872	20.1047198	20.0189265	
56.31718	56.8613538	56.7842872	20.1047198	20.0189265	
56.32711	56.8613538	56.7842872	20.1047198	20.0189265	
56.33712	56.8613538	56.7842872	20.1047198	20.0189265	
56.34727	56.8613538	56.7842872	20.1047198	20.0189265	
56.35735	56.8613538	56.7842872	20.1047198	20.0189265	
56.36755	56.8613538	56.7842872	20.1047198	20.0189265	
56.37767	56.8613538	56.7842872	20.1047198	20.0189265	
56.38776	56.8613538	56.7842872	20.1047198	20.0189265	
56.39795	56.8613538	56.7842872	20.1047198	20.0189265	
56.40803	56.8613538	56.7842872	20.1047198	20.0189265	
56.4184	56.8613538	56.7842872	20.1047198	20.0189265	
56.42839	56.8613538	56.7842872	20.1047198	20.0189265	
56.43855	56.8613538	56.7842872	20.1047198	20.0189265	
56.4487	56.8613538	56.7842872	20.1047198	20.0189265	
56.45875	56.8613538	56.7842872	20.1047198	20.0189265	
56.46892	56.8613538	56.7842872	20.1047198	20.0189265	
56.47911	56.8613538	56.7842872	20.1047198	20.0189265	
56.4892	56.8613538	56.7842872	20.1047198	20.0189265	
56.49932	56.8613538	56.7842872	20.1047198	20.0189265	
56.50948	56.8613538	56.7842872	20.1047198	20.0189265	
56.52093	56.8613538	56.7842872	20.1047198	20.0189265	
56.52972	56.8613538	56.7842872	20.1047198	20.0189265	
56.53989	56.8613538	56.7842872	20.1047198	20.0189265	
56.55	56.8613538	56.7842872	20.1047198	20.0189265	
56.5601	56.8613538	56.7842872	20.1047198	20.0189265	
56.57069	56.8613538	56.7842872	20.1047198	20.0189265	
56.58036	56.8613538	56.7842872	20.1047198	20.0189265	
56.59052	56.8613538	56.7842872	20.1047198	20.0189265	
56.60066	56.8613538	56.7842872	20.1047198	20.0189265	
56.61072	56.8613538	56.7842872	20.1047198	20.0189265	
56.6221	56.8613538	56.7842872	20.1047198	20.0189265	
56.63101	56.8613538	56.7842872	20.1047198	20.0189265	
56.64115	56.8613538	56.7842872	20.1047198	20.0189265	
56.65127	56.8613538	56.7842872	20.1047198	20.0189265	
56.66138	56.8613538	56.7842872	20.1047198	20.0189265	
56.67973	56.8613538	56.7842872	20.1047198	20.0189265	
56.68412	56.8613538	56.7842872	20.1047198	20.0189265	
56.69425	56.8613538	56.7842872	20.1047198	20.0189265	
56.70439	56.8613538	56.7842872	20.1047198	20.0189265	
56.71451	56.8613538	56.7842872	20.1047198	20.0189265	
56.72513	56.8613538	56.7842872	20.1047198	20.0189265	
56.73492	56.8613538	56.7842872	20.1047198	20.0189265	
56.745	56.8613538	56.7842872	20.1047198	20.0189265	
56.75512	56.8613538	56.7842872	20.1047198	20.0189265	
56.76521	56.8613538	56.7842872	20.1047198	20.0189265	
56.7754	56.8613538	56.7842872	20.1047198	20.0189265	
56.7855	56.8613538	56.7842872	20.1047198	20.0189265	
56.7957	56.8613538	56.7842872	20.1047198	20.0189265	
56.80587	56.8613538	56.7842872	20.1047198	20.0189265	
56.81591	56.8613538	56.7842872	20.1047198	20.0189265	
56.82635	56.8613538	56.7842872	20.1047198	20.0189265	
56.83649	56.8613538	56.7842872	20.1047198	20.0189265	
56.85515	56.8613538	56.7842872	20.1047198	20.0189265	
56.85959	56.8613538	56.7842872	20.1047198	20.0189265	
56.86963	56.8613538	56.7842872	20.1047198	20.0189265	
56.87977	56.8613538	56.7842872	20.1047198	20.0189265	
56.88994	56.8613538	56.7842872	20.1047198	20.0189265	
56.90007	56.8613538	56.7842872	20.1047198	20.0189265	
56.91023	56.8613538	56.7842872	20.1047198	20.0189265	
56.92071	56.8613538	56.7842872	20.1047198	20.0189265	
56.93064	56.8613538	56.7842872	20.1047198	20.0189265	
56.94063	56.8613538	56.7842872	20.1047198	20.0189265	
56.95078	56.8613538	56.7842872	20.1047198	20.0189265	
56.9609	56.8613538	56.7842872	20.1047198	20.0189265	
56.97103	56.8613538	56.7842872	20.1047198	20.0189265	
56.98112	56.8613538	56.7842872	20.1047198	20.0189265	
56.99125	56.8613538	56.7842872	20.1047198	20.0189265	
57.00145	56.8613538	56.7842872	20.1047198	20.0189265	
57.01167	56.8613538	56.7842872	20.1047198	20.0189265	
57.02226	56.8613538	56.7842872	20.1047198	20.0189265	
57.03191	56.8613538	56.7842872	20.1047198	20.0189265	
57.04208	56.8613538	56.7842872	20.1047198	20.0189265	
57.05219	56.8613538	56.7842872	20.1047198	20.0189265	
57.06225	56.8613538	56.7842872	20.1047198	20.0189265	
57.07242	56.8613538	56.7842872	20.1047198	20.0189265	
57.08251	56.8613538	56.7842872	20.1047198	20.0189265	
57.09265	56.8613538	56.7842872	20.1047198	20.0189265	
57.10278	56.8613538	56.7842872	20.1047198	20.0189265	
57.11306	56.8613538	56.7842872	20.1047198	20.0189265	
57.12372	56.8613538	56.7842872	20.1047198	20.0189265	
57.13389	56.8613538	56.7842872	20.1047198	20.0189265	
57.14406	56.8613538	56.7842872	20.1047198	20.0189265	
57.15465	56.8613538	56.7842872	20.1047198	20.0189265	
57.16427	56.8613538	56.7842872	20.1047198	20.0189265	
57.17445	56.8613538	56.7842872	20.1047198	20.0189265	
57.18455	56.8613538	56.7842872	20.1047198	20.0189265	
57.19473	56.8613538	56.7842872	20.1047198	20.0189265	
57.20484	56.8613538	56.7842872	20.1047198	20.0189265	
57.21494	56.8613538	56.7842872	20.1047198	20.0189265	
57.22528	56.8613538	56.7842872	20.1047198	20.0189265	
57.23554	56.8613538	56.7842872	20.1047198	20.0189265	
57.24549	56.8613538	56.7842872	20.1047198	20.0189265	
57.25564	56.8613538	56.7842872	20.1047198	20.0189265	
57.26572	56.8613538	56.7842872	20.1047198	20.0189265	
57.27588	56.8613538	56.7842872	20.1047198	20.0189265	
57.28602	56.8613538	56.7842872	20.1047198	20.0189265	
57.29615	56.8613538	56.7842872	20.1047198	20.0189265	
57.30633	56.8613538	56.7842872	20.1047198	20.0189265	
57.3164	56.8613538	56.7842872	20.1047198	20.0189265	
57.32655	56.8613538	56.7842872	20.1047198	20.0189265	
57.33677	56.8613538	56.7842872	20.1047198	20.0189265	
57.34687	56.8613538	56.7842872	20.1047198	20.0189265	
57.35726	56.8613538	56.7842872	20.1047198	20.0189265	
57.36712	56.8613538	56.7842872	20.1047198	20.0189265	
57.37724	56.8613538	56.7842872	20.1047198	20.0189265	
57.38736	56.8613538	56.7842872	20.1047198	20.0189265	
57.39753	56.8613538	56.7842872	20.1047198	20.0189265	
57.40765	56.8613538	56.7842872	20.1047198	20.0189265	
57.4178	56.8613538	56.7842872	20.1047198	20.0189265	
57.42789	56.8613538	56.7842872	20.1047198	20.0189265	
57.44259	56.8613538	56.7842872	20.1047198	20.0189265	
57.45313	56.8613538	56.7842872	20.1047198	20.0189265	
57.46316	56.8613538	56.7842872	20.1047198	20.0189265	
57.47335	56.8613538	56.7842872	20.1047198	20.0189265	
57.48347	56.8613538	56.7842872	20.1047198	20.0189265	
57.49366	56.8613538	56.7842872	20.1047198	20.0189265	
57.50379	56.8613538	56.7842872	20.1047198	20.0189265	
57.5139	56.8613538	56.7842872	20.1047198	20.0189265	
57.52406	56.8613538	56.7842872	20.1047198	20.0189265	
57.53417	56.8613538	56.7842872	20.1047198	20.0189265	
57.5446	56.8613538	56.7842872	20.1047198	20.0189265	
57.55476	56.8613538	56.7842872	20.1047198	20.0189265	
57.5651	56.8613538	56.7842872	20.1047198	20.0189265	
57.5752	56.8613538	56.7842872	20.1047198	20.0189265	
57.58532	56.8613538	56.7842872	20.1047198	20.0189265	
57.59552	56.8613538	56.7842872	20.1047198	20.0189265	
57.60562	56.8613538	56.7842872	20.1047198	20.0189265	
57.61578	56.8613538	56.7842872	20.1047198	20.0189265	
57.6259	56.8613538	56.7842872	20.1047198	20.0189265	
57.636	56.8613538	56.7842872	20.1047198	20.0189265	
57.64622	56.8613538	56.7842872	20.1047198	20.0189265	
57.65637	56.8613538	56.7842872	20.1047198	20.0189265	
57.6668	56.8613538	56.7842872	20.1047198	20.0189265	
57.67691	56.8613538	56.7842872	20.1047198	20.0189265	
57.687	56.8613538	56.7842872	20.1047198	20.0189265	
57.69719	56.8613538	56.7842872	20.1047198	20.0189265	
57.7073	56.8613538	56.7842872	20.1047198	20.0189265	
57.71743	56.8613538	56.7842872	20.1047198	20.0189265	
57.72756	56.8613538	56.7842872	20.1047198	20.0189265	
57.73768	56.8613538	56.7842872	20.1047198	20.0189265	
57.74793	56.8613538	56.7842872	20.1047198	20.0189265	
57.75803	56.8613538	56.7842872	20.1047198	20.0189265	
57.76821	56.8613538	56.7842872	20.1047198	20.0189265	
57.77862	56.8613538	56.7842872	20.1047198	20.0189265	
57.78843	56.8613538	56.7842872	20.1047198	20.0189265	
57.79861	56.8613538	56.7842872	20.1047198	20.0189265	
57.80876	56.8613538	56.7842872	20.1047198	20.0189265	
57.81887	56.8613538	56.7842872	20.1047198	20.0189265	
57.82899	56.8613538	56.7842872	20.1047198	20.0189265	
57.83924	56.8613538	56.7842872	20.1047198	20.0189265	
57.85034	56.8613538	56.7842872	20.1047198	20.0189265	
57.86034	56.8613538	56.7842872	20.1047198	20.0189265	
57.87075	56.8613538	56.7842872	20.1047198	20.0189265	
57.88063	56.8613538	56.7842872	20.1047198	20.0189265	
57.89095	56.8613538	56.7842872	20.1047198	20.0189265	
57.90095	56.8613538	56.7842872	20.1047198	20.0189265	
57.91106	56.8613538	56.7842872	20.1047198	20.0189265	
57.92121	56.8613538	56.7842872	20.1047198	20.0189265	
57.93143	56.8613538	56.7842872	20.1047198	20.0189265	
57.94143	56.8613538	56.7842872	20.1047198	20.0189265	
57.95172	56.8613538	56.7842872	20.1047198	20.0189265	
57.9618	56.8613538	56.7842872	20.1047198	20.0189265	
57.97193	56.8613538	56.7842872	20.1047198	20.0189265	
57.98201	56.8613538	56.7842872	20.1047198	20.0189265	
57.99245	56.8613538	56.7842872	20.1047198	20.0189265	
58.00237	56.8613538	56.7842872	20.1047198	20.0189265	
58.01243	56.8613538	56.7842872	20.1047198	20.0189265	
58.02255	56.8613538	56.7842872	20.1047198	20.0189265	
58.03265	56.8613538	56.7842872	20.1047198	20.0189265	
58.04282	56.8613538	56.7842872	20.1047198	20.0189265	
58.06088	56.8613538	56.7842872	20.1047198	20.0189265	
58.06562	56.8613538	56.7842872	20.1047198	20.0189265	
58.07543	56.8613538	56.7842872	20.1047198	20.0189265	
58.08559	56.8613538	56.7842872	20.1047198	20.0189265	
58.09573	56.8613538	56.7842872	20.1047198	20.0189265	
58.10589	56.8613538	56.7842872	20.1047198	20.0189265	
58.116	56.8613538	56.7842872	20.1047198	20.0189265	
58.12614	56.8613538	56.7842872	20.1047198	20.0189265	
58.13625	56.8613538	56.7842872	20.1047198	20.0189265	
58.14645	56.8613538	56.7842872	20.1047198	20.0189265	
58.15682	56.8613538	56.7842872	20.1047198	20.0189265	
58.16673	56.8613538	56.7842872	20.1047198	20.0189265	
58.17693	56.8613538	56.7842872	20.1047198	20.0189265	
58.18698	56.8613538	56.7842872	20.1047198	20.0189265	
58.1971	56.8613538	56.7842872	20.1047198	20.0189265	
58.20726	56.8613538	56.7842872	20.1047198	20.0189265	
58.2174	56.8613538	56.7842872	20.1047198	20.0189265	
58.22753	56.8613538	56.7842872	20.1047198	20.0189265	
58.23787	56.8613538	56.7842872	20.1047198	20.0189265	
58.24794	56.8613538	56.7842872	20.1047198	20.0189265	
58.25828	56.8613538	56.7842872	20.1047198	20.0189265	
58.26829	56.8613538	56.7842872	20.1047198	20.0189265	
58.27841	56.8613538	56.7842872	20.1047198	20.0189265	
58.28855	56.8613538	56.7842872	20.1047198	20.0189265	
58.29865	56.8613538	56.7842872	20.1047198	20.0189265	
58.30883	56.8613538	56.7842872	20.1047198	20.0189265	
58.31894	56.8613538	56.7842872	20.1047198	20.0189265	
58.3291	56.8613538	56.7842872	20.1047198	20.0189265	
58.33916	56.8613538	56.7842872	20.1047198	20.0189265	
58.34955	56.8613538	56.7842872	20.1047198	20.0189265	
58.35952	56.8613538	56.7842872	20.1047198	20.0189265	
58.36969	56.8613538	56.7842872	20.1047198	20.0189265	
58.37984	56.8613538	56.7842872	20.1047198	20.0189265	
58.38989	56.8613538	56.7842872	20.1047198	20.0189265	
58.40206	56.8613538	56.7842872	20.1047198	20.0189265	
58.418	56.8613538	56.7842872	20.1047198	20.0189265	
58.42234	56.8613538	56.7842872	20.1047198	20.0189265	
58.43246	56.8613538	56.7842872	20.1047198	20.0189265	
58.44263	56.8613538	56.7842872	20.1047198	20.0189265	
58.45363	56.8613538	56.7842872	20.1047198	20.0189265	
58.46319	56.8613538	56.7842872	20.1047198	20.0189265	
58.4731	56.8613538	56.7842872	20.1047198	20.0189265	
58.48319	56.8613538	56.7842872	20.1047198	20.0189265	
58.49335	56.8613538	56.7842872	20.1047198	20.0189265	
58.50365	56.8613538	56.7842872	20.1047198	20.0189265	
58.51373	56.8613538	56.7842872	20.1047198	20.0189265	
58.52394	56.8613538	56.7842872	20.1047198	20.0189265	
58.53408	56.8613538	56.7842872	20.1047198	20.0189265	
58.54418	56.8613538	56.7842872	20.1047198	20.0189265	
58.55486	56.8613538	56.7842872	20.1047198	20.0189265	
58.56451	56.8613538	56.7842872	20.1047198	20.0189265	
58.57469	56.8613538	56.7842872	20.1047198	20.0189265	
58.58476	56.8613538	56.7842872	20.1047198	20.0189265	
58.59493	56.8613538	56.7842872	20.1047198	20.0189265	
58.60508	56.8613538	56.7842872	20.1047198	20.0189265	
58.61521	56.8613538	56.7842872	20.1047198	20.0189265	
58.62535	56.8613538	56.7842872	20.1047198	20.0189265	
58.63549	56.8613538	56.7842872	20.1047198	20.0189265	
58.64559	56.8613538	56.7842872	20.1047198	20.0189265	
58.6561	56.8613538	56.7842872	20.1047198	20.0189265	
58.6664	56.8613538	56.7842872	20.1047198	20.0189265	
58.67607	56.8613538	56.7842872	20.1047198	20.0189265	
58.68621	56.8613538	56.7842872	20.1047198	20.0189265	
58.69634	56.8613538	56.7842872	20.1047198	20.0189265	
58.70653	56.8613538	56.7842872	20.1047198	20.0189265	
58.71661	56.8613538	56.7842872	20.1047198	20.0189265	
58.72674	56.8613538	56.7842872	20.1047198	20.0189265	
58.73713	56.8613538	56.7842872	20.1047198	20.0189265	
58.74701	56.8613538	56.7842872	20.1047198	20.0189265	
58.75732	56.8613538	56.7842872	20.1047198	20.0189265	
58.76734	56.8613538	56.7842872	20.1047198	20.0189265	
58.77746	56.8613538	56.7842872	20.1047198	20.0189265	
58.78765	56.8613538	56.7842872	20.1047198	20.0189265	
58.79778	56.8613538	56.7842872	20.1047198	20.0189265	
58.80792	56.8613538	56.7842872	20.1047198	20.0189265	
58.81803	56.8613538	56.7842872	20.1047198	20.0189265	
58.82816	56.8613538	56.7842872	20.1047198	20.0189265	
58.83824	56.8613538	56.7842872	20.1047198	20.0189265	
58.8508	56.8613538	56.7842872	20.1047198	20.0189265	
58.85968	56.8613538	56.7842872	20.1047198	20.0189265	
58.86862	56.8613538	56.7842872	20.1047198	20.0189265	
58.8788	56.8613538	56.7842872	20.1047198	20.0189265	
58.889	56.8613538	56.7842872	20.1047198	20.0189265	
58.89948	56.8613538	56.7842872	20.1047198	20.0189265	
58.90925	56.8613538	56.7842872	20.1047198	20.0189265	
58.91936	56.8613538	56.7842872	20.1047198	20.0189265	
58.92948	56.8613538	56.7842872	20.1047198	20.0189265	
58.93967	56.8613538	56.7842872	20.1047198	20.0189265	
58.94972	56.8613538	56.7842872	20.1047198	20.0189265	
58.96114	56.8613538	56.7842872	20.1047198	20.0189265	
58.97003	56.8613538	56.7842872	20.1047198	20.0189265	
58.98013	56.8613538	56.7842872	20.1047198	20.0189265	
58.99035	56.8613538	56.7842872	20.1047198	20.0189265	
59.00043	56.8613538	56.7842872	20.1047198	20.0189265	
59.01093	56.8613538	56.7842872	20.1047198	20.0189265	
59.02065	56.8613538	56.7842872	20.1047198	20.0189265	
59.03076	56.8613538	56.7842872	20.1047198	20.0189265	
59.04092	56.8613538	56.7842872	20.1047198	20.0189265	
59.05101	56.8613538	56.7842872	20.1047198	20.0189265	
59.06228	56.8613538	56.7842872	20.1047198	20.0189265	
59.07178	56.8613538	56.7842872	20.1047198	20.0189265	
59.0814	56.8613538	56.7842872	20.1047198	20.0189265	
59.09161	56.8613538	56.7842872	20.1047198	20.0189265	
59.10982	56.8613538	56.7842872	20.1047198	20.0189265	
59.11427	56.8613538	56.7842872	20.1047198	20.0189265	
59.12435	56.8613538	56.7842872	20.1047198	20.0189265	
59.13449	56.8613538	56.7842872	20.1047198	20.0189265	
59.14465	56.8613538	56.7842872	20.1047198	20.0189265	
59.15475	56.8613538	56.7842872	20.1047198	20.0189265	
59.17394	56.8613538	56.7842872	20.1047198	20.0189265	
59.17863	56.8613538	56.7842872	20.1047198	20.0189265	
59.18846	56.8613538	56.7842872	20.1047198	20.0189265	
59.19889	56.8613538	56.7842872	20.1047198	20.0189265	
59.20872	56.8613538	56.7842872	20.1047198	20.0189265	
59.2189	56.8613538	56.7842872	20.1047198	20.0189265	
59.22901	56.8613538	56.7842872	20.1047198	20.0189265	
59.23919	56.8613538	56.7842872	20.1047198	20.0189265	
59.24931	56.8613538	56.7842872	20.1047198	20.0189265	
59.25956	56.8613538	56.7842872	20.1047198	20.0189265	
59.26965	56.8613538	56.7842872	20.1047198	20.0189265	
59.27974	56.8613538	56.7842872	20.1047198	20.0189265	
59.28989	56.8613538	56.7842872	20.1047198	20.0189265	
59.30008	56.8613538	56.7842872	20.1047198	20.0189265	
59.31066	56.8613538	56.7842872	20.1047198	20.0189265	
59.32032	56.8613538	56.7842872	20.1047198	20.0189265	
59.3305	56.8613538	56.7842872	20.1047198	20.0189265	
59.34058	56.8613538	56.7842872	20.1047198	20.0189265	
59.35073	56.8613538	56.7842872	20.1047198	20.0189265	
59.36099	56.8613538	56.7842872	20.1047198	20.0189265	
59.37106	56.8613538	56.7842872	20.1047198	20.0189265	
59.38116	56.8613538	56.7842872	20.1047198	20.0189265	
59.3913	56.8613538	56.7842872	20.1047198	20.0189265	
59.40141	56.8613538	56.7842872	20.1047198	20.0189265	
59.41992	56.8613538	56.7842872	20.1047198	20.0189265	
59.42428	56.8613538	56.7842872	20.1047198	20.0189265	
59.44447	56.8613538	56.7842872	20.1047198	20.0189265	
59.44886	56.8613538	56.7842872	20.1047198	20.0189265	
59.45895	56.8613538	56.7842872	20.1047198	20.0189265	
59.46984	56.8613538	56.7842872	20.1047198	20.0189265	
59.47995	56.8613538	56.7842872	20.1047198	20.0189265	
59.49011	56.8613538	56.7842872	20.1047198	20.0189265	
59.50025	56.8613538	56.7842872	20.1047198	20.0189265	
59.51069	56.8613538	56.7842872	20.1047198	20.0189265	
59.52056	56.8613538	56.7842872	20.1047198	20.0189265	
59.53061	56.8613538	56.7842872	20.1047198	20.0189265	
59.54072	56.8613538	56.7842872	20.1047198	20.0189265	
59.55377	56.8613538	56.7842872	20.1047198	20.0189265	
59.56396	56.8613538	56.7842872	20.1047198	20.0189265	
59.57414	56.8613538	56.7842872	20.1047198	20.0189265	
59.58422	56.8613538	56.7842872	20.1047198	20.0189265	
59.59447	56.8613538	56.7842872	20.1047198	20.0189265	
59.60448	56.8613538	56.7842872	20.1047198	20.0189265	
59.61467	56.8613538	56.7842872	20.1047198	20.0189265	
59.6248	56.8613538	56.7842872	20.1047198	20.0189265	
59.63495	56.8613538	56.7842872	20.1047198	20.0189265	
59.64507	56.8613538	56.7842872	20.1047198	20.0189265	
59.65518	56.8613538	56.7842872	20.1047198	20.0189265	
59.66535	56.8613538	56.7842872	20.1047198	20.0189265	
59.67555	56.8613538	56.7842872	20.1047198	20.0189265	
59.6857	56.8613538	56.7842872	20.1047198	20.0189265	
59.69584	56.8613538	56.7842872	20.1047198	20.0189265	
59.70592	56.8613538	56.7842872	20.1047198	20.0189265	
59.71639	56.8613538	56.7842872	20.1047198	20.0189265	
59.72626	56.8613538	56.7842872	20.1047198	20.0189265	
59.73657	56.8613538	56.7842872	20.1047198	20.0189265	
59.74657	56.8613538	56.7842872	20.1047198	20.0189265	
59.75663	56.8613538	56.7842872	20.1047198	20.0189265	
59.76679	56.8613538	56.7842872	20.1047198	20.0189265	
59.77703	56.8613538	56.7842872	20.1047198	20.0189265	
59.78714	56.8613538	56.7842872	20.1047198	20.0189265	
59.79728	56.8613538	56.7842872	20.1047198	20.0189265	
59.80737	56.8613538	56.7842872	20.1047198	20.0189265	
59.81759	56.8613538	56.7842872	20.1047198	20.0189265	
59.82775	56.8613538	56.7842872	20.1047198	20.0189265	
59.83781	56.8613538	56.7842872	20.1047198	20.0189265	
59.84858	56.8613538	56.7842872	20.1047198	20.0189265	
59.85813	56.8613538	56.7842872	20.1047198	20.0189265	
59.86825	56.8613538	56.7842872	20.1047198	20.0189265	
59.87842	56.8613538	56.7842872	20.1047198	20.0189265	
59.88852	56.8613538	56.7842872	20.1047198	20.0189265	
59.89877	56.8613538	56.7842872	20.1047198	20.0189265	
59.90888	56.8613538	56.7842872	20.1047198	20.0189265	
59.91895	56.8613538	56.7842872	20.1047198	20.0189265	
59.92917	56.8613538	56.7842872	20.1047198	20.0189265	
59.93926	56.8613538	56.7842872	20.1047198	20.0189265	
59.94932	56.8613538	56.7842872	20.1047198	20.0189265	
59.9595	56.8613538	56.7842872	20.1047198	20.0189265	
59.96958	56.8613538	56.7842872	20.1047198	20.0189265	
59.97987	56.8613538	56.7842872	20.1047198	20.0189265	
59.98992	56.8613538	56.7842872	20.1047198	20.0189265	
60.00006	56.8613538	56.7842872	20.1047198	20.0189265	
60.01024	56.8613538	56.7842872	20.1047198	20.0189265	
60.02069	56.8613538	56.7842872	20.1047198	20.0189265	
60.03049	56.8613538	56.7842872	20.1047198	20.0189265	
60.04056	56.8613538	56.7842872	20.1047198	20.0189265	
60.05073	56.8613538	56.7842872	20.1047198	20.0189265	
60.06081	56.8613538	56.7842872	20.1047198	20.0189265	
60.07096	56.8613538	56.7842872	20.1047198	20.0189265	
60.08118	56.8613538	56.7842872	20.1047198	20.0189265	
60.09129	56.8613538	56.7842872	20.1047198	20.0189265	
60.1014	56.8613538	56.7842872	20.1047198	20.0189265	
60.11158	56.8613538	56.7842872	20.1047198	20.0189265	
60.12227	56.8613538	56.7842872	20.1047198	20.0189265	
60.13193	56.8613538	56.7842872	20.1047198	20.0189265	
60.14196	56.8613538	56.7842872	20.1047198	20.0189265	
60.15208	56.8613538	56.7842872	20.1047198	20.0189265	
60.16219	56.8613538	56.7842872	20.1047198	20.0189265	
60.17243	56.8613538	56.7842872	20.1047198	20.0189265	
60.18251	56.8613538	56.7842872	20.1047198	20.0189265	
60.19264	56.8613538	56.7842872	20.1047198	20.0189265	
60.20278	56.8613538	56.7842872	20.1047198	20.0189265	
60.21284	56.8613538	56.7842872	20.1047198	20.0189265	
60.23134	56.8613538	56.7842872	20.1047198	20.0189265	
60.23589	56.8613538	56.7842872	20.1047198	20.0189265	
60.24586	56.8613538	56.7842872	20.1047198	20.0189265	
60.25602	56.8613538	56.7842872	20.1047198	20.0189265	
60.26614	56.8613538	56.7842872	20.1047198	20.0189265	
60.27742	56.8613538	56.7842872	20.1047198	20.0189265	
60.28642	56.8613538	56.7842872	20.1047198	20.0189265	
60.29662	56.8613538	56.7842872	20.1047198	20.0189265	
60.30675	56.8613538	56.7842872	20.1047198	20.0189265	
60.31683	56.8613538	56.7842872	20.1047198	20.0189265	
60.32731	56.8613538	56.7842872	20.1047198	20.0189265	
60.33718	56.8613538	56.7842872	20.1047198	20.0189265	
60.34729	56.8613538	56.7842872	20.1047198	20.0189265	
60.35782	56.8613538	56.7842872	20.1047198	20.0189265	
60.36792	56.8613538	56.7842872	20.1047198	20.0189265	
60.37869	56.8613538	56.7842872	20.1047198	20.0189265	
60.38816	56.8613538	56.7842872	20.1047198	20.0189265	
60.39872	56.8613538	56.7842872	20.1047198	20.0189265	
60.40848	56.8613538	56.7842872	20.1047198	20.0189265	
60.41861	56.8613538	56.7842872	20.1047198	20.0189265	
60.42878	56.8613538	56.7842872	20.1047198	20.0189265	
60.43889	56.8613538	56.7842872	20.1047198	20.0189265	
60.4491	56.8613538	56.7842872	20.1047198	20.0189265	
60.45916	56.8613538	56.7842872	20.1047198	20.0189265	
60.46952	56.8613538	56.7842872	20.1047198	20.0189265	
60.48	56.8613538	56.7842872	20.1047198	20.0189265	
60.48956	56.8613538	56.7842872	20.1047198	20.0189265	
60.49974	56.8613538	56.7842872	20.1047198	20.0189265	
60.50983	56.8613538	56.7842872	20.1047198	20.0189265	
60.51995	56.8613538	56.7842872	20.1047198	20.0189265	
60.53011	56.8613538	56.7842872	20.1047198	20.0189265	
60.54025	56.8613538	56.7842872	20.1047198	20.0189265	
60.55035	56.8613538	56.7842872	20.1047198	20.0189265	
60.56048	56.8613538	56.7842872	20.1047198	20.0189265	
60.57092	56.8613538	56.7842872	20.1047198	20.0189265	
60.58134	56.8613538	56.7842872	20.1047198	20.0189265	
60.59085	56.8613538	56.7842872	20.1047198	20.0189265	
60.60107	56.8613538	56.7842872	20.1047198	20.0189265	
60.61114	56.8613538	56.7842872	20.1047198	20.0189265	
60.62123	56.8613538	56.7842872	20.1047198	20.0189265	
60.63139	56.8613538	56.7842872	20.1047198	20.0189265	
60.64161	56.8613538	56.7842872	20.1047198	20.0189265	
60.65172	56.8613538	56.7842872	20.1047198	20.0189265	
60.6618	56.8613538	56.7842872	20.1047198	20.0189265	
60.67189	56.8613538	56.7842872	20.1047198	20.0189265	
60.68267	56.8613538	56.7842872	20.1047198	20.0189265	
60.69218	56.8613538	56.7842872	20.1047198	20.0189265	
60.70237	56.8613538	56.7842872	20.1047198	20.0189265	
60.71246	56.8613538	56.7842872	20.1047198	20.0189265	
60.72262	56.8613538	56.7842872	20.1047198	20.0189265	
60.73273	56.8613538	56.7842872	20.1047198	20.0189265	
60.7429	56.8613538	56.7842872	20.1047198	20.0189265	
60.7531	56.8613538	56.7842872	20.1047198	20.0189265	
60.76317	56.8613538	56.7842872	20.1047198	20.0189265	
60.77327	56.8613538	56.7842872	20.1047198	20.0189265	
60.78396	56.8613538	56.7842872	20.1047198	20.0189265	
60.79379	56.8613538	56.7842872	20.1047198	20.0189265	
60.80396	56.8613538	56.7842872	20.1047198	20.0189265	
60.81403	56.8613538	56.7842872	20.1047198	20.0189265	
60.82413	56.8613538	56.7842872	20.1047198	20.0189265	
60.83428	56.8613538	56.7842872	20.1047198	20.0189265	
60.84445	56.8613538	56.7842872	20.1047198	20.0189265	
60.86446	56.8613538	56.7842872	20.1047198	20.0189265	
60.86882	56.8613538	56.7842872	20.1047198	20.0189265	
60.87895	56.8613538	56.7842872	20.1047198	20.0189265	
60.88921	56.8613538	56.7842872	20.1047198	20.0189265	
60.8993	56.8613538	56.7842872	20.1047198	20.0189265	
60.90946	56.8613538	56.7842872	20.1047198	20.0189265	
60.91958	56.8613538	56.7842872	20.1047198	20.0189265	
60.92966	56.8613538	56.7842872	20.1047198	20.0189265	
60.93988	56.8613538	56.7842872	20.1047198	20.0189265	
60.94995	56.8613538	56.7842872	20.1047198	20.0189265	
60.96012	56.8613538	56.7842872	20.1047198	20.0189265	
60.97026	56.8613538	56.7842872	20.1047198	20.0189265	
60.98069	56.8613538	56.7842872	20.1047198	20.0189265	
60.99054	56.8613538	56.7842872	20.1047198	20.0189265	
61.00063	56.8613538	56.7842872	20.1047198	20.0189265	
61.0108	56.8613538	56.7842872	20.1047198	20.0189265	
61.02087	56.8613538	56.7842872	20.1047198	20.0189265	
61.03105	56.8613538	56.7842872	20.1047198	20.0189265	
61.04122	56.8613538	56.7842872	20.1047198	20.0189265	
61.05134	56.8613538	56.7842872	20.1047198	20.0189265	
61.06142	56.8613538	56.7842872	20.1047198	20.0189265	
61.07159	56.8613538	56.7842872	20.1047198	20.0189265	
61.08212	56.8613538	56.7842872	20.1047198	20.0189265	
61.09195	56.8613538	56.7842872	20.1047198	20.0189265	
61.10202	56.8613538	56.7842872	20.1047198	20.0189265	
61.11215	56.8613538	56.7842872	20.1047198	20.0189265	
61.12223	56.8613538	56.7842872	20.1047198	20.0189265	
61.13244	56.8613538	56.7842872	20.1047198	20.0189265	
61.1425	56.8613538	56.7842872	20.1047198	20.0189265	
61.15275	56.8613538	56.7842872	20.1047198	20.0189265	
61.16279	56.8613538	56.7842872	20.1047198	20.0189265	
61.17287	56.8613538	56.7842872	20.1047198	20.0189265	
61.19139	56.8613538	56.7842872	20.1047198	20.0189265	
61.1958	56.8613538	56.7842872	20.1047198	20.0189265	
61.20596	56.8613538	56.7842872	20.1047198	20.0189265	
61.21612	56.8613538	56.7842872	20.1047198	20.0189265	
61.22619	56.8613538	56.7842872	20.1047198	20.0189265	
61.23635	56.8613538	56.7842872	20.1047198	20.0189265	
61.24651	56.8613538	56.7842872	20.1047198	20.0189265	
61.25666	56.8613538	56.7842872	20.1047198	20.0189265	
61.26683	56.8613538	56.7842872	20.1047198	20.0189265	
61.27688	56.8613538	56.7842872	20.1047198	20.0189265	
61.28705	56.8613538	56.7842872	20.1047198	20.0189265	
61.29729	56.8613538	56.7842872	20.1047198	20.0189265	
61.3074	56.8613538	56.7842872	20.1047198	20.0189265	
61.31752	56.8613538	56.7842872	20.1047198	20.0189265	
61.32761	56.8613538	56.7842872	20.1047198	20.0189265	
61.33775	56.8613538	56.7842872	20.1047198	20.0189265	
61.34795	56.8613538	56.7842872	20.1047198	20.0189265	
61.35802	56.8613538	56.7842872	20.1047198	20.0189265	
61.36818	56.8613538	56.7842872	20.1047198	20.0189265	
61.37826	56.8613538	56.7842872	20.1047198	20.0189265	
61.38841	56.8613538	56.7842872	20.1047198	20.0189265	
61.39865	56.8613538	56.7842872	20.1047198	20.0189265	
61.40873	56.8613538	56.7842872	20.1047198	20.0189265	
61.41888	56.8613538	56.7842872	20.1047198	20.0189265	
61.42894	56.8613538	56.7842872	20.1047198	20.0189265	
61.44842	56.8613538	56.7842872	20.1047198	20.0189265	
61.45308	56.8613538	56.7842872	20.1047198	20.0189265	
61.46304	56.8613538	56.7842872	20.1047198	20.0189265	
61.47316	56.8613538	56.7842872	20.1047198	20.0189265	
61.48321	56.8613538	56.7842872	20.1047198	20.0189265	
61.49402	56.8613538	56.7842872	20.1047198	20.0189265	
61.50375	56.8613538	56.7842872	20.1047198	20.0189265	
61.51386	56.8613538	56.7842872	20.1047198	20.0189265	
61.52411	56.8613538	56.7842872	20.1047198	20.0189265	
61.53414	56.8613538	56.7842872	20.1047198	20.0189265	
61.54434	56.8613538	56.7842872	20.1047198	20.0189265	
61.55451	56.8613538	56.7842872	20.1047198	20.0189265	
61.56464	56.8613538	56.7842872	20.1047198	20.0189265	
61.57475	56.8613538	56.7842872	20.1047198	20.0189265	
61.58486	56.8613538	56.7842872	20.1047198	20.0189265	
61.59534	56.8613538	56.7842872	20.1047198	20.0189265	
61.60517	56.8613538	56.7842872	20.1047198	20.0189265	
61.61562	56.8613538	56.7842872	20.1047198	20.0189265	
61.6255	56.8613538	56.7842872	20.1047198	20.0189265	
61.63557	56.8613538	56.7842872	20.1047198	20.0189265	
61.64575	56.8613538	56.7842872	20.1047198	20.0189265	
61.65589	56.8613538	56.7842872	20.1047198	20.0189265	
61.66608	56.8613538	56.7842872	20.1047198	20.0189265	
61.67622	56.8613538	56.7842872	20.1047198	20.0189265	
61.68632	56.8613538	56.7842872	20.1047198	20.0189265	
61.70583	56.8613538	56.7842872	20.1047198	20.0189265	
61.71027	56.8613538	56.7842872	20.1047198	20.0189265	
61.72038	56.8613538	56.7842872	20.1047198	20.0189265	
61.73054	56.8613538	56.7842872	20.1047198	20.0189265	
61.74098	56.8613538	56.7842872	20.1047198	20.0189265	
61.75077	56.8613538	56.7842872	20.1047198	20.0189265	
61.76088	56.8613538	56.7842872	20.1047198	20.0189265	
61.77107	56.8613538	56.7842872	20.1047198	20.0189265	
61.78115	56.8613538	56.7842872	20.1047198	20.0189265	
61.79128	56.8613538	56.7842872	20.1047198	20.0189265	
61.80157	56.8613538	56.7842872	20.1047198	20.0189265	
61.81207	56.8613538	56.7842872	20.1047198	20.0189265	
61.82182	56.8613538	56.7842872	20.1047198	20.0189265	
61.83191	56.8613538	56.7842872	20.1047198	20.0189265	
61.84237	56.8613538	56.7842872	20.1047198	20.0189265	
61.85253	56.8613538	56.7842872	20.1047198	20.0189265	
61.86249	56.8613538	56.7842872	20.1047198	20.0189265	
61.87247	56.8613538	56.7842872	20.1047198	20.0189265	
61.88264	56.8613538	56.7842872	20.1047198	20.0189265	
61.89273	56.8613538	56.7842872	20.1047198	20.0189265	
61.9029	56.8613538	56.7842872	20.1047198	20.0189265	
61.9209	56.8613538	56.7842872	20.1047198	20.0189265	
61.92529	56.8613538	56.7842872	20.1047198	20.0189265	
61.93552	56.8613538	56.7842872	20.1047198	20.0189265	
61.94555	56.8613538	56.7842872	20.1047198	20.0189265	
61.95569	56.8613538	56.7842872	20.1047198	20.0189265	
61.96587	56.8613538	56.7842872	20.1047198	20.0189265	
61.97597	56.8613538	56.7842872	20.1047198	20.0189265	
61.98609	56.8613538	56.7842872	20.1047198	20.0189265	
61.99732	56.8613538	56.7842872	20.1047198	20.0189265	
62.00646	56.8613538	56.7842872	20.1047198	20.0189265	
62.01687	56.8613538	56.7842872	20.1047198	20.0189265	
62.0268	56.8613538	56.7842872	20.1047198	20.0189265	
62.03683	56.8613538	56.7842872	20.1047198	20.0189265	
62.047	56.8613538	56.7842872	20.1047198	20.0189265	
62.05719	56.8613538	56.7842872	20.1047198	20.0189265	
62.0673	56.8613538	56.7842872	20.1047198	20.0189265	
62.07746	56.8613538	56.7842872	20.1047198	20.0189265	
62.08753	56.8613538	56.7842872	20.1047198	20.0189265	
62.09854	56.8613538	56.7842872	20.1047198	20.0189265	
62.10793	56.8613538	56.7842872	20.1047198	20.0189265	
62.11805	56.8613538	56.7842872	20.1047198	20.0189265	
62.12814	56.8613538	56.7842872	20.1047198	20.0189265	
62.13826	56.8613538	56.7842872	20.1047198	20.0189265	
62.14844	56.8613538	56.7842872	20.1047198	20.0189265	
62.15856	56.8613538	56.7842872	20.1047198	20.0189265	
62.16871	56.8613538	56.7842872	20.1047198	20.0189265	
62.17889	56.8613538	56.7842872	20.1047198	20.0189265	
62.18927	56.8613538	56.7842872	20.1047198	20.0189265	
62.19981	56.8613538	56.7842872	20.1047198	20.0189265	
62.21743	56.8613538	56.7842872	20.1047198	20.0189265	
62.22182	56.8613538	56.7842872	20.1047198	20.0189265	
62.23195	56.8613538	56.7842872	20.1047198	20.0189265	
62.24249	56.8613538	56.7842872	20.1047198	20.0189265	
62.25242	56.8613538	56.7842872	20.1047198	20.0189265	
62.26254	56.8613538	56.7842872	20.1047198	20.0189265	
62.27291	56.8613538	56.7842872	20.1047198	20.0189265	
62.28282	56.8613538	56.7842872	20.1047198	20.0189265	
62.29293	56.8613538	56.7842872	20.1047198	20.0189265	
62.31173	56.8613538	56.7842872	20.1047198	20.0189265	
62.31622	56.8613538	56.7842872	20.1047198	20.0189265	
62.3263	56.8613538	56.7842872	20.1047198	20.0189265	
62.33646	56.8613538	56.7842872	20.1047198	20.0189265	
62.34665	56.8613538	56.7842872	20.1047198	20.0189265	
62.35674	56.8613538	56.7842872	20.1047198	20.0189265	
62.36686	56.8613538	56.7842872	20.1047198	20.0189265	
62.37705	56.8613538	56.7842872	20.1047198	20.0189265	
62.38717	56.8613538	56.7842872	20.1047198	20.0189265	
62.3973	56.8613538	56.7842872	20.1047198	20.0189265	
62.40753	56.8613538	56.7842872	20.1047198	20.0189265	
62.41765	56.8613538	56.7842872	20.1047198	20.0189265	
62.42781	56.8613538	56.7842872	20.1047198	20.0189265	
62.43792	56.8613538	56.7842872	20.1047198	20.0189265	
62.44801	56.8613538	56.7842872	20.1047198	20.0189265	
62.45822	56.8613538	56.7842872	20.1047198	20.0189265	
62.46836	56.8613538	56.7842872	20.1047198	20.0189265	
62.47849	56.8613538	56.7842872	20.1047198	20.0189265	
62.48866	56.8613538	56.7842872	20.1047198	20.0189265	
62.49881	56.8613538	56.7842872	20.1047198	20.0189265	
62.5091	56.8613538	56.7842872	20.1047198	20.0189265	
62.51924	56.8613538	56.7842872	20.1047198	20.0189265	
62.52938	56.8613538	56.7842872	20.1047198	20.0189265	
62.53947	56.8613538	56.7842872	20.1047198	20.0189265	
62.54959	56.8613538	56.7842872	20.1047198	20.0189265	
62.55973	56.8613538	56.7842872	20.1047198	20.0189265	
62.56985	56.8613538	56.7842872	20.1047198	20.0189265	
62.58001	56.8613538	56.7842872	20.1047198	20.0189265	
62.59008	56.8613538	56.7842872	20.1047198	20.0189265	
62.60067	56.8613538	56.7842872	20.1047198	20.0189265	
62.61044	56.8613538	56.7842872	20.1047198	20.0189265	
62.62053	56.8613538	56.7842872	20.1047198	20.0189265	
62.63064	56.8613538	56.7842872	20.1047198	20.0189265	
62.64075	56.8613538	56.7842872	20.1047198	20.0189265	
62.65096	56.8613538	56.7842872	20.1047198	20.0189265	
62.66106	56.8613538	56.7842872	20.1047198	20.0189265	
62.67116	56.8613538	56.7842872	20.1047198	20.0189265	
62.68133	56.8613538	56.7842872	20.1047198	20.0189265	
62.69144	56.8613538	56.7842872	20.1047198	20.0189265	
62.71064	56.8613538	56.7842872	20.1047198	20.0189265	
62.71507	56.8613538	56.7842872	20.1047198	20.0189265	
62.72519	56.8613538	56.7842872	20.1047198	20.0189265	
62.73534	56.8613538	56.7842872	20.1047198	20.0189265	
62.74552	56.8613538	56.7842872	20.1047198	20.0189265	
62.75565	56.8613538	56.7842872	20.1047198	20.0189265	
62.76576	56.8613538	56.7842872	20.1047198	20.0189265	
62.77592	56.8613538	56.7842872	20.1047198	20.0189265	
62.78603	56.8613538	56.7842872	20.1047198	20.0189265	
62.7962	56.8613538	56.7842872	20.1047198	20.0189265	
62.80753	56.8613538	56.7842872	20.1047198	20.0189265	
62.8165	56.8613538	56.7842872	20.1047198	20.0189265	
62.82698	56.8613538	56.7842872	20.1047198	20.0189265	
62.83673	56.8613538	56.7842872	20.1047198	20.0189265	
62.84683	56.8613538	56.7842872	20.1047198	20.0189265	
62.85914	56.8613538	56.7842872	20.1047198	20.0189265	
62.8671	56.8613538	56.7842872	20.1047198	20.0189265	
62.87723	56.8613538	56.7842872	20.1047198	20.0189265	
62.88736	56.8613538	56.7842872	20.1047198	20.0189265	
62.89754	56.8613538	56.7842872	20.1047198	20.0189265	
62.90874	56.8613538	56.7842872	20.1047198	20.0189265	
62.91788	56.8613538	56.7842872	20.1047198	20.0189265	
62.92802	56.8613538	56.7842872	20.1047198	20.0189265	
62.93818	56.8613538	56.7842872	20.1047198	20.0189265	
62.94831	56.8613538	56.7842872	20.1047198	20.0189265	
62.95845	56.8613538	56.7842872	20.1047198	20.0189265	
62.96858	56.8613538	56.7842872	20.1047198	20.0189265	
62.9788	56.8613538	56.7842872	20.1047198	20.0189265	
62.98881	56.8613538	56.7842872	20.1047198	20.0189265	
62.99897	56.8613538	56.7842872	20.1047198	20.0189265	
63.01003	56.8613538	56.7842872	20.1047198	20.0189265	
63.01935	56.8613538	56.7842872	20.1047198	20.0189265	
63.02944	56.8613538	56.7842872	20.1047198	20.0189265	
63.03955	56.8613538	56.7842872	20.1047198	20.0189265	
63.0497	56.8613538	56.7842872	20.1047198	20.0189265	
63.05976	56.8613538	56.7842872	20.1047198	20.0189265	
63.06994	56.8613538	56.7842872	20.1047198	20.0189265	
63.08007	56.8613538	56.7842872	20.1047198	20.0189265	
63.09014	56.8613538	56.7842872	20.1047198	20.0189265	
63.10041	56.8613538	56.7842872	20.1047198	20.0189265	
63.11125	56.8613538	56.7842872	20.1047198	20.0189265	
63.12063	56.8613538	56.7842872	20.1047198	20.0189265	
63.13079	56.8613538	56.7842872	20.1047198	20.0189265	
63.14089	56.8613538	56.7842872	20.1047198	20.0189265	
63.15099	56.8613538	56.7842872	20.1047198	20.0189265	
63.16112	56.8613538	56.7842872	20.1047198	20.0189265	
63.17126	56.8613538	56.7842872	20.1047198	20.0189265	
63.18136	56.8613538	56.7842872	20.1047198	20.0189265	
63.19162	56.8613538	56.7842872	20.1047198	20.0189265	
63.20172	56.8613538	56.7842872	20.1047198	20.0189265	
63.21248	56.8613538	56.7842872	20.1047198	20.0189265	
63.22228	56.8613538	56.7842872	20.1047198	20.0189265	
63.23207	56.8613538	56.7842872	20.1047198	20.0189265	
63.24235	56.8613538	56.7842872	20.1047198	20.0189265	
63.25231	56.8613538	56.7842872	20.1047198	20.0189265	
63.26246	56.8613538	56.7842872	20.1047198	20.0189265	
63.27256	56.8613538	56.7842872	20.1047198	20.0189265	
63.28277	56.8613538	56.7842872	20.1047198	20.0189265	
63.29282	56.8613538	56.7842872	20.1047198	20.0189265	
63.30302	56.8613538	56.7842872	20.1047198	20.0189265	
63.32212	56.8613538	56.7842872	20.1047198	20.0189265	
63.32688	56.8613538	56.7842872	20.1047198	20.0189265	
63.33664	56.8613538	56.7842872	20.1047198	20.0189265	
63.34687	56.8613538	56.7842872	20.1047198	20.0189265	
63.3569	56.8613538	56.7842872	20.1047198	20.0189265	
63.36708	56.8613538	56.7842872	20.1047198	20.0189265	
63.37722	56.8613538	56.7842872	20.1047198	20.0189265	
63.38733	56.8613538	56.7842872	20.1047198	20.0189265	
63.39754	56.8613538	56.7842872	20.1047198	20.0189265	
63.40972	56.8613538	56.7842872	20.1047198	20.0189265	
63.41983	56.8613538	56.7842872	20.1047198	20.0189265	
63.43028	56.8613538	56.7842872	20.1047198	20.0189265	
63.4404	56.8613538	56.7842872	20.1047198	20.0189265	
63.45051	56.8613538	56.7842872	20.1047198	20.0189265	
63.46092	56.8613538	56.7842872	20.1047198	20.0189265	
63.47077	56.8613538	56.7842872	20.1047198	20.0189265	
63.48089	56.8613538	56.7842872	20.1047198	20.0189265	
63.49106	56.8613538	56.7842872	20.1047198	20.0189265	
63.50142	56.8613538	56.7842872	20.1047198	20.0189265	
63.51127	56.8613538	56.7842872	20.1047198	20.0189265	
63.52151	56.8613538	56.7842872	20.1047198	20.0189265	
63.53169	56.8613538	56.7842872	20.1047198	20.0189265	
63.54179	56.8613538	56.7842872	20.1047198	20.0189265	
63.55186	56.8613538	56.7842872	20.1047198	20.0189265	
63.56227	56.8613538	56.7842872	20.1047198	20.0189265	
63.57209	56.8613538	56.7842872	20.1047198	20.0189265	
63.58219	56.8613538	56.7842872	20.1047198	20.0189265	
63.59237	56.8613538	56.7842872	20.1047198	20.0189265	
63.60243	56.8613538	56.7842872	20.1047198	20.0189265	
63.61265	56.8613538	56.7842872	20.1047198	20.0189265	
63.62281	56.8613538	56.7842872	20.1047198	20.0189265	
63.64086	56.8613538	56.7842872	20.1047198	20.0189265	
63.64525	56.8613538	56.7842872	20.1047198	20.0189265	
63.65536	56.8613538	56.7842872	20.1047198	20.0189265	
63.66557	56.8613538	56.7842872	20.1047198	20.0189265	
63.67569	56.8613538	56.7842872	20.1047198	20.0189265	
63.68581	56.8613538	56.7842872	20.1047198	20.0189265	
63.69595	56.8613538	56.7842872	20.1047198	20.0189265	
63.70611	56.8613538	56.7842872	20.1047198	20.0189265	
63.71635	56.8613538	56.7842872	20.1047198	20.0189265	
63.72646	56.8613538	56.7842872	20.1047198	20.0189265	
63.73658	56.8613538	56.7842872	20.1047198	20.0189265	
63.74682	56.8613538	56.7842872	20.1047198	20.0189265	
63.75681	56.8613538	56.7842872	20.1047198	20.0189265	
63.767	56.8613538	56.7842872	20.1047198	20.0189265	
63.77712	56.8613538	56.7842872	20.1047198	20.0189265	
63.78725	56.8613538	56.7842872	20.1047198	20.0189265	
63.79741	56.8613538	56.7842872	20.1047198	20.0189265	
63.80751	56.8613538	56.7842872	20.1047198	20.0189265	
63.81767	56.8613538	56.7842872	20.1047198	20.0189265	
63.82789	56.8613538	56.7842872	20.1047198	20.0189265	
63.83794	56.8613538	56.7842872	20.1047198	20.0189265	
63.8481	56.8613538	56.7842872	20.1047198	20.0189265	
63.86029	56.8613538	56.7842872	20.1047198	20.0189265	
63.86856	56.8613538	56.7842872	20.1047198	20.0189265	
63.8785	56.8613538	56.7842872	20.1047198	20.0189265	
63.88861	56.8613538	56.7842872	20.1047198	20.0189265	
63.89884	56.8613538	56.7842872	20.1047198	20.0189265	
63.9089	56.8613538	56.7842872	20.1047198	20.0189265	
63.919	56.8613538	56.7842872	20.1047198	20.0189265	
63.92925	56.8613538	56.7842872	20.1047198	20.0189265	
63.93944	56.8613538	56.7842872	20.1047198	20.0189265	
63.94945	56.8613538	56.7842872	20.1047198	20.0189265	
63.95963	56.8613538	56.7842872	20.1047198	20.0189265	
63.96975	56.8613538	56.7842872	20.1047198	20.0189265	
63.97991	56.8613538	56.7842872	20.1047198	20.0189265	
63.98996	56.8613538	56.7842872	20.1047198	20.0189265	
64.00015	56.8613538	56.7842872	20.1047198	20.0189265	
64.01027	56.8613538	56.7842872	20.1047198	20.0189265	
64.02085	56.8613538	56.7842872	20.1047198	20.0189265	
64.03173	56.8613538	56.7842872	20.1047198	20.0189265	
64.04194	56.8613538	56.7842872	20.1047198	20.0189265	
64.05198	56.8613538	56.7842872	20.1047198	20.0189265	
64.06206	56.8613538	56.7842872	20.1047198	20.0189265	
64.07242	56.8613538	56.7842872	20.1047198	20.0189265	
64.08231	56.8613538	56.7842872	20.1047198	20.0189265	
64.0925	56.8613538	56.7842872	20.1047198	20.0189265	
64.10262	56.8613538	56.7842872	20.1047198	20.0189265	
64.11271	56.8613538	56.7842872	20.1047198	20.0189265	
64.12354	56.8613538	56.7842872	20.1047198	20.0189265	
64.14097	56.8613538	56.7842872	20.1047198	20.0189265	
64.14541	56.8613538	56.7842872	20.1047198	20.0189265	
64.1555	56.8613538	56.7842872	20.1047198	20.0189265	
64.1656	56.8613538	56.7842872	20.1047198	20.0189265	
64.17578	56.8613538	56.7842872	20.1047198	20.0189265	
64.1859	56.8613538	56.7842872	20.1047198	20.0189265	
64.19605	56.8613538	56.7842872	20.1047198	20.0189265	
64.20619	56.8613538	56.7842872	20.1047198	20.0189265	
64.21635	56.8613538	56.7842872	20.1047198	20.0189265	
64.22789	56.8613538	56.7842872	20.1047198	20.0189265	
64.23663	56.8613538	56.7842872	20.1047198	20.0189265	
64.24682	56.8613538	56.7842872	20.1047198	20.0189265	
64.25694	56.8613538	56.7842872	20.1047198	20.0189265	
64.26705	56.8613538	56.7842872	20.1047198	20.0189265	
64.27721	56.8613538	56.7842872	20.1047198	20.0189265	
64.28734	56.8613538	56.7842872	20.1047198	20.0189265	
64.29755	56.8613538	56.7842872	20.1047198	20.0189265	
64.30762	56.8613538	56.7842872	20.1047198	20.0189265	
64.31773	56.8613538	56.7842872	20.1047198	20.0189265	
64.32911	56.8613538	56.7842872	20.1047198	20.0189265	
64.338	56.8613538	56.7842872	20.1047198	20.0189265	
64.34816	56.8613538	56.7842872	20.1047198	20.0189265	
64.35828	56.8613538	56.7842872	20.1047198	20.0189265	
64.36839	56.8613538	56.7842872	20.1047198	20.0189265	
64.37857	56.8613538	56.7842872	20.1047198	20.0189265	
64.38871	56.8613538	56.7842872	20.1047198	20.0189265	
64.39887	56.8613538	56.7842872	20.1047198	20.0189265	
64.40922	56.8613538	56.7842872	20.1047198	20.0189265	
64.41942	56.8613538	56.7842872	20.1047198	20.0189265	
64.43035	56.8613538	56.7842872	20.1047198	20.0189265	
64.43976	56.8613538	56.7842872	20.1047198	20.0189265	
64.44958	56.8613538	56.7842872	20.1047198	20.0189265	
64.45966	56.8613538	56.7842872	20.1047198	20.0189265	
64.46975	56.8613538	56.7842872	20.1047198	20.0189265	
64.47996	56.8613538	56.7842872	20.1047198	20.0189265	
64.49008	56.8613538	56.7842872	20.1047198	20.0189265	
64.50025	56.8613538	56.7842872	20.1047198	20.0189265	
64.51032	56.8613538	56.7842872	20.1047198	20.0189265	
64.52095	56.8613538	56.7842872	20.1047198	20.0189265	
64.53175	56.8613538	56.7842872	20.1047198	20.0189265	
64.54091	56.8613538	56.7842872	20.1047198	20.0189265	
64.55106	56.8613538	56.7842872	20.1047198	20.0189265	
64.56114	56.8613538	56.7842872	20.1047198	20.0189265	
64.57131	56.8613538	56.7842872	20.1047198	20.0189265	
64.5814	56.8613538	56.7842872	20.1047198	20.0189265	
64.5995	56.8613538	56.7842872	20.1047198	20.0189265	
64.60388	56.8613538	56.7842872	20.1047198	20.0189265	
64.61399	56.8613538	56.7842872	20.1047198	20.0189265	
64.62414	56.8613538	56.7842872	20.1047198	20.0189265	
64.63436	56.8613538	56.7842872	20.1047198	20.0189265	
64.6447	56.8613538	56.7842872	20.1047198	20.0189265	
64.65496	56.8613538	56.7842872	20.1047198	20.0189265	
64.66476	56.8613538	56.7842872	20.1047198	20.0189265	
64.67502	56.8613538	56.7842872	20.1047198	20.0189265	
64.68505	56.8613538	56.7842872	20.1047198	20.0189265	
64.69521	56.8613538	56.7842872	20.1047198	20.0189265	
64.70535	56.8613538	56.7842872	20.1047198	20.0189265	
64.71546	56.8613538	56.7842872	20.1047198	20.0189265	
64.72563	56.8613538	56.7842872	20.1047198	20.0189265	
64.73581	56.8613538	56.7842872	20.1047198	20.0189265	
64.74599	56.8613538	56.7842872	20.1047198	20.0189265	
64.7561	56.8613538	56.7842872	20.1047198	20.0189265	
64.7662	56.8613538	56.7842872	20.1047198	20.0189265	
64.77641	56.8613538	56.7842872	20.1047198	20.0189265	
64.78649	56.8613538	56.7842872	20.1047198	20.0189265	
64.79666	56.8613538	56.7842872	20.1047198	20.0189265	
64.80678	56.8613538	56.7842872	20.1047198	20.0189265	
64.81689	56.8613538	56.7842872	20.1047198	20.0189265	
64.82711	56.8613538	56.7842872	20.1047198	20.0189265	
64.84536	56.8613538	56.7842872	20.1047198	20.0189265	
64.84979	56.8613538	56.7842872	20.1047198	20.0189265	
64.86042	56.8613538	56.7842872	20.1047198	20.0189265	
64.87007	56.8613538	56.7842872	20.1047198	20.0189265	
64.8804	56.8613538	56.7842872	20.1047198	20.0189265	
64.89032	56.8613538	56.7842872	20.1047198	20.0189265	
64.9005	56.8613538	56.7842872	20.1047198	20.0189265	
64.91061	56.8613538	56.7842872	20.1047198	20.0189265	
64.92072	56.8613538	56.7842872	20.1047198	20.0189265	
64.93096	56.8613538	56.7842872	20.1047198	20.0189265	
64.94114	56.8613538	56.7842872	20.1047198	20.0189265	
64.95127	56.8613538	56.7842872	20.1047198	20.0189265	
64.96141	56.8613538	56.7842872	20.1047198	20.0189265	
64.97158	56.8613538	56.7842872	20.1047198	20.0189265	
64.98211	56.8613538	56.7842872	20.1047198	20.0189265	
64.99181	56.8613538	56.7842872	20.1047198	20.0189265	
65.00194	56.8613538	56.7842872	20.1047198	20.0189265	
65.01203	56.8613538	56.7842872	20.1047198	20.0189265	
65.02213	56.8613538	56.7842872	20.1047198	20.0189265	
65.03244	56.8613538	56.7842872	20.1047198	20.0189265	
65.04253	56.8613538	56.7842872	20.1047198	20.0189265	
65.05268	56.8613538	56.7842872	20.1047198	20.0189265	
65.06278	56.8613538	56.7842872	20.1047198	20.0189265	
65.07287	56.8613538	56.7842872	20.1047198	20.0189265	
65.09132	56.8613538	56.7842872	20.1047198	20.0189265	
65.0957	56.8613538	56.7842872	20.1047198	20.0189265	
65.10588	56.8613538	56.7842872	20.1047198	20.0189265	
65.116	56.8613538	56.7842872	20.1047198	20.0189265	
65.12608	56.8613538	56.7842872	20.1047198	20.0189265	
65.13662	56.8613538	56.7842872	20.1047198	20.0189265	
65.14645	56.8613538	56.7842872	20.1047198	20.0189265	
65.15664	56.8613538	56.7842872	20.1047198	20.0189265	
65.16677	56.8613538	56.7842872	20.1047198	20.0189265	
65.17685	56.8613538	56.7842872	20.1047198	20.0189265	
65.18706	56.8613538	56.7842872	20.1047198	20.0189265	
65.1971	56.8613538	56.7842872	20.1047198	20.0189265	
65.20729	56.8613538	56.7842872	20.1047198	20.0189265	
65.21741	56.8613538	56.7842872	20.1047198	20.0189265	
65.22753	56.8613538	56.7842872	20.1047198	20.0189265	
65.23787	56.8613538	56.7842872	20.1047198	20.0189265	
65.24789	56.8613538	56.7842872	20.1047198	20.0189265	
65.25806	56.8613538	56.7842872	20.1047198	20.0189265	
65.26818	56.8613538	56.7842872	20.1047198	20.0189265	
65.27827	56.8613538	56.7842872	20.1047198	20.0189265	
65.28847	56.8613538	56.7842872	20.1047198	20.0189265	
65.29858	56.8613538	56.7842872	20.1047198	20.0189265	
65.3087	56.8613538	56.7842872	20.1047198	20.0189265	
65.31882	56.8613538	56.7842872	20.1047198	20.0189265	
65.32891	56.8613538	56.7842872	20.1047198	20.0189265	
65.34034	56.8613538	56.7842872	20.1047198	20.0189265	
65.34925	56.8613538	56.7842872	20.1047198	20.0189265	
65.35979	56.8613538	56.7842872	20.1047198	20.0189265	
65.36993	56.8613538	56.7842872	20.1047198	20.0189265	
65.37997	56.8613538	56.7842872	20.1047198	20.0189265	
65.39011	56.8613538	56.7842872	20.1047198	20.0189265	
65.4003	56.8613538	56.7842872	20.1047198	20.0189265	
65.41045	56.8613538	56.7842872	20.1047198	20.0189265	
65.42059	56.8613538	56.7842872	20.1047198	20.0189265	
65.43214	56.8613538	56.7842872	20.1047198	20.0189265	
65.44172	56.8613538	56.7842872	20.1047198	20.0189265	
65.45129	56.8613538	56.7842872	20.1047198	20.0189265	
65.46143	56.8613538	56.7842872	20.1047198	20.0189265	
65.4716	56.8613538	56.7842872	20.1047198	20.0189265	
65.48174	56.8613538	56.7842872	20.1047198	20.0189265	
65.49217	56.8613538	56.7842872	20.1047198	20.0189265	
65.50194	56.8613538	56.7842872	20.1047198	20.0189265	
65.51201	56.8613538	56.7842872	20.1047198	20.0189265	
65.52219	56.8613538	56.7842872	20.1047198	20.0189265	
65.5323	56.8613538	56.7842872	20.1047198	20.0189265	
65.54301	56.8613538	56.7842872	20.1047198	20.0189265	
65.56349	56.8613538	56.7842872	20.1047198	20.0189265	
