18.30789	
18.31768	
18.32783	
18.33794	
18.3481	
18.35819	
18.36841	
18.37848	
18.3886	
18.39872	
18.40885	
18.41897	
18.4291	
18.43926	
18.44935	
18.45946	
18.46964	
18.47975	
18.48992	
18.49999	
18.51011	
18.52029	
18.53037	
18.54054	
18.55065	
18.56079	
18.57094	
18.58148	
18.59117	
18.60128	
18.6114	
18.62149	
18.63179	
18.64184	
18.6519	
18.66203	
18.6722	
18.6823	
18.69248	
18.70254	
18.71274	
18.72278	
18.733	
18.74319	
18.75348	
18.76342	
18.77355	
18.7837	
18.7939	
18.804	
18.81415	
18.82432	
18.8344	
18.84467	
18.85464	
18.86482	
18.87493	
18.88508	
18.8952	
18.90535	
18.91544	
18.9256	
18.93574	
18.94612	
18.95623	
18.96637	
18.97652	
18.98659	
18.99695	
19.0069	
19.01702	
19.02715	
19.03725	
19.04746	
19.05755	
19.06767	
19.07778	
19.08791	
19.09809	
19.10817	
19.11832	
19.12856	
19.13883	
19.14892	
19.15889	
19.16902	
19.17914	
19.18929	
19.1994	
19.2096	
19.21966	
19.22978	
19.24016	
19.25019	
19.26023	
19.27031	
19.28051	
19.29055	
19.3007	
19.31082	
19.32098	
19.33123	
19.34118	
19.35162	
19.36145	
19.37156	
19.3817	
19.39186	
19.40201	
19.41211	
19.42223	
19.43251	
19.44254	
19.45267	
19.46284	
19.47297	
19.4831	
19.4932	
19.5034	
19.51351	
19.52365	
19.53383	
19.5439	
19.55409	
19.56425	
19.57437	
19.58458	
19.5946	
19.60474	
19.61489	
19.62503	
19.63516	
19.64526	
19.65545	
19.66557	
19.67573	
19.68591	
19.69601	
19.70618	
19.71628	
19.72643	
19.73661	
19.74671	
19.75684	
19.76696	
19.77712	
19.78723	
19.7974	
19.80754	
19.81768	
19.82781	
19.83795	
19.84808	
19.85878	
19.86897	
19.87908	
19.88912	
19.89927	
19.90942	
19.91952	
19.94679	
19.95147	
19.96111	
19.97129	
19.9814	
19.99152	
20.00165	
20.01183	
20.02194	
20.03206	
20.04215	
20.05226	
20.07885	
20.08306	
20.09319	
20.10332	
20.11349	
20.12358	
20.13373	
20.14388	
20.15405	
20.16418	
20.18238	
20.1886	
20.19668	
20.20681	
20.21691	
20.2271	
20.2372	
20.24734	
20.2575	
20.26757	
20.27779	
20.2879	
20.29811	
20.30819	
20.3183	
20.32859	
20.33857	
20.34869	
20.36796	
20.3722	
20.38236	
20.39254	
20.40355	
20.41307	
20.42322	
20.43328	
20.4434	
20.45358	
20.46371	
20.47387	
20.48403	
20.49416	
20.50427	
20.51437	
20.52453	
20.53467	
20.54484	
20.55494	
20.56509	
20.57528	
20.58542	
20.59552	
20.60562	
20.6158	
20.62597	
20.63607	
20.64617	
20.65633	
20.66646	
20.67653	
20.68709	
20.69701	
20.70711	
20.71722	
20.72736	
20.73749	
20.74759	
20.75778	
20.7679	
20.77808	
20.78823	
20.79833	
20.80851	
20.81857	
20.82892	
20.83884	
20.849	
20.85904	
20.86921	
20.87932	
20.8898	
20.89963	
20.90972	
20.9199	
20.93001	
20.94031	
20.95021	
20.96035	
20.97047	
20.98056	
20.99071	
21.00098	
21.01104	
21.02111	
21.03128	
21.04174	
21.05147	
21.0616	
21.07172	
21.08182	
21.09222	
21.10241	
21.11229	
21.12245	
21.13249	
21.14291	
21.1532	
21.16331	
21.17344	
21.18356	
21.19863	
21.20649	7.41820534	7.41764932	7.75854454	7.75798853	
21.22591	7.42251343	7.41764932	7.76285263	7.75798853	
21.2313	7.42365515	7.41764932	7.76399435	7.75798853	
21.24895	7.42992196	7.41764932	7.77026116	7.75798853	
21.25351	7.43148615	7.41764932	7.77182536	7.75798853	
21.26369	7.43576926	7.41764932	7.77610846	7.75798853	
21.27382	7.44064628	7.41764932	7.78098548	7.75798853	
21.28408	7.44622011	7.41764932	7.78655931	7.75798853	
21.29426	7.45237362	7.41764932	7.79271283	7.75798853	
21.3048	7.45941766	7.41764932	7.79975686	7.76671517	
21.31455	7.46648277	7.41764932	7.80682197	7.76671517	
21.32477	7.47453738	7.41764932	7.81487658	7.76671517	
21.33499	7.48320743	7.41764932	7.82354663	7.76671517	
21.34519	7.49248553	7.41764932	7.83282473	7.76671517	
21.35538	7.50238325	7.41764932	7.84272245	7.76671517	
21.36557	7.51289985	7.41764932	7.85323906	7.76671517	
21.37578	7.52406187	7.41764932	7.86440108	7.76671517	
21.38593	7.53578556	7.41764932	7.87612476	7.77544182	
21.39616	7.54822366	7.41764932	7.88856287	7.78416846	
21.40692	7.5620207	7.41764932	7.9023599	7.80162176	
21.41654	7.57486602	7.41764932	7.91520523	7.81907505	
21.42675	7.58915731	7.41764932	7.92949651	7.83652834	
21.43692	7.60401079	7.41764932	7.94434999	7.85398163	
21.44713	7.61954477	7.41764932	7.95988398	7.87143493	
21.45734	7.63570242	7.41764932	7.97604163	7.89761487	
21.46754	7.65246967	7.41764932	7.99280887	7.91506816	
21.4777	7.66978917	7.42637597	8.01012837	7.93252145	
21.48793	7.68786353	7.42637597	8.02820273	7.95870139	
21.49815	7.70655453	7.43510261	8.04689373	7.97615468	
21.5088	7.72670266	7.44382926	8.06704187	8.00233462	
21.51902	7.7466578	7.45255591	8.08699701	8.01978791	
21.52922	7.76720148	7.4700092	8.10754068	8.03724121	
21.5394	7.78833689	7.47873584	8.1286761	8.06342114	
21.54969	7.81031759	7.49618914	8.1506568	8.08087444	
21.5598	7.8325437	7.51364243	8.1728829	8.09832773	
21.57	7.85558342	7.53109572	8.19592262	8.11578102	
21.5802	7.87924738	7.55727566	8.21958658	8.13323431	
21.5904	7.90352568	7.57472895	8.24386489	8.15068761	
21.60066	7.9286001	7.60090889	8.26893931	8.17686755	
21.61078	7.95394063	7.61836218	8.29427984	8.20304748	
21.62104	7.98025462	7.64454212	8.32059382	8.22050078	
21.63131	8.00724075	7.67944871	8.34757996	8.24668072	
21.64148	8.03454318	7.70562865	8.37488238	8.27286065	
21.65188	8.06316684	7.73180859	8.40350604	8.30776724	
21.6618	8.09101804	7.75798853	8.43135725	8.33394718	
21.67206	8.12049246	7.79289511	8.46083167	8.36012712	
21.68235	8.15065659	7.81907505	8.49099579	8.3950337	
21.69246	8.1809461	7.85398163	8.52128531	8.42994029	
21.70275	8.21237862	7.88888822	8.55271782	8.46484687	
21.71297	8.24235521	7.9237948	8.58269441	8.49102681	
21.72306	8.2713798	7.95870139	8.611719	8.5259334	
21.73321	8.29994609	7.98488133	8.64028529	8.56083998	
21.74345	8.32814922	8.01978791	8.66848842	8.58701992	
21.75358	8.35546277	8.0546945	8.69580198	8.6219265	
21.7638	8.3823797	8.09832773	8.7227189	8.65683309	
21.77394	8.40851068	8.13323431	8.74884989	8.69173967	
21.78417	8.43425231	8.1681409	8.77459151	8.71791961	
21.79444	8.45946402	8.20304748	8.79980322	8.74409955	
21.80459	8.48378969	8.23795407	8.82412889	8.77900614	
21.81479	8.50762852	8.27286065	8.84796773	8.80518608	
21.82499	8.53086499	8.30776724	8.87120419	8.83136602	
21.83519	8.55356766	8.34267382	8.89390687	8.85754595	
21.8453	8.57530905	8.37758041	8.91564826	8.88372589	
21.85556	8.5968463	8.41248699	8.9371855	8.90990583	
21.86565	8.61743584	8.44739358	8.95777504	8.93608577	
21.87593	8.63782123	8.48230016	8.97816043	8.95353906	
21.88617	8.65752004	8.51720675	8.99785925	8.979719	
21.89632	8.6764288	8.54338669	9.016768	8.99717229	
21.90662	8.69502194	8.56956663	9.03536114	9.01462559	
21.91674	8.71270533	8.60447321	9.05304453	9.03207888	
21.92695	8.72993608	8.6219265	9.07027528	9.04953217	
21.93757	8.74721294	8.65683309	9.08755214	9.06698546	
21.94734	8.76257491	8.67428638	9.10291412	9.08443876	
21.95757	8.77806526	8.70046632	9.11840446	9.10189205	
21.96775	8.79287141	8.72664626	9.13321061	9.11934534	
21.97795	8.8071417	8.74409955	9.14748091	9.12807199	
21.98813	8.82079774	8.77027949	9.16113694	9.14552528	
21.99831	8.83385738	8.79645943	9.17419658	9.16297857	
22.00979	8.84781521	8.81391272	9.18815442	9.17170522	
22.01862	8.85819072	8.83136602	9.19852993	9.18915851	
22.0288	8.86952497	8.84881931	9.20986417	9.19788516	
22.03906	8.88037943	8.85754595	9.22071864	9.21533845	
22.04926	8.89060143	8.87499925	9.23094063	9.2240651	
22.05946	8.90025018	8.88372589	9.24058938	9.23279174	
22.0697	8.90936542	8.90117919	9.24970463	9.24151839	
22.07982	8.91783626	8.90117919	9.25817547	9.25024504	
22.09001	8.92580479	8.90990583	9.26614399	9.26769833	
22.10028	8.93327913	8.91863248	9.27361833	9.26769833	
22.1117	8.94088024	8.91863248	9.28121945	9.27642497	
22.12059	8.94644708	8.91863248	9.28678629	9.28515162	
22.13073	8.95223936	8.92735912	9.29257856	9.30260491	
22.14107	8.95760857	8.92735912	9.29794777	9.30260491	
22.15127	8.96240001	8.92735912	9.30273922	9.30260491	
22.16146	8.96668529	8.92735912	9.3070245	9.31133156	
22.17155	8.97045768	8.92735912	9.31079688	9.32005821	
22.18174	8.97379413	8.92735912	9.31413333	9.32005821	
22.19272	8.97684217	8.92735912	9.31718138	9.32878485	
22.20219	8.97913333	8.92735912	9.31947254	9.32878485	
22.21278	8.9812312	8.92735912	9.3215704	9.32005821	
22.22297	8.98288278	8.92735912	9.32322198	9.32005821	
22.23315	8.98764932	8.92735912	9.32798853	9.32005821	
22.24332	8.98764932	8.92735912	9.32798853	9.32005821	
22.25354	8.98764932	8.92735912	9.32798853	9.32005821	
22.26371	8.98764932	8.92735912	9.32798853	9.32005821	
22.27388	8.98764932	8.92735912	9.32798853	9.32005821	
22.28411	8.98764932	8.92735912	9.32798853	9.32005821	
22.29431	8.98764932	8.92735912	9.32798853	9.32005821	
22.3045	8.98764932	8.92735912	9.32798853	9.32005821	
22.31463	8.98764932	8.92735912	9.32798853	9.32005821	
22.32484	8.98764932	8.92735912	9.32798853	9.32005821	
22.33502	8.98764932	8.92735912	9.32798853	9.32005821	
22.34526	8.98764932	8.92735912	9.32798853	9.32005821	
22.3554	8.98764932	8.92735912	9.32798853	9.32005821	
22.36561	8.98764932	8.92735912	9.32798853	9.32005821	
22.37582	8.98764932	8.92735912	9.32798853	9.32005821	
22.38829	8.98764932	8.92735912	9.32798853	9.32005821	
22.39597	8.98764932	8.92735912	9.32798853	9.32005821	
22.40609	8.98764932	8.92735912	9.32798853	9.32005821	
22.41627	8.98764932	8.92735912	9.32798853	9.32005821	
22.42641	8.98764932	8.92735912	9.32798853	9.32005821	
22.43651	8.98764932	8.92735912	9.32798853	9.32005821	
22.44667	8.98764932	8.92735912	9.32798853	9.32005821	
22.45691	8.98764932	8.92735912	9.32798853	9.32005821	
22.46693	8.98764932	8.92735912	9.32798853	9.32005821	
22.47708	8.98764932	8.92735912	9.32798853	9.32005821	
22.48721	8.98764932	8.92735912	9.32798853	9.32005821	
22.49735	8.98764932	8.92735912	9.32798853	9.32005821	
22.50748	8.98764932	8.92735912	9.32798853	9.32005821	
22.51763	8.98764932	8.92735912	9.32798853	9.32005821	
22.52784	8.98764932	8.92735912	9.32798853	9.32005821	
22.53794	8.98764932	8.92735912	9.32798853	9.32005821	
22.54806	8.98764932	8.92735912	9.32798853	9.32005821	
22.55822	8.98764932	8.92735912	9.32798853	9.32005821	
22.5683	8.98764932	8.92735912	9.32798853	9.32005821	
22.57852	8.98764932	8.92735912	9.32798853	9.32005821	
22.58862	8.98764932	8.92735912	9.32798853	9.32005821	
22.59876	8.98764932	8.92735912	9.32798853	9.32005821	
22.60886	8.98764932	8.92735912	9.32798853	9.32005821	
22.61924	8.98764932	8.92735912	9.32798853	9.32005821	
22.62938	8.98764932	8.92735912	9.32798853	9.32005821	
22.63932	8.98764932	8.92735912	9.32798853	9.32005821	
22.64938	8.98764932	8.92735912	9.32798853	9.32005821	
22.65956	8.98764932	8.92735912	9.32798853	9.32005821	
22.66966	8.98764932	8.92735912	9.32798853	9.32005821	
22.67981	8.98764932	8.92735912	9.32798853	9.32005821	
22.6899	8.98764932	8.92735912	9.32798853	9.32005821	
22.70001	8.98764932	8.92735912	9.32798853	9.32005821	
22.71013	8.98764932	8.92735912	9.32798853	9.32005821	
22.7206	8.98764932	8.92735912	9.32798853	9.32005821	
22.73046	8.98764932	8.92735912	9.32798853	9.32005821	
22.74059	8.98764932	8.92735912	9.32798853	9.32005821	
22.7507	8.98764932	8.92735912	9.32798853	9.32005821	
22.7692	8.98764932	8.92735912	9.32798853	9.32005821	
22.77353	8.98764932	8.92735912	9.32798853	9.32005821	
22.7837	8.98764932	8.92735912	9.32798853	9.32005821	
22.79382	8.98764932	8.92735912	9.32798853	9.32005821	
22.80392	8.98764932	8.92735912	9.32798853	9.32005821	
22.81517	8.98764932	8.92735912	9.32798853	9.32005821	
22.83242	8.98764932	8.92735912	9.32798853	9.32005821	
22.84479	8.98764932	8.92735912	9.32798853	9.32005821	
22.84917	8.98764932	8.92735912	9.32798853	9.32005821	
22.85925	8.98764932	8.92735912	9.32798853	9.32005821	
22.86939	8.98764932	8.92735912	9.32798853	9.32005821	
22.87963	8.98764932	8.92735912	9.32798853	9.32005821	
22.88966	8.98764932	8.92735912	9.32798853	9.32005821	
22.89983	8.98764932	8.92735912	9.32798853	9.32005821	
22.91015	8.98764932	8.92735912	9.32798853	9.32005821	
22.92047	8.98764932	8.92735912	9.32798853	9.32005821	
22.93061	8.98764932	8.92735912	9.32798853	9.32005821	
22.94075	8.98764932	8.92735912	9.32798853	9.32005821	
22.9509	8.98764932	8.92735912	9.32798853	9.32005821	
22.96149	8.98764932	8.92735912	9.32798853	9.32005821	
22.97116	8.98764932	8.92735912	9.32798853	9.32005821	
22.98126	8.98764932	8.92735912	9.32798853	9.32005821	
22.99142	8.98764932	8.92735912	9.32798853	9.32005821	
23.0015	8.98764932	8.92735912	9.32798853	9.32005821	
23.01178	8.98764932	8.92735912	9.32798853	9.32005821	
23.02183	8.98764932	8.92735912	9.32798853	9.32005821	
23.03198	8.98764932	8.92735912	9.32798853	9.32005821	
23.04216	8.98764932	8.92735912	9.32798853	9.32005821	
23.05218	8.98764932	8.92735912	9.32798853	9.32005821	
23.07063	8.98764932	8.92735912	9.32798853	9.32005821	
23.07497	8.98764932	8.92735912	9.32798853	9.32005821	
23.08511	8.98764932	8.92735912	9.32798853	9.32005821	
23.09524	8.98764932	8.92735912	9.32798853	9.32005821	
23.10535	8.98764932	8.92735912	9.32798853	9.32005821	
23.11551	8.98764932	8.92735912	9.32798853	9.32005821	
23.1258	8.98764932	8.92735912	9.32798853	9.32005821	
23.13586	8.98764932	8.92735912	9.32798853	9.32005821	
23.14601	8.98764932	8.92735912	9.32798853	9.32005821	
23.15612	8.98764932	8.92735912	9.32798853	9.32005821	
23.16626	8.98764932	8.92735912	9.32798853	9.32005821	
23.17641	8.98764932	8.92735912	9.32798853	9.32005821	
23.18651	8.98764932	8.92735912	9.32798853	9.32005821	
23.20558	8.98764932	8.92735912	9.32798853	9.32005821	
23.20991	8.98764932	8.92735912	9.32798853	9.32005821	
23.22131	8.98764932	8.92735912	9.32798853	9.32005821	
23.23022	8.98764932	8.92735912	9.32798853	9.32005821	
23.24033	8.98764932	8.92735912	9.32798853	9.32005821	
23.2505	8.98764932	8.92735912	9.32798853	9.32005821	
23.2608	8.98764932	8.92735912	9.32798853	9.32005821	
23.27918	8.98764932	8.92735912	9.32798853	9.32005821	
23.28351	8.98764932	8.92735912	9.32798853	9.32005821	
23.29364	8.98764932	8.92735912	9.32798853	9.32005821	
23.30379	8.98764932	8.92735912	9.32798853	9.32005821	
23.3139	8.98764932	8.92735912	9.32798853	9.32005821	
23.32418	8.98764932	8.92735912	9.32798853	9.32005821	
23.33422	8.98764932	8.92735912	9.32798853	9.32005821	
23.34435	8.98764932	8.92735912	9.32798853	9.32005821	
23.35449	8.98764932	8.92735912	9.32798853	9.32005821	
23.36459	8.98764932	8.92735912	9.32798853	9.32005821	
23.37478	8.98764932	8.92735912	9.32798853	9.32005821	
23.38497	8.98764932	8.92735912	9.32798853	9.32005821	
23.39503	8.98764932	8.92735912	9.32798853	9.32005821	
23.40517	8.98764932	8.92735912	9.32798853	9.32005821	
23.41528	8.98764932	8.92735912	9.32798853	9.32005821	
23.42665	8.98764932	8.92735912	9.32798853	9.32005821	
23.43678	8.98764932	8.92735912	9.32798853	9.32005821	
23.44691	8.98764932	8.92735912	9.32798853	9.32005821	
23.4571	8.98764932	8.92735912	9.32798853	9.32005821	
23.46716	8.98764932	8.92735912	9.32798853	9.32005821	
23.47734	8.98764932	8.92735912	9.32798853	9.32005821	
23.48748	8.98764932	8.92735912	9.32798853	9.32005821	
23.4976	8.98764932	8.92735912	9.32798853	9.32005821	
23.50773	8.98764932	8.92735912	9.32798853	9.32005821	
23.51783	8.98764932	8.92735912	9.32798853	9.32005821	
23.52806	8.98764932	8.92735912	9.32798853	9.32005821	
23.53826	8.98764932	8.92735912	9.32798853	9.32005821	
23.54832	8.98764932	8.92735912	9.32798853	9.32005821	
23.5585	8.98764932	8.92735912	9.32798853	9.32005821	
23.56868	8.98764932	8.92735912	9.32798853	9.32005821	
23.57875	8.98764932	8.92735912	9.32798853	9.32005821	
23.58888	8.98764932	8.92735912	9.32798853	9.32005821	
23.599	8.98764932	8.92735912	9.32798853	9.32005821	
23.60909	8.98764932	8.92735912	9.32798853	9.32005821	
23.61921	8.98764932	8.92735912	9.32798853	9.32005821	
23.62945	8.98764932	8.92735912	9.32798853	9.32005821	
23.63964	8.98764932	8.92735912	9.32798853	9.32005821	
23.64968	8.98764932	8.92735912	9.32798853	9.32005821	
23.65985	8.98764932	8.92735912	9.32798853	9.32005821	
23.67018	8.98764932	8.92735912	9.32798853	9.32005821	
23.68017	8.98764932	8.92735912	9.32798853	9.32005821	
23.69034	8.98764932	8.92735912	9.32798853	9.32005821	
23.70041	8.98764932	8.92735912	9.32798853	9.32005821	
23.71052	8.98764932	8.92735912	9.32798853	9.32005821	
23.72065	8.98764932	8.92735912	9.32798853	9.32005821	
23.73083	8.98764932	8.92735912	9.32798853	9.32005821	
23.74104	8.98764932	8.92735912	9.32798853	9.32005821	
23.7511	8.98764932	8.92735912	9.32798853	9.32005821	
23.76141	8.98764932	8.92735912	9.32798853	9.32005821	
23.77176	8.98764932	8.92735912	9.32798853	9.32005821	
23.78167	8.98764932	8.92735912	9.32798853	9.32005821	
23.79181	8.98764932	8.92735912	9.32798853	9.32005821	
23.80193	8.98764932	8.92735912	9.32798853	9.32005821	
23.8155	8.98764932	8.92735912	9.32798853	9.32005821	
23.8254	8.98764932	8.92735912	9.32798853	9.32005821	
23.83586	8.98764932	8.92735912	9.32798853	9.32005821	
23.84571	8.98764932	8.92735912	9.32798853	9.32005821	
23.8558	8.98764932	8.92735912	9.32798853	9.32005821	
23.86595	8.98764932	8.92735912	9.32798853	9.32005821	
23.8761	8.98764932	8.92735912	9.32798853	9.32005821	
23.88627	8.98764932	8.92735912	9.32798853	9.32005821	
23.89638	8.98764932	8.92735912	9.32798853	9.32005821	
23.90654	8.98764932	8.92735912	9.32798853	9.32005821	
23.91665	8.98764932	8.92735912	9.32798853	9.32005821	
23.92676	8.98764932	8.92735912	9.32798853	9.32005821	
23.94761	8.98764932	8.92735912	9.32798853	9.32005821	
23.95199	8.98764932	8.92735912	9.32798853	9.32005821	
23.96207	8.98764932	8.92735912	9.32798853	9.32005821	
23.97223	8.98764932	8.92735912	9.32798853	9.32005821	
23.9824	8.98764932	8.92735912	9.32798853	9.32005821	
23.99251	8.98764932	8.92735912	9.32798853	9.32005821	
24.00285	8.98764932	8.92735912	9.32798853	9.32005821	
24.01292	8.98764932	8.92735912	9.32798853	9.32005821	
24.02311	8.98764932	8.92735912	9.32798853	9.32005821	
24.03439	8.98764932	8.92735912	9.32798853	9.32005821	
24.05398	8.98764932	8.92735912	9.32798853	9.32005821	
24.05841	8.98764932	8.92735912	9.32798853	9.32005821	
24.06851	8.98764932	8.92735912	9.32798853	9.32005821	
24.07869	8.98764932	8.92735912	9.32798853	9.32005821	
24.0888	8.98764932	8.92735912	9.32798853	9.32005821	
24.09887	8.98764932	8.92735912	9.32798853	9.32005821	
24.10896	8.98764932	8.92735912	9.32798853	9.32005821	
24.11914	8.98764932	8.92735912	9.32798853	9.32005821	
24.12926	8.98764932	8.92735912	9.32798853	9.32005821	
24.13968	8.98764932	8.92735912	9.32798853	9.32005821	
24.14953	8.98764932	8.92735912	9.32798853	9.32005821	
24.15973	8.98764932	8.92735912	9.32798853	9.32005821	
24.16983	8.98764932	8.92735912	9.32798853	9.32005821	
24.18018	8.98764932	8.92735912	9.32798853	9.32005821	
24.19005	8.98764932	8.92735912	9.32798853	9.32005821	
24.20049	8.98764932	8.92735912	9.32798853	9.32005821	
24.21057	8.98764932	8.92735912	9.32798853	9.32005821	
24.22068	8.98764932	8.92735912	9.32798853	9.32005821	
24.23083	8.98764932	8.92735912	9.32798853	9.32005821	
24.24116	8.98764932	8.92735912	9.32798853	9.32005821	
24.25114	8.98764932	8.92735912	9.32798853	9.32005821	
24.26129	8.98764932	8.92735912	9.32798853	9.32005821	
24.27139	8.98764932	8.92735912	9.32798853	9.32005821	
24.28177	8.98764932	8.92735912	9.32798853	9.32005821	
24.29166	8.98764932	8.92735912	9.32798853	9.32005821	
24.30177	8.98764932	8.92735912	9.32798853	9.32005821	
24.31191	8.98764932	8.92735912	9.32798853	9.32005821	
24.32201	8.98764932	8.92735912	9.32798853	9.32005821	
24.33216	8.98764932	8.92735912	9.32798853	9.32005821	
24.34244	8.98764932	8.92735912	9.32798853	9.32005821	
24.35248	8.98764932	8.92735912	9.32798853	9.32005821	
24.36261	8.98764932	8.92735912	9.32798853	9.32005821	
24.3807	8.98764932	8.92735912	9.32798853	9.32005821	
24.38508	8.98764932	8.92735912	9.32798853	9.32005821	
24.39516	8.98764932	8.92735912	9.32798853	9.32005821	
24.40529	8.98764932	8.92735912	9.32798853	9.32005821	
24.41543	8.98764932	8.92735912	9.32798853	9.32005821	
24.42555	8.98764932	8.92735912	9.32798853	9.32005821	
24.43651	8.98764932	8.92735912	9.32798853	9.32005821	
24.44584	8.98764932	8.92735912	9.32798853	9.32005821	
24.45599	8.98764932	8.92735912	9.32798853	9.32005821	
24.46611	8.98764932	8.92735912	9.32798853	9.32005821	
24.47621	8.98764932	8.92735912	9.32798853	9.32005821	
24.48644	8.98764932	8.92735912	9.32798853	9.32005821	
24.49655	8.98764932	8.92735912	9.32798853	9.32005821	
24.50667	8.98764932	8.92735912	9.32798853	9.32005821	
24.5168	8.98764932	8.92735912	9.32798853	9.32005821	
24.5269	8.98764932	8.92735912	9.32798853	9.32005821	
24.53776	8.98764932	8.92735912	9.32798853	9.32005821	
24.54726	8.98764932	8.92735912	9.32798853	9.32005821	
24.55736	8.98764932	8.92735912	9.32798853	9.32005821	
24.56752	8.98764932	8.92735912	9.32798853	9.32005821	
24.57761	8.98764932	8.92735912	9.32798853	9.32005821	
24.58777	8.98764932	8.92735912	9.32798853	9.32005821	
24.59789	8.98764932	8.92735912	9.32798853	9.32005821	
24.608	8.98764932	8.92735912	9.32798853	9.32005821	
24.61815	8.98764932	8.92735912	9.32798853	9.32005821	
24.62823	8.98764932	8.92735912	9.32798853	9.32005821	
24.63902	8.98764932	8.92735912	9.32798853	9.32005821	
24.64856	8.98764932	8.92735912	9.32798853	9.32005821	
24.6587	8.98764932	8.92735912	9.32798853	9.32005821	
24.66884	8.98764932	8.92735912	9.32798853	9.32005821	
24.67927	8.98764932	8.92735912	9.32798853	9.32005821	
24.68916	8.98764932	8.92735912	9.32798853	9.32005821	
24.69921	8.98764932	8.92735912	9.32798853	9.32005821	
24.70935	8.98764932	8.92735912	9.32798853	9.32005821	
24.71946	8.98764932	8.92735912	9.32798853	9.32005821	
24.73004	8.98764932	8.92735912	9.32798853	9.32005821	
24.74034	8.98764932	8.92735912	9.32798853	9.32005821	
24.7499	8.98764932	8.92735912	9.32798853	9.32005821	
24.76009	8.98764932	8.92735912	9.32798853	9.32005821	
24.77014	8.98764932	8.92735912	9.32798853	9.32005821	
24.78027	8.98764932	8.92735912	9.32798853	9.32005821	
24.79043	8.98764932	8.92735912	9.32798853	9.32005821	
24.80053	8.98764932	8.92735912	9.32798853	9.32005821	
24.81066	8.98764932	8.92735912	9.32798853	9.32005821	
24.82077	8.98764932	8.92735912	9.32798853	9.32005821	
24.83095	8.98764932	8.92735912	9.32798853	9.32005821	
24.85055	8.98764932	8.92735912	9.32798853	9.32005821	
24.85488	8.98764932	8.92735912	9.32798853	9.32005821	
24.86511	8.98764932	8.92735912	9.32798853	9.32005821	
24.87517	8.98764932	8.92735912	9.32798853	9.32005821	
24.8853	8.98764932	8.92735912	9.32798853	9.32005821	
24.89548	8.98764932	8.92735912	9.32798853	9.32005821	
24.9056	8.98764932	8.92735912	9.32798853	9.32005821	
24.91571	8.98764932	8.92735912	9.32798853	9.32005821	
24.92589	8.98764932	8.92735912	9.32798853	9.32005821	
24.93598	8.98764932	8.92735912	9.32798853	9.32005821	
24.94621	8.98764932	8.92735912	9.32798853	9.32005821	
24.95635	8.98764932	8.92735912	9.32798853	9.32005821	
24.96649	8.98764932	8.92735912	9.32798853	9.32005821	
24.9766	8.98764932	8.92735912	9.32798853	9.32005821	
24.98672	8.98764932	8.92735912	9.32798853	9.32005821	
24.99701	8.98764932	8.92735912	9.32798853	9.32005821	
25.00702	8.98764932	8.92735912	9.32798853	9.32005821	
25.01719	8.98764932	8.92735912	9.32798853	9.32005821	
25.02728	8.98764932	8.92735912	9.32798853	9.32005821	
25.03738	8.98764932	8.92735912	9.32798853	9.32005821	
25.04768	8.98764932	8.92735912	9.32798853	9.32005821	
25.05776	8.98764932	8.92735912	9.32798853	9.32005821	
25.06788	8.98764932	8.92735912	9.32798853	9.32005821	
25.078	8.98764932	8.92735912	9.32798853	9.32005821	
25.09626	8.98764932	8.92735912	9.32798853	9.32005821	
25.10058	8.98764932	8.92735912	9.32798853	9.32005821	
25.11072	8.98764932	8.92735912	9.32798853	9.32005821	
25.12094	8.98764932	8.92735912	9.32798853	9.32005821	
25.13103	8.98764932	8.92735912	9.32798853	9.32005821	
25.14152	8.98764932	8.92735912	9.32798853	9.32005821	
25.15129	8.98764932	8.92735912	9.32798853	9.32005821	
25.16146	8.98764932	8.92735912	9.32798853	9.32005821	
25.17156	8.98764932	8.92735912	9.32798853	9.32005821	
25.18166	8.98764932	8.92735912	9.32798853	9.32005821	
25.19184	8.98764932	8.92735912	9.32798853	9.32005821	
25.20313	8.98764932	8.92735912	9.32798853	9.32005821	
25.21224	8.98764932	8.92735912	9.32798853	9.32005821	
25.23021	8.98764932	8.92735912	9.32798853	9.32005821	
25.23457	8.98764932	8.92735912	9.32798853	9.32005821	
25.24498	8.98764932	8.92735912	9.32798853	9.32005821	
25.2549	8.98764932	8.92735912	9.32798853	9.32005821	
25.2651	8.98764932	8.92735912	9.32798853	9.32005821	
25.27513	8.98764932	8.92735912	9.32798853	9.32005821	
25.28523	8.98764932	8.92735912	9.32798853	9.32005821	
25.29544	8.98764932	8.92735912	9.32798853	9.32005821	
25.30558	8.98764932	8.92735912	9.32798853	9.32005821	
25.3157	8.98764932	8.92735912	9.32798853	9.32005821	
25.32578	8.98764932	8.92735912	9.32798853	9.32005821	
25.33595	8.98764932	8.92735912	9.32798853	9.32005821	
25.34615	8.98764932	8.92735912	9.32798853	9.32005821	
25.35625	8.98764932	8.92735912	9.32798853	9.32005821	
25.36636	8.98764932	8.92735912	9.32798853	9.32005821	
25.37656	8.98764932	8.92735912	9.32798853	9.32005821	
25.38665	8.98764932	8.92735912	9.32798853	9.32005821	
25.39701	8.98764932	8.92735912	9.32798853	9.32005821	
25.40696	8.98764932	8.92735912	9.32798853	9.32005821	
25.41718	8.98764932	8.92735912	9.32798853	9.32005821	
25.42723	8.98764932	8.92735912	9.32798853	9.32005821	
25.43732	8.98764932	8.92735912	9.32798853	9.32005821	
25.44925	8.98764932	8.92735912	9.32798853	9.32005821	
25.46581	8.98764932	8.92735912	9.32798853	9.32005821	
25.47015	8.98764932	8.92735912	9.32798853	9.32005821	
25.48026	8.98764932	8.92735912	9.32798853	9.32005821	
25.49044	8.98764932	8.92735912	9.32798853	9.32005821	
25.50055	8.98764932	8.92735912	9.32798853	9.32005821	
25.51067	8.98764932	8.92735912	9.32798853	9.32005821	
25.52081	8.98764932	8.92735912	9.32798853	9.32005821	
25.53098	8.98764932	8.92735912	9.32798853	9.32005821	
25.54151	8.98764932	8.92735912	9.32798853	9.32005821	
25.55259	8.98764932	8.92735912	9.32798853	9.32005821	
25.56142	8.98764932	8.92735912	9.32798853	9.32005821	
25.57147	8.98764932	8.92735912	9.32798853	9.32005821	
25.58159	8.98764932	8.92735912	9.32798853	9.32005821	
25.59168	8.98764932	8.92735912	9.32798853	9.32005821	
25.60199	8.98764932	8.92735912	9.32798853	9.32005821	
25.612	8.98764932	8.92735912	9.32798853	9.32005821	
25.62209	8.98764932	8.92735912	9.32798853	9.32005821	
25.63223	8.98764932	8.92735912	9.32798853	9.32005821	
25.6424	8.98764932	8.92735912	9.32798853	9.32005821	
25.6617	8.98764932	8.92735912	9.32798853	9.32005821	
25.66606	8.98764932	8.92735912	9.32798853	9.32005821	
25.67619	8.98764932	8.92735912	9.32798853	9.32005821	
25.68631	8.98764932	8.92735912	9.32798853	9.32005821	
25.69642	8.98764932	8.92735912	9.32798853	9.32005821	
25.70665	8.98764932	8.92735912	9.32798853	9.32005821	
25.71674	8.98764932	8.92735912	9.32798853	9.32005821	
25.72687	8.98764932	8.92735912	9.32798853	9.32005821	
25.73706	8.98764932	8.92735912	9.32798853	9.32005821	
25.74711	8.98764932	8.92735912	9.32798853	9.32005821	
25.75732	8.98764932	8.92735912	9.32798853	9.32005821	
25.76749	8.98764932	8.92735912	9.32798853	9.32005821	
25.77759	8.98764932	8.92735912	9.32798853	9.32005821	
25.78771	8.98764932	8.92735912	9.32798853	9.32005821	
25.79783	8.98764932	8.92735912	9.32798853	9.32005821	
25.80802	8.98764932	8.92735912	9.32798853	9.32005821	
25.81815	8.98764932	8.92735912	9.32798853	9.32005821	
25.82826	8.98764932	8.92735912	9.32798853	9.32005821	
25.83839	8.98764932	8.92735912	9.32798853	9.32005821	
25.84866	8.98764932	8.92735912	9.32798853	9.32005821	
25.85871	8.98764932	8.92735912	9.32798853	9.32005821	
25.86891	8.98764932	8.92735912	9.32798853	9.32005821	
25.879	8.98764932	8.92735912	9.32798853	9.32005821	
25.8892	8.98764932	8.92735912	9.32798853	9.32005821	
25.89921	8.98764932	8.92735912	9.32798853	9.32005821	
25.90941	8.98764932	8.92735912	9.32798853	9.32005821	
25.91951	8.98764932	8.92735912	9.32798853	9.32005821	
25.9307	8.98764932	8.92735912	9.32798853	9.32005821	
25.93991	8.98764932	8.92735912	9.32798853	9.32005821	
25.9502	8.98764932	8.92735912	9.32798853	9.32005821	
25.96022	8.98764932	8.92735912	9.32798853	9.32005821	
25.97038	8.98764932	8.92735912	9.32798853	9.32005821	
25.98048	8.98764932	8.92735912	9.32798853	9.32005821	
25.99059	8.98764932	8.92735912	9.32798853	9.32005821	
26.00074	8.98764932	8.92735912	9.32798853	9.32005821	
26.01095	8.98764932	8.92735912	9.32798853	9.32005821	
26.02108	8.98764932	8.92735912	9.32798853	9.32005821	
26.03113	8.98764932	8.92735912	9.32798853	9.32005821	
26.04132	8.98764932	8.92735912	9.32798853	9.32005821	
26.05164	8.98764932	8.92735912	9.32798853	9.32005821	
26.06157	8.98764932	8.92735912	9.32798853	9.32005821	
26.07179	8.98764932	8.92735912	9.32798853	9.32005821	
26.08184	8.98764932	8.92735912	9.32798853	9.32005821	
26.09192	8.98764932	8.92735912	9.32798853	9.32005821	
26.10206	8.98764932	8.92735912	9.32798853	9.32005821	
26.11226	8.98764932	8.92735912	9.32798853	9.32005821	
26.12244	8.98764932	8.92735912	9.32798853	9.32005821	
26.13255	8.98764932	8.92735912	9.32798853	9.32005821	
26.14264	8.98764932	8.92735912	9.32798853	9.32005821	
26.153	8.98764932	8.92735912	9.32798853	9.32005821	
26.16316	8.98764932	8.92735912	9.32798853	9.32005821	
26.17331	8.98764932	8.92735912	9.32798853	9.32005821	
26.18345	8.98764932	8.92735912	9.32798853	9.32005821	
26.19356	8.98764932	8.92735912	9.32798853	9.32005821	
26.20495	8.98764932	8.92735912	9.32798853	9.32005821	
26.21419	8.98764932	8.92735912	9.32798853	9.32005821	
26.22629	8.98764932	8.92735912	9.32798853	9.32005821	
26.23444	8.98764932	8.92735912	9.32798853	9.32005821	
26.2445	8.98764932	8.92735912	9.32798853	9.32005821	
26.25471	8.98764932	8.92735912	9.32798853	9.32005821	
26.26505	8.98764932	8.92735912	9.32798853	9.32005821	
26.275	8.98764932	8.92735912	9.32798853	9.32005821	
26.28512	8.98764932	8.92735912	9.32798853	9.32005821	
26.29522	8.98764932	8.92735912	9.32798853	9.32005821	
26.30542	8.98764932	8.92735912	9.32798853	9.32005821	
26.31555	8.98764932	8.92735912	9.32798853	9.32005821	
26.32563	8.98764932	8.92735912	9.32798853	9.32005821	
26.33584	8.98764932	8.92735912	9.32798853	9.32005821	
26.3459	8.98764932	8.92735912	9.32798853	9.32005821	
26.35605	8.98764932	8.92735912	9.32798853	9.32005821	
26.36626	8.98764932	8.92735912	9.32798853	9.32005821	
26.37675	8.98764932	8.92735912	9.32798853	9.32005821	
26.38685	8.98764932	8.92735912	9.32798853	9.32005821	
26.39698	8.98764932	8.92735912	9.32798853	9.32005821	
26.40709	8.98764932	8.92735912	9.32798853	9.32005821	
26.41733	8.98764932	8.92735912	9.32798853	9.32005821	
26.42741	8.98764932	8.92735912	9.32798853	9.32005821	
26.43752	8.98764932	8.92735912	9.32798853	9.32005821	
26.44773	8.98764932	8.92735912	9.32798853	9.32005821	
26.45778	8.98764932	8.92735912	9.32798853	9.32005821	
26.46822	8.98764932	8.92735912	9.32798853	9.32005821	
26.47813	8.98764932	8.92735912	9.32798853	9.32005821	
26.48825	8.98764932	8.92735912	9.32798853	9.32005821	
26.49839	8.98764932	8.92735912	9.32798853	9.32005821	
26.50882	8.98764932	8.92735912	9.32798853	9.32005821	
26.51866	8.98764932	8.92735912	9.32798853	9.32005821	
26.52883	8.98764932	8.92735912	9.32798853	9.32005821	
26.53893	8.98764932	8.92735912	9.32798853	9.32005821	
26.54906	8.98764932	8.92735912	9.32798853	9.32005821	
26.55915	8.98764932	8.92735912	9.32798853	9.32005821	
26.56945	8.98764932	8.92735912	9.32798853	9.32005821	
26.57949	8.98764932	8.92735912	9.32798853	9.32005821	
26.58962	8.98764932	8.92735912	9.32798853	9.32005821	
26.59979	8.98764932	8.92735912	9.32798853	9.32005821	
26.61017	8.98764932	8.92735912	9.32798853	9.32005821	
26.61999	8.98764932	8.92735912	9.32798853	9.32005821	
26.63015	8.98764932	8.92735912	9.32798853	9.32005821	
26.64025	8.98764932	8.92735912	9.32798853	9.32005821	
26.65036	8.98764932	8.92735912	9.32798853	9.32005821	
26.66051	8.98764932	8.92735912	9.32798853	9.32005821	
26.6707	8.98764932	8.92735912	9.32798853	9.32005821	
26.68091	8.98764932	8.92735912	9.32798853	9.32005821	
26.69101	8.98764932	8.92735912	9.32798853	9.32005821	
26.70108	8.98764932	8.92735912	9.32798853	9.32005821	
26.71153	8.98764932	8.92735912	9.32798853	9.32005821	
26.72135	8.98764932	8.92735912	9.32798853	9.32005821	
26.73146	8.98764932	8.92735912	9.32798853	9.32005821	
26.74157	8.98764932	8.92735912	9.32798853	9.32005821	
26.75167	8.98764932	8.92735912	9.32798853	9.32005821	
26.76186	8.98764932	8.92735912	9.32798853	9.32005821	
26.772	8.98764932	8.92735912	9.32798853	9.32005821	
26.78214	8.98764932	8.92735912	9.32798853	9.32005821	
26.79225	8.98764932	8.92735912	9.32798853	9.32005821	
26.80249	8.98764932	8.92735912	9.32798853	9.32005821	
26.81295	8.98764932	8.92735912	9.32798853	9.32005821	
26.82301	8.98764932	8.92735912	9.32798853	9.32005821	
26.83319	8.98764932	8.92735912	9.32798853	9.32005821	
26.84327	8.98764932	8.92735912	9.32798853	9.32005821	
26.85337	8.98764932	8.92735912	9.32798853	9.32005821	
26.86353	8.98764932	8.92735912	9.32798853	9.32005821	
26.87375	8.98764932	8.92735912	9.32798853	9.32005821	
26.88388	8.98764932	8.92735912	9.32798853	9.32005821	
26.89399	8.98764932	8.92735912	9.32798853	9.32005821	
26.90411	8.98764932	8.92735912	9.32798853	9.32005821	
26.91424	8.98764932	8.92735912	9.32798853	9.32005821	
26.92442	8.98764932	8.92735912	9.32798853	9.32005821	
26.93456	8.98764932	8.92735912	9.32798853	9.32005821	
26.94471	8.98764932	8.92735912	9.32798853	9.32005821	
26.95481	8.98764932	8.92735912	9.32798853	9.32005821	
26.96497	8.98764932	8.92735912	9.32798853	9.32005821	
26.97517	8.98764932	8.92735912	9.32798853	9.32005821	
26.98563	8.98764932	8.92735912	9.32798853	9.32005821	
26.99544	8.98764932	8.92735912	9.32798853	9.32005821	
27.00552	8.98764932	8.92735912	9.32798853	9.32005821	
27.01569	8.98764932	8.92735912	9.32798853	9.32005821	
27.02583	8.98764932	8.92735912	9.32798853	9.32005821	
27.03599	8.98764932	8.92735912	9.32798853	9.32005821	
27.04611	8.98764932	8.92735912	9.32798853	9.32005821	
27.0562	8.98764932	8.92735912	9.32798853	9.32005821	
27.0664	8.98764932	8.92735912	9.32798853	9.32005821	
27.07659	8.98764932	8.92735912	9.32798853	9.32005821	
27.0867	8.98764932	8.92735912	9.32798853	9.32005821	
27.09682	8.98764932	8.92735912	9.32798853	9.32005821	
27.10692	8.98764932	8.92735912	9.32798853	9.32005821	
27.1171	8.98764932	8.92735912	9.32798853	9.32005821	
27.12723	8.98764932	8.92735912	9.32798853	9.32005821	
27.13743	8.98764932	8.92735912	9.32798853	9.32005821	
27.1475	8.98764932	8.92735912	9.32798853	9.32005821	
27.15773	8.98764932	8.92735912	9.32798853	9.32005821	
27.16779	8.98764932	8.92735912	9.32798853	9.32005821	
27.17799	8.98764932	8.92735912	9.32798853	9.32005821	
27.18807	8.98764932	8.92735912	9.32798853	9.32005821	
27.19819	8.98764932	8.92735912	9.32798853	9.32005821	
27.20836	8.98764932	8.92735912	9.32798853	9.32005821	
27.21886	8.98764932	8.92735912	9.32798853	9.32005821	
27.22858	8.98764932	8.92735912	9.32798853	9.32005821	
27.2391	8.98764932	8.92735912	9.32798853	9.32005821	
27.24888	8.98764932	8.92735912	9.32798853	9.32005821	
27.25899	8.98764932	8.92735912	9.32798853	9.32005821	
27.26912	8.98764932	8.92735912	9.32798853	9.32005821	
27.27932	8.98764932	8.92735912	9.32798853	9.32005821	
27.28945	8.98764932	8.92735912	9.32798853	9.32005821	
27.29952	8.98764932	8.92735912	9.32798853	9.32005821	
27.30965	8.98764932	8.92735912	9.32798853	9.32005821	
27.32032	8.98764932	8.92735912	9.32798853	9.32005821	
27.33029	8.98764932	8.92735912	9.32798853	9.32005821	
27.34043	8.98764932	8.92735912	9.32798853	9.32005821	
27.35051	8.98764932	8.92735912	9.32798853	9.32005821	
27.36065	8.98764932	8.92735912	9.32798853	9.32005821	
27.37172	8.98764932	8.92735912	9.32798853	9.32005821	
27.38118	8.98764932	8.92735912	9.32798853	9.32005821	
27.39111	8.98764932	8.92735912	9.32798853	9.32005821	
27.40127	8.98764932	8.92735912	9.32798853	9.32005821	
27.41129	8.98764932	8.92735912	9.32798853	9.32005821	
27.4217	8.98764932	8.92735912	9.32798853	9.32005821	
27.43158	8.98764932	8.92735912	9.32798853	9.32005821	
27.44172	8.98764932	8.92735912	9.32798853	9.32005821	
27.45185	8.98764932	8.92735912	9.32798853	9.32005821	
27.46193	8.98764932	8.92735912	9.32798853	9.32005821	
27.47294	8.98764932	8.92735912	9.32798853	9.32005821	
27.48261	8.98764932	8.92735912	9.32798853	9.32005821	
27.49244	8.98764932	8.92735912	9.32798853	9.32005821	
27.50255	8.98764932	8.92735912	9.32798853	9.32005821	
27.51265	8.98764932	8.92735912	9.32798853	9.32005821	
27.52304	8.98764932	8.92735912	9.32798853	9.32005821	
27.53317	8.98764932	8.92735912	9.32798853	9.32005821	
27.54355	8.98764932	8.92735912	9.32798853	9.32005821	
27.55351	8.98764932	8.92735912	9.32798853	9.32005821	
27.56355	8.98764932	8.92735912	9.32798853	9.32005821	
27.58289	8.98764932	8.92735912	9.32798853	9.32005821	
