18.84575	
18.85547	
18.86562	
18.87568	
18.88608	
18.89598	
18.90613	
18.9167	
18.92684	
18.93731	
18.94852	
18.95715	
18.9673	
18.97736	
18.98759	
18.99764	
19.00777	
19.01797	
19.02797	
19.03834	
19.04837	
19.05842	
19.06854	
19.07865	
19.08894	
19.09904	
19.10917	
19.11931	
19.12939	
19.13952	
19.14971	
19.15985	
19.17001	
19.18006	
19.19024	
19.20043	
19.21051	
19.22064	
19.23073	
19.24093	
19.25107	
19.26117	
19.27148	
19.28146	
19.29155	
19.30169	
19.31184	
19.32201	
19.3321	
19.34219	
19.35243	
19.3625	
19.37263	
19.38276	
19.39294	
19.40304	
19.41316	
19.42334	
19.43344	
19.44356	
19.4537	
19.46383	
19.47403	
19.48409	
19.49428	
19.50447	
19.51454	
19.52467	
19.53478	
19.5449	
19.55561	
19.56516	
19.57537	
19.58541	
19.59585	
19.60567	
19.61579	
19.62592	
19.63602	
19.64616	
19.65652	
19.66716	
19.6765	
19.68807	
19.70592	
19.71017	
19.72033	
19.73044	
19.74054	
19.75067	
19.76923	
19.77348	
19.78365	
19.79376	
19.80385	
19.81405	
19.82416	
19.83428	
19.84441	
19.85469	
19.86474	
19.87481	
19.88494	
19.89509	
19.90517	
19.91601	
19.92546	
19.93561	
19.94568	
19.95607	
19.96607	
19.97616	
19.98629	
19.99638	
20.00652	
20.02464	
20.02887	
20.03902	
20.04911	
20.05925	
20.06941	
20.07955	
20.08968	
20.09981	
20.10995	
20.12008	
20.13024	
20.14033	
20.15049	
20.16069	
20.17079	
20.18091	
20.19104	
20.20117	
20.21127	
20.22144	
20.23159	
20.24171	
20.25184	
20.26193	
20.27228	
20.28228	
20.29241	
20.30252	
20.31274	
20.3228	
20.33291	
20.34301	
20.3532	
20.36331	
20.37347	
20.38358	
20.39431	
20.40389	
20.41399	
20.42411	
20.43441	
20.44442	
20.45455	
20.46474	
20.47509	
20.4849	
20.49506	
20.50518	
20.51529	
20.52543	
20.53557	
20.54566	
20.55577	
20.56591	
20.57622	
20.58624	
20.59633	
20.60645	
20.61668	
20.635	
20.63927	
20.64937	
20.6595	
20.6696	
20.67998	
20.68992	
20.70005	
20.71017	
20.72035	
20.73045	
20.74054	
20.7507	
20.76087	
20.77098	
20.78111	
20.79129	
20.80135	
20.81152	
20.82165	
20.83177	
20.84192	
20.85201	
20.86218	
20.87232	
20.88244	
20.89261	
20.90273	
20.91291	
20.923	
20.93311	
20.94325	
20.9627	
20.96694	
20.9774	
20.98721	
20.99734	
21.0075	
21.01759	
21.02771	
21.03783	
21.04793	
21.05804	
21.07622	
21.08048	
21.09061	
21.10073	
21.11082	
21.12105	
21.13112	
21.14121	
21.15142	
21.16148	
21.17166	
21.18177	
21.19219	
21.20207	
21.21217	
21.22231	
21.2324	
21.24257	
21.25268	
21.26282	
21.27312	
21.28305	
21.29324	
21.30338	
21.31347	
21.324	
21.33407	
21.34438	
21.35454	
21.36465	
21.37477	
21.3849	
21.39505	
21.4052	
21.41542	
21.42546	
21.4356	
21.44569	
21.4558	
21.46592	
21.47605	
21.4862	
21.49641	
21.50647	
21.51657	
21.52674	
21.53729	
21.54695	
21.5571	
21.56717	
21.57727	
21.58757	
21.59754	
21.60772	
21.61783	
21.62795	
21.63803	
21.65647	
21.66067	
21.68049	
21.68474	
21.69483	
21.7054	
21.71514	
21.7252	
21.73544	
21.74587	
21.75561	
21.7657	
21.77587	
21.78597	
21.79607	
21.80624	
21.81635	
21.82646	
21.8366	
21.84675	
21.85694	
21.86696	
21.87709	
21.8872	
21.89732	
21.90745	
21.91808	
21.92771	
21.93783	
21.94794	
21.95812	
21.97609	
21.98033	
21.99046	
22.0006	
22.01074	
22.02087	
22.03098	
22.04116	
22.05121	
22.06136	
22.07156	
22.08164	
22.09177	
22.10187	
22.11231	
22.12224	
22.13229	
22.1424	
22.15252	
22.1627	
22.17281	
22.18293	
22.19311	
22.20316	
22.21334	
22.22353	
22.23363	
22.24374	
22.25386	
22.26397	
22.27428	
22.28429	
22.29441	
22.30449	
22.3147	
22.32477	
22.33489	
22.34501	
22.35515	
22.36525	
22.37545	
22.3857	
22.39565	
22.40577	
22.41588	
22.42607	
22.43617	
22.44632	
22.45642	
22.46654	
22.47674	
22.48684	
22.497	
22.50703	
22.51748	
22.52734	
22.53741	
22.54752	
22.55763	
22.56782	
22.57792	
22.58804	
22.59822	
22.6083	
22.61876	
22.62887	
22.63901	
22.64919	
22.65928	
22.66949	
22.67956	
22.68968	
22.69979	
22.70989	
22.72008	
22.73022	
22.74029	
22.75046	
22.76058	
22.7707	
22.78083	
22.79097	
22.80109	
22.81132	67.8593441	67.8584013	69.0810746	69.0801318	
22.82134	67.8608616	67.8584013	69.0825921	69.0801318	
22.83984	67.8661895	67.8584013	69.08792	69.0801318	
22.84419	67.8674311	67.8584013	69.0891616	69.0801318	
22.85436	67.8709207	67.8584013	69.0926512	69.0801318	
22.86453	67.8750982	67.8584013	69.0968287	69.0801318	
22.87464	67.8798672	67.8584013	69.1015977	69.0801318	
22.88475	67.8852523	67.8584013	69.1069827	69.0801318	
22.89485	67.8912424	67.867128	69.1129729	69.0801318	
22.90604	67.8986648	67.867128	69.1203952	69.0801318	
22.91552	67.9054435	67.8758546	69.127174	69.0801318	
22.92537	67.9130704	67.8845813	69.1348008	69.0888584	
22.93555	67.9216012	67.8933079	69.1433317	69.0888584	
22.94569	67.9307073	67.9020345	69.1524378	69.0975851	
22.95723	67.9419149	67.9194878	69.1636454	69.0975851	
22.96589	67.9506975	67.9282145	69.172428	69.0975851	
22.97601	67.9616314	67.9456678	69.1833619	69.1063117	
22.98613	67.973178	67.9631211	69.1949085	69.1150384	
22.99625	67.9853252	67.9805744	69.2070557	69.1150384	
23.00734	67.99943	67.9980277	69.2211605	69.123765	
23.01702	68.0122498	68.015481	69.2339802	69.123765	
23.02673	68.025677	68.0329342	69.2474075	69.1324917	
23.03691	68.0403903	68.0503875	69.2621208	69.1324917	
23.04692	68.0554459	68.0678408	69.2771764	69.1324917	
23.05749	68.0720516	68.0765675	69.2937821	69.1324917	
23.06726	68.0879443	68.0940208	69.3096747	69.1412183	
23.0773	68.1048768	68.1114741	69.3266073	69.1412183	
23.08746	68.1226397	68.1289274	69.3443702	69.149945	
23.0975	68.1408109	68.137654	69.3625413	69.149945	
23.10857	68.1616094	68.1551073	69.3833398	69.1586716	
23.11813	68.1800491	68.1725606	69.4017796	69.1673983	
23.12796	68.1996093	68.1900139	69.4213397	69.1761249	
23.13806	68.2203588	68.2074672	69.4420892	69.1848515	
23.15612	68.2597945	68.2423738	69.481525	69.2023048	
23.1605	68.2693084	68.2423738	69.4910388	69.2023048	
23.17065	68.2921027	68.259827	69.5138332	69.2110315	
23.18076	68.3154517	68.286007	69.5371822	69.2197581	
23.19092	68.3395154	68.3121869	69.5612459	69.2372114	
23.20104	68.3641174	68.3296402	69.5858478	69.2459381	
23.21234	68.3923831	68.3558202	69.6141135	69.2633914	
23.22128	68.4151591	68.3820001	69.6368896	69.272118	
23.23146	68.441746	68.4169067	69.6634765	69.2808447	
23.24156	68.4687496	68.4430866	69.6904801	69.298298	
23.25169	68.4964644	68.4779932	69.7181949	69.3070246	
23.26182	68.5247669	68.5128998	69.7464973	69.3244779	
23.27216	68.5543068	68.5390797	69.7760373	69.3419312	
23.28212	68.5833626	68.582713	69.8050931	69.3506578	
23.29224	68.613468	68.6176195	69.8351985	69.3681111	
23.30236	68.644212	68.6525261	69.8659424	69.3855644	
23.31371	68.6795491	68.6787061	69.9012796	69.4030177	
23.32264	68.7077171	68.7136127	69.9294476	69.420471	
23.33277	68.7403339	68.7485192	69.9620644	69.4379243	
23.34289	68.7735257	68.7834258	69.9952562	69.4553776	
23.35305	68.8074792	68.8096058	70.0292096	69.4815575	
23.36314	68.8418282	68.8445123	70.0635587	69.4990108	
23.37326	68.8768598	68.8706923	70.0985902	69.5164641	
23.38343	68.912733	68.9055989	70.1344635	69.542644	
23.39355	68.9490072	68.9405055	70.1707377	69.5600973	
23.40366	68.985847	68.9666854	70.2075775	69.5862773	
23.41496	69.0278731	69.001592	70.2496035	69.6037306	
23.42402	69.0619665	69.0277719	70.2836969	69.6211839	
23.43411	69.1005869	69.0626785	70.3223174	69.6560904	
23.44426	69.1400966	69.0975851	70.361827	69.6735437	
23.45463	69.181378	69.1412183	70.4031085	69.6997237	
23.46451	69.2206996	69.1761249	70.44243	69.7259036	
23.47463	69.2618876	69.2197581	70.4836181	69.7520836	
23.48474	69.3036432	69.2546647	70.5253737	69.7782635	
23.49489	69.34623	69.3070246	70.5679605	69.7957168	
23.50504	69.3894009	69.3506578	70.6111314	69.8306234	
23.51625	69.4379147	69.3942911	70.6596452	69.8568033	
23.52529	69.4773918	69.4466509	70.6991223	69.8829832	
23.53543	69.5223771	69.4990108	70.7441076	69.9178898	
23.54552	69.5677592	69.542644	70.7894896	69.9353431	
23.55596	69.6153849	69.5950039	70.8371154	69.9702497	
23.56582	69.6608944	69.6386372	70.8826249	70.0051563	
23.57593	69.7081977	69.690997	70.9299282	70.0313362	
23.58606	69.7562204	69.7433569	70.9779509	70.0662428	
23.59617	69.8047611	69.7957168	71.0264916	70.0924228	
23.60629	69.8539994	69.8480767	71.0757299	70.1273293	
23.61767	69.9101594	69.8917099	71.1318898	70.1622359	
23.6267	69.9550751	69.9440698	71.1768056	70.1971425	
23.63681	70.0060813	69.987703	71.2278118	70.2233225	
23.64692	70.0577165	70.0400629	71.2794469	70.258229	
23.65709	70.1102703	70.0836961	71.3320008	70.2931356	
23.68085	70.2374105	70.1273293	71.459141	70.3280422	
23.68525	70.260757	70.2145958	71.4824874	70.3891287	
23.69541	70.3155787	70.2669557	71.5373091	70.432762	
23.70552	70.3707921	70.3193156	71.5925226	70.4676685	
23.71606	70.429022	70.3716754	71.6507524	70.5025751	
23.72582	70.4834208	70.4414886	71.7051513	70.5462084	
23.73587	70.5400912	70.4938485	71.7618216	70.581115	
23.74601	70.5978945	70.5462084	71.8196249	70.6247482	
23.75614	70.6562387	70.6160215	71.8779692	70.6596548	
23.76626	70.7151512	70.6771081	71.9368816	70.703288	
23.77642	70.774917	70.7381946	71.9966475	70.7381946	
23.78862	70.8476508	70.8080078	72.0693813	70.7905545	
23.79871	70.9083583	70.8690943	72.1300888	70.8341877	
23.80886	70.9699975	70.9301808	72.191728	70.8778209	
23.82014	71.0394294	70.999994	72.2611599	70.9127275	
23.82918	71.0954073	71.0523538	72.3171377	70.9650874	
23.8393	71.1587421	71.122167	72.3804726	71.0087206	
23.84942	71.2226719	71.1832535	72.4444024	71.0523538	
23.85954	71.2872674	71.2443401	72.5089979	71.0959871	
23.86972	71.3528698	71.3141532	72.5746003	71.1396203	
23.87989	71.4189558	71.3752398	72.6406863	71.1919802	
23.89001	71.4853753	71.4363263	72.7071057	71.2356134	
23.90009	71.5521808	71.5061395	72.7739112	71.2879733	
23.91021	71.6198133	71.567226	72.8415438	71.3316065	
23.92221	71.7010068	71.6370391	72.9227373	71.3839664	
23.93057	71.7578231	71.6981257	72.9795536	71.4363263	
23.94064	71.8269925	71.7679388	73.048723	71.4799595	
23.95075	71.8970794	71.837752	73.1188099	71.5323194	
23.97016	72.0343597	71.9773784	73.2560902	71.6283125	
23.97458	72.0654897	72.0035583	73.2872202	71.6457658	
23.98468	72.1375427	72.0733715	73.3592731	71.7068523	
23.99481	72.2104265	72.1431846	73.432157	71.7592122	
24.00493	72.2837869	72.2217244	73.5055174	71.8115721	
24.01501	72.3575908	72.2915376	73.5793213	71.863932	
24.02528	72.4332899	72.3613508	73.6550204	71.9162918	
24.03541	72.508582	72.4486173	73.7303125	71.9773784	
24.04551	72.5843602	72.5184304	73.8060907	72.0297382	
24.05562	72.6607056	72.5969702	73.8824361	72.0820981	
24.06604	72.7401388	72.6755101	73.9618692	72.134458	
24.0759	72.815848	72.7540499	74.0375785	72.1955445	
24.08609	72.8947556	72.8325897	74.116486	72.2479044	
24.09616	72.9714318	72.9198561	74.1931623	72.3089909	
24.10626	73.0478005	72.9896693	74.269531	72.3613508	
24.11639	73.1237731	73.0769358	74.3455036	72.4137107	
24.12659	73.1996675	73.1642022	74.421398	72.4660705	
24.14454	73.3307598	73.2427421	74.5524903	72.5271571	
24.14893	73.3629052	73.3387352	74.5846357	72.5882436	
24.15904	73.4361048	73.4085483	74.6578353	72.6493301	
24.16924	73.5094099	73.4958148	74.7311404	72.70169	
24.17935	73.5813889	73.5743546	74.8031194	72.7627765	
24.18949	73.653008	73.6528944	74.8747385	72.8151364	
24.19963	73.7239914	73.7227076	74.9457219	72.8674963	
24.20973	73.7940725	73.7925208	75.015803	72.9285828	
24.2199	73.8640669	73.8710606	75.0857974	72.972216	
24.23038	73.9354868	73.9321471	75.1572173	73.0333025	
24.24022	74.0019452	74.0019603	75.2236757	73.0943891	
24.25037	74.0699343	74.0717735	75.2916648	73.146749	
24.26043	74.1367187	74.13286	75.3584492	73.1991088	
24.27062	74.2037416	74.1939465	75.4254721	73.2514687	
24.28077	74.2699002	74.255033	75.4916307	73.3125552	
24.29086	74.3350105	74.3161195	75.556741	73.3649151	
24.30096	74.3995578	74.3684794	75.6212883	73.4260016	
24.31108	74.4637157	74.429566	75.6854462	73.4783615	
24.32127	74.5276573	74.4906525	75.7493878	73.5307214	
24.33163	74.591983	74.551739	75.8137135	73.5918079	
24.34153	74.6528991	74.6128255	75.8746296	73.6441678	
24.35174	74.7150619	74.6651854	75.9367924	73.6965277	
24.36179	74.7757247	74.7262719	75.9974552	73.7488875	
24.372	74.8366904	74.7873584	76.0584209	73.8099741	
24.38209	74.896319	74.848445	76.1180495	73.8623339	
24.39222	74.9556006	74.9095315	76.1773311	73.9146938	
24.4024	75.0145442	74.9793447	76.2362747	73.9757803	
24.41247	75.0722334	75.0404312	76.2939639	74.0194136	
24.42266	75.1300444	75.1015177	76.3517749	74.0805001	
24.43304	75.1882625	75.1713309	76.409993	74.13286	
24.44296	75.2432906	75.2324174	76.4650211	74.1939465	
24.45305	75.298668	75.2935039	76.5203984	74.2463064	
24.46318	75.3536693	75.3545905	76.5753998	74.2986663	
24.47333	75.4081182	75.415677	76.6298487	74.3510261	
24.48347	75.4619293	75.4680369	76.6836598	74.403386	
24.49362	75.5151862	75.5203967	76.7369167	74.4644725	
24.50376	75.5678208	75.5727566	76.7895512	74.5168324	
24.51388	75.6197127	75.6251165	76.8414432	74.5779189	
24.52394	75.6706627	75.6774764	76.8923932	74.6302788	
24.53437	75.72289	75.7298362	76.9446205	74.6826387	
24.54444	75.7726849	75.7821961	76.9944154	74.7349986	
24.5546	75.82231	75.8258294	77.0440405	74.7873584	
24.56475	75.871285	75.8694626	77.0930155	74.848445	
24.57481	75.9192703	75.9130958	77.1410008	74.9008048	
24.58506	75.9674668	75.956729	77.1891972	74.9531647	
24.59511	76.0141166	75.9916356	77.2358471	75.0142513	
24.60526	76.0607129	76.0352689	77.2824434	75.0666111	
24.6154	76.1065733	76.0789021	77.3283038	75.118971	
24.62584	76.1531635	76.131262	77.374894	75.1713309	
24.6357	76.1966113	76.1661686	77.4183418	75.2324174	
24.64579	76.2404204	76.2098018	77.4621508	75.2847773	
24.65595	76.2839723	76.253435	77.5057028	75.3371372	
24.66603	76.3265413	76.3057949	77.5482718	75.389497	
24.67615	76.3687267	76.3407015	77.5904572	75.4505836	
24.68627	76.4102821	76.3930614	77.6320126	75.5029434	
24.69644	76.451391	76.4366946	77.6731215	75.5553033	
24.70673	76.4924202	76.4803278	77.7141506	75.6076632	
24.72469	76.5616925	76.5326877	77.783423	75.6600231	
24.7299	76.5818069	76.5850476	77.8035374	75.7298362	
24.73951	76.6182686	76.6286808	77.8399991	75.7909228	
24.74935	76.6550112	76.672314	77.8767417	75.8432826	
24.75949	76.6922462	76.7159473	77.9139766	75.8956425	
24.7696	76.7287855	76.7595805	77.9505159	75.9480024	
24.77977	76.7649599	76.7944871	77.9866904	76.0090889	
24.7899	76.8003727	76.8293937	78.0221032	76.0614488	
24.80002	76.8351261	76.8643003	78.0568565	76.1138087	
24.81017	76.8694139	76.8992068	78.0911444	76.1661686	
24.82027	76.902926	76.9341134	78.1246565	76.2185284	
24.83114	76.938272	76.9602934	78.1600025	76.2708883	
24.84061	76.968561	76.9864733	78.1902915	76.3232482	
24.85069	77.0002083	77.0213799	78.2219388	76.3756081	
24.8609	77.0316441	77.0475598	78.2533746	76.4279679	
24.87097	77.0620751	77.0737398	78.2838055	76.4803278	
24.88132	77.0927087	77.0999197	78.3144392	76.5326877	
24.89141	77.1219612	77.1260996	78.3436917	76.5763209	
24.90151	77.1506872	77.1522796	78.3724177	76.6286808	
24.9117	77.1790284	77.1784595	78.4007589	76.672314	
24.92248	77.2083675	77.2046395	78.4300979	76.7246739	
24.9324	77.2347737	77.2308194	78.4565041	76.7770338	
24.94206	77.2599583	77.2482727	78.4816888	76.8119404	
24.95216	77.2857032	77.2744526	78.5074337	76.8643003	
24.96351	77.3138376	77.3006326	78.535568	76.9079335	
24.97243	77.33553	77.3268125	78.5572605	76.9515667	
24.98265	77.3597839	77.3529924	78.5815144	76.9952	
24.99272	77.3830776	77.3791724	78.6048081	77.0388332	
25.00284	77.4058731	77.4053523	78.6276036	77.0824664	
25.01296	77.4281052	77.4315323	78.6498357	77.1260996	
25.02307	77.4497316	77.4577122	78.6714621	77.1610062	
25.03369	77.4717928	77.4838921	78.6935232	77.2046395	
25.04341	77.4914449	77.5100721	78.7131754	77.2482727	
25.05348	77.5112187	77.5275254	78.7329491	77.2919059	
25.06363	77.5305732	77.5537053	78.7523037	77.3268125	
25.07371	77.5492091	77.5798853	78.7709396	77.3704457	
25.0839	77.5674503	77.5973385	78.7891808	77.4053523	
25.09401	77.5849633	77.6147918	78.8066938	77.4402589	
25.10414	77.6019323	77.6322451	78.8236628	77.4751655	
25.11429	77.6183565	77.6496984	78.8400869	77.5100721	
25.12467	77.6345528	77.6671517	78.8562832	77.5449787	
25.13499	77.6500527	77.6671517	78.8717831	77.5798853	
25.14466	77.6640502	77.684605	78.8857807	77.6147918	
25.15482	77.6781617	77.6933317	78.8998922	77.6496984	
25.16487	77.6915801	77.7020583	78.9133106	77.684605	
25.17499	77.7045264	77.7020583	78.9262569	77.7195116	
25.18551	77.717344	77.7020583	78.9390745	77.7544182	
25.19529	77.7287477	77.7195116	78.9504782	77.7893248	
25.20544	77.740021	77.7195116	78.9617514	77.8242313	
25.21557	77.7507091	77.7282382	78.9724396	77.8504113	
25.22602	77.7611392	77.7369649	78.9828697	77.8765912	
25.23634	77.7708603	77.7456915	78.9925908	77.9114978	
25.24598	77.7794577	77.7544182	79.0011881	77.9376777	
25.2561	77.7879295	77.7718715	79.00966	77.9638577	
25.26621	77.7958545	77.7805981	79.0175849	77.9987643	
25.27647	77.8033475	77.7893248	79.025078	78.0249442	
25.28668	77.8102593	77.8067781	79.0319897	78.0511241	
25.29659	77.8164742	77.8155047	79.0382047	78.0685774	
25.30681	77.8223462	77.832958	79.0440767	78.103484	
25.31689	77.8276406	77.8416846	79.0493711	78.1209373	
25.32703	77.832462	77.8591379	79.0541925	78.1471173	
25.35469	77.840765	77.8678646	79.0624955	78.1732972	
25.35909	77.8422655	77.8765912	79.063996	78.2169304	
25.36928	77.8452409	77.8765912	79.0669714	78.2431104	
25.37932	77.8478101	77.8765912	79.0695405	78.2605637	
25.3895	77.850051	77.8765912	79.0717814	78.2867436	
25.39962	77.85194	77.8678646	79.0736705	78.3041969	
25.40978	77.8535127	77.8591379	79.0752432	78.3216502	
25.41992	77.8584013	77.8591379	79.0801318	78.3478301	
25.43001	77.8584013	77.8416846	79.0801318	78.3652834	
25.44934	77.8584013	77.832958	79.0801318	78.3914634	
25.45375	77.8584013	77.832958	79.0801318	78.40019	
25.46392	77.8584013	77.8242313	79.0801318	78.4176433	
25.47407	77.8584013	77.832958	79.0801318	78.4350966	
25.48416	77.8584013	77.832958	79.0801318	78.4525499	
25.49434	77.8584013	77.8416846	79.0801318	78.4700032	
25.50449	77.8584013	77.8416846	79.0801318	78.4874565	
25.51465	77.8584013	77.8416846	79.0801318	78.4961831	
25.52471	77.8584013	77.8504113	79.0801318	78.5049098	
25.53479	77.8584013	77.8504113	79.0801318	78.522363	
25.54529	77.8584013	77.8591379	79.0801318	78.5398163	
25.5551	77.8584013	77.8591379	79.0801318	78.548543	
25.56525	77.8584013	77.8591379	79.0801318	78.5572696	
25.5754	77.8584013	77.8591379	79.0801318	78.5747229	
25.58584	77.8584013	77.8591379	79.0801318	78.5834496	
25.59565	77.8584013	77.8591379	79.0801318	78.5921762	
25.60575	77.8584013	77.8504113	79.0801318	78.6096295	
25.6159	77.8584013	77.8504113	79.0801318	78.6270828	
25.62598	77.8584013	77.8504113	79.0801318	78.6270828	
25.63612	77.8584013	77.8504113	79.0801318	78.6358094	
25.64666	77.8584013	77.8504113	79.0801318	78.6532627	
25.65641	77.8584013	77.8504113	79.0801318	78.6619894	
25.66776	77.8584013	77.8504113	79.0801318	78.670716	
25.67675	77.8584013	77.8504113	79.0801318	78.6794427	
25.68727	77.8584013	77.8504113	79.0801318	78.696896	
25.69697	77.8584013	77.8504113	79.0801318	78.696896	
25.70716	77.8584013	77.8504113	79.0801318	78.7056226	
25.71719	77.8584013	77.8504113	79.0801318	78.7143493	
25.72728	77.8584013	77.8504113	79.0801318	78.7230759	
25.73756	77.8584013	77.8504113	79.0801318	78.7318026	
25.74766	77.8584013	77.8504113	79.0801318	78.7405292	
25.75773	77.8584013	77.8504113	79.0801318	78.7492558	
25.76787	77.8584013	77.8504113	79.0801318	78.7579825	
25.7782	77.8584013	77.8504113	79.0801318	78.7667091	
25.79652	77.8584013	77.8504113	79.0801318	78.7754358	
25.80088	77.8584013	77.8504113	79.0801318	78.7754358	
25.81103	77.8584013	77.8504113	79.0801318	78.7841624	
25.82116	77.8584013	77.8504113	79.0801318	78.7928891	
25.83126	77.8584013	77.8504113	79.0801318	78.8016157	
25.84225	77.8584013	77.8504113	79.0801318	78.8016157	
25.85191	77.8584013	77.8504113	79.0801318	78.8103424	
25.86171	77.8584013	77.8504113	79.0801318	78.819069	
25.87187	77.8584013	77.8504113	79.0801318	78.819069	
25.88193	77.8584013	77.8504113	79.0801318	78.8277957	
25.89211	77.8584013	77.8504113	79.0801318	78.8277957	
25.90262	77.8584013	77.8504113	79.0801318	78.8365223	
25.9124	77.8584013	77.8504113	79.0801318	78.8365223	
25.92322	77.8584013	77.8504113	79.0801318	78.8365223	
25.9326	77.8584013	77.8504113	79.0801318	78.845249	
25.94355	77.8584013	77.8504113	79.0801318	78.8539756	
25.95287	77.8584013	77.8504113	79.0801318	78.8627023	
25.96435	77.8584013	77.8504113	79.0801318	78.8714289	
25.97315	77.8584013	77.8504113	79.0801318	78.8714289	
25.98324	77.8584013	77.8504113	79.0801318	78.8801555	
25.99346	77.8584013	77.8504113	79.0801318	78.8801555	
26.00352	77.8584013	77.8504113	79.0801318	78.8888822	
26.01364	77.8584013	77.8504113	79.0801318	78.8888822	
26.02387	77.8584013	77.8504113	79.0801318	78.8888822	
26.03388	77.8584013	77.8504113	79.0801318	78.8888822	
26.04485	77.8584013	77.8504113	79.0801318	78.8976088	
26.05441	77.8584013	77.8504113	79.0801318	78.8976088	
26.06438	77.8584013	77.8504113	79.0801318	78.9063355	
26.07464	77.8584013	77.8504113	79.0801318	78.9063355	
26.08469	77.8584013	77.8504113	79.0801318	78.9063355	
26.0948	77.8584013	77.8504113	79.0801318	78.9150621	
26.10496	77.8584013	77.8504113	79.0801318	78.9237888	
26.11512	77.8584013	77.8504113	79.0801318	78.9325154	
26.12522	77.8584013	77.8504113	79.0801318	78.9325154	
26.1354	77.8584013	77.8504113	79.0801318	78.9412421	
26.14609	77.8584013	77.8504113	79.0801318	78.9412421	
26.15577	77.8584013	77.8504113	79.0801318	78.9412421	
26.16574	77.8584013	77.8504113	79.0801318	78.9412421	
26.17589	77.8584013	77.8504113	79.0801318	78.9499687	
26.18597	77.8584013	77.8504113	79.0801318	78.9499687	
26.19611	77.8584013	77.8504113	79.0801318	78.9499687	
26.20625	77.8584013	77.8504113	79.0801318	78.9499687	
26.21642	77.8584013	77.8504113	79.0801318	78.9499687	
26.22651	77.8584013	77.8504113	79.0801318	78.9586954	
26.23668	77.8584013	77.8504113	79.0801318	78.9586954	
26.25551	77.8584013	77.8504113	79.0801318	78.9586954	
26.25992	77.8584013	77.8504113	79.0801318	78.9586954	
26.27005	77.8584013	77.8504113	79.0801318	78.9586954	
26.28031	77.8584013	77.8504113	79.0801318	78.967422	
26.29041	77.8584013	77.8504113	79.0801318	78.967422	
26.30053	77.8584013	77.8504113	79.0801318	78.9761487	
26.31102	77.8584013	77.8504113	79.0801318	78.9761487	
26.32126	77.8584013	77.8504113	79.0801318	78.9761487	
26.33101	77.8584013	77.8504113	79.0801318	78.9848753	
26.34109	77.8584013	77.8504113	79.0801318	78.9848753	
26.3515	77.8584013	77.8504113	79.0801318	78.9936019	
26.36148	77.8584013	77.8504113	79.0801318	79.0023286	
26.37155	77.8584013	77.8504113	79.0801318	79.0023286	
26.38167	77.8584013	77.8504113	79.0801318	79.0110552	
26.39182	77.8584013	77.8504113	79.0801318	79.0110552	
26.40194	77.8584013	77.8504113	79.0801318	79.0110552	
26.41206	77.8584013	77.8504113	79.0801318	79.0110552	
26.42222	77.8584013	77.8504113	79.0801318	79.0110552	
26.43235	77.8584013	77.8504113	79.0801318	79.0110552	
26.44247	77.8584013	77.8504113	79.0801318	79.0110552	
26.45278	77.8584013	77.8504113	79.0801318	79.0110552	
26.46283	77.8584013	77.8504113	79.0801318	79.0110552	
26.47293	77.8584013	77.8504113	79.0801318	79.0110552	
26.48303	77.8584013	77.8504113	79.0801318	79.0110552	
26.49314	77.8584013	77.8504113	79.0801318	79.0197819	
26.50332	77.8584013	77.8504113	79.0801318	79.0197819	
26.51351	77.8584013	77.8504113	79.0801318	79.0197819	
26.52365	77.8584013	77.8504113	79.0801318	79.0197819	
26.53371	77.8584013	77.8504113	79.0801318	79.0285085	
26.54383	77.8584013	77.8504113	79.0801318	79.0285085	
26.5631	77.8584013	77.8504113	79.0801318	79.0285085	
26.5675	77.8584013	77.8504113	79.0801318	79.0285085	
26.57768	77.8584013	77.8504113	79.0801318	79.0285085	
26.58773	77.8584013	77.8504113	79.0801318	79.0372352	
26.5979	77.8584013	77.8504113	79.0801318	79.0372352	
26.60805	77.8584013	77.8504113	79.0801318	79.0459618	
26.61834	77.8584013	77.8504113	79.0801318	79.0459618	
26.62835	77.8584013	77.8504113	79.0801318	79.0459618	
26.63844	77.8584013	77.8504113	79.0801318	79.0546885	
26.64879	77.8584013	77.8504113	79.0801318	79.0634151	
26.65899	77.8584013	77.8504113	79.0801318	79.0634151	
26.66949	77.8584013	77.8504113	79.0801318	79.0634151	
26.67927	77.8584013	77.8504113	79.0801318	79.0721418	
26.68941	77.8584013	77.8504113	79.0801318	79.0721418	
26.69955	77.8584013	77.8504113	79.0801318	79.0721418	
26.70968	77.8584013	77.8504113	79.0801318	79.0721418	
26.71986	77.8584013	77.8504113	79.0801318	79.0721418	
26.72999	77.8584013	77.8504113	79.0801318	79.0721418	
26.74007	77.8584013	77.8504113	79.0801318	79.0721418	
26.75024	77.8584013	77.8504113	79.0801318	79.0721418	
26.76037	77.8584013	77.8504113	79.0801318	79.0721418	
26.77052	77.8584013	77.8504113	79.0801318	79.0721418	
26.78071	77.8584013	77.8504113	79.0801318	79.0721418	
26.79086	77.8584013	77.8504113	79.0801318	79.0721418	
26.80092	77.8584013	77.8504113	79.0801318	79.0721418	
26.81108	77.8584013	77.8504113	79.0801318	79.0721418	
26.82121	77.8584013	77.8504113	79.0801318	79.0721418	
26.83137	77.8584013	77.8504113	79.0801318	79.0721418	
26.84156	77.8584013	77.8504113	79.0801318	79.0721418	
26.85158	77.8584013	77.8504113	79.0801318	79.0721418	
26.86171	77.8584013	77.8504113	79.0801318	79.0721418	
26.87195	77.8584013	77.8504113	79.0801318	79.0721418	
26.88203	77.8584013	77.8504113	79.0801318	79.0721418	
26.89214	77.8584013	77.8504113	79.0801318	79.0721418	
26.90229	77.8584013	77.8504113	79.0801318	79.0721418	
26.91239	77.8584013	77.8504113	79.0801318	79.0721418	
26.92324	77.8584013	77.8504113	79.0801318	79.0721418	
26.93265	77.8584013	77.8504113	79.0801318	79.0721418	
26.94276	77.8584013	77.8504113	79.0801318	79.0721418	
26.9529	77.8584013	77.8504113	79.0801318	79.0721418	
26.96307	77.8584013	77.8504113	79.0801318	79.0721418	
26.97322	77.8584013	77.8504113	79.0801318	79.0721418	
26.9835	77.8584013	77.8504113	79.0801318	79.0721418	
26.99359	77.8584013	77.8504113	79.0801318	79.0721418	
27.0036	77.8584013	77.8504113	79.0801318	79.0721418	
27.01374	77.8584013	77.8504113	79.0801318	79.0721418	
27.02391	77.8584013	77.8504113	79.0801318	79.0721418	
27.03405	77.8584013	77.8504113	79.0801318	79.0721418	
27.04412	77.8584013	77.8504113	79.0801318	79.0721418	
27.05426	77.8584013	77.8504113	79.0801318	79.0721418	
27.06439	77.8584013	77.8504113	79.0801318	79.0721418	
27.07454	77.8584013	77.8504113	79.0801318	79.0721418	
27.08464	77.8584013	77.8504113	79.0801318	79.0721418	
27.09479	77.8584013	77.8504113	79.0801318	79.0721418	
27.1049	77.8584013	77.8504113	79.0801318	79.0721418	
27.11502	77.8584013	77.8504113	79.0801318	79.0721418	
27.12515	77.8584013	77.8504113	79.0801318	79.0721418	
27.1353	77.8584013	77.8504113	79.0801318	79.0721418	
27.1455	77.8584013	77.8504113	79.0801318	79.0721418	
27.15559	77.8584013	77.8504113	79.0801318	79.0721418	
27.16567	77.8584013	77.8504113	79.0801318	79.0721418	
27.17609	77.8584013	77.8504113	79.0801318	79.0721418	
27.18593	77.8584013	77.8504113	79.0801318	79.0721418	
27.19606	77.8584013	77.8504113	79.0801318	79.0721418	
27.20618	77.8584013	77.8504113	79.0801318	79.0721418	
27.21629	77.8584013	77.8504113	79.0801318	79.0721418	
27.22643	77.8584013	77.8504113	79.0801318	79.0721418	
27.23675	77.8584013	77.8504113	79.0801318	79.0721418	
27.24688	77.8584013	77.8504113	79.0801318	79.0721418	
27.25719	77.8584013	77.8504113	79.0801318	79.0721418	
27.26704	77.8584013	77.8504113	79.0801318	79.0721418	
27.27766	77.8584013	77.8504113	79.0801318	79.0721418	
27.2873	77.8584013	77.8504113	79.0801318	79.0721418	
27.29743	77.8584013	77.8504113	79.0801318	79.0721418	
27.30754	77.8584013	77.8504113	79.0801318	79.0721418	
27.31763	77.8584013	77.8504113	79.0801318	79.0721418	
27.3278	77.8584013	77.8504113	79.0801318	79.0721418	
27.33792	77.8584013	77.8504113	79.0801318	79.0721418	
27.34804	77.8584013	77.8504113	79.0801318	79.0721418	
27.35823	77.8584013	77.8504113	79.0801318	79.0721418	
27.36834	77.8584013	77.8504113	79.0801318	79.0721418	
27.37843	77.8584013	77.8504113	79.0801318	79.0721418	
27.3888	77.8584013	77.8504113	79.0801318	79.0721418	
27.39894	77.8584013	77.8504113	79.0801318	79.0721418	
27.40908	77.8584013	77.8504113	79.0801318	79.0721418	
27.4193	77.8584013	77.8504113	79.0801318	79.0721418	
27.42931	77.8584013	77.8504113	79.0801318	79.0721418	
27.43967	77.8584013	77.8504113	79.0801318	79.0721418	
27.44968	77.8584013	77.8504113	79.0801318	79.0721418	
27.45974	77.8584013	77.8504113	79.0801318	79.0721418	
27.46988	77.8584013	77.8504113	79.0801318	79.0721418	
27.48005	77.8584013	77.8504113	79.0801318	79.0721418	
27.49016	77.8584013	77.8504113	79.0801318	79.0721418	
27.50029	77.8584013	77.8504113	79.0801318	79.0721418	
27.51043	77.8584013	77.8504113	79.0801318	79.0721418	
27.52058	77.8584013	77.8504113	79.0801318	79.0721418	
27.53073	77.8584013	77.8504113	79.0801318	79.0721418	
27.54109	77.8584013	77.8504113	79.0801318	79.0721418	
27.55095	77.8584013	77.8504113	79.0801318	79.0721418	
27.56111	77.8584013	77.8504113	79.0801318	79.0721418	
27.57122	77.8584013	77.8504113	79.0801318	79.0721418	
27.58133	77.8584013	77.8504113	79.0801318	79.0721418	
27.5915	77.8584013	77.8504113	79.0801318	79.0721418	
27.60166	77.8584013	77.8504113	79.0801318	79.0721418	
27.61176	77.8584013	77.8504113	79.0801318	79.0721418	
27.62189	77.8584013	77.8504113	79.0801318	79.0721418	
27.63202	77.8584013	77.8504113	79.0801318	79.0721418	
27.64219	77.8584013	77.8504113	79.0801318	79.0721418	
27.6523	77.8584013	77.8504113	79.0801318	79.0721418	
27.66238	77.8584013	77.8504113	79.0801318	79.0721418	
27.68246	77.8584013	77.8504113	79.0801318	79.0721418	
27.68731	77.8584013	77.8504113	79.0801318	79.0721418	
27.69703	77.8584013	77.8504113	79.0801318	79.0721418	
27.70716	77.8584013	77.8504113	79.0801318	79.0721418	
27.71725	77.8584013	77.8504113	79.0801318	79.0721418	
27.72733	77.8584013	77.8504113	79.0801318	79.0721418	
27.73755	77.8584013	77.8504113	79.0801318	79.0721418	
27.74763	77.8584013	77.8504113	79.0801318	79.0721418	
27.75774	77.8584013	77.8504113	79.0801318	79.0721418	
27.76791	77.8584013	77.8504113	79.0801318	79.0721418	
27.77813	77.8584013	77.8504113	79.0801318	79.0721418	
27.78817	77.8584013	77.8504113	79.0801318	79.0721418	
27.79826	77.8584013	77.8504113	79.0801318	79.0721418	
27.80838	77.8584013	77.8504113	79.0801318	79.0721418	
27.81852	77.8584013	77.8504113	79.0801318	79.0721418	
27.82865	77.8584013	77.8504113	79.0801318	79.0721418	
27.83887	77.8584013	77.8504113	79.0801318	79.0721418	
27.84894	77.8584013	77.8504113	79.0801318	79.0721418	
27.85909	77.8584013	77.8504113	79.0801318	79.0721418	
27.86924	77.8584013	77.8504113	79.0801318	79.0721418	
27.87937	77.8584013	77.8504113	79.0801318	79.0721418	
27.88952	77.8584013	77.8504113	79.0801318	79.0721418	
27.89964	77.8584013	77.8504113	79.0801318	79.0721418	
27.90979	77.8584013	77.8504113	79.0801318	79.0721418	
27.91993	77.8584013	77.8504113	79.0801318	79.0721418	
27.93008	77.8584013	77.8504113	79.0801318	79.0721418	
27.94017	77.8584013	77.8504113	79.0801318	79.0721418	
27.95032	77.8584013	77.8504113	79.0801318	79.0721418	
27.96044	77.8584013	77.8504113	79.0801318	79.0721418	
27.97988	77.8584013	77.8504113	79.0801318	79.0721418	
27.98433	77.8584013	77.8504113	79.0801318	79.0721418	
27.9946	77.8584013	77.8504113	79.0801318	79.0721418	
28.00456	77.8584013	77.8504113	79.0801318	79.0721418	
28.01468	77.8584013	77.8504113	79.0801318	79.0721418	
28.02481	77.8584013	77.8504113	79.0801318	79.0721418	
28.03501	77.8584013	77.8504113	79.0801318	79.0721418	
28.04505	77.8584013	77.8504113	79.0801318	79.0721418	
28.05518	77.8584013	77.8504113	79.0801318	79.0721418	
28.06552	77.8584013	77.8504113	79.0801318	79.0721418	
28.07547	77.8584013	77.8504113	79.0801318	79.0721418	
28.08558	77.8584013	77.8504113	79.0801318	79.0721418	
28.09571	77.8584013	77.8504113	79.0801318	79.0721418	
28.10586	77.8584013	77.8504113	79.0801318	79.0721418	
28.11595	77.8584013	77.8504113	79.0801318	79.0721418	
28.1261	77.8584013	77.8504113	79.0801318	79.0721418	
28.1362	77.8584013	77.8504113	79.0801318	79.0721418	
28.14633	77.8584013	77.8504113	79.0801318	79.0721418	
28.15645	77.8584013	77.8504113	79.0801318	79.0721418	
28.16668	77.8584013	77.8504113	79.0801318	79.0721418	
28.18459	77.8584013	77.8504113	79.0801318	79.0721418	
28.18896	77.8584013	77.8504113	79.0801318	79.0721418	
28.19907	77.8584013	77.8504113	79.0801318	79.0721418	
28.20929	77.8584013	77.8504113	79.0801318	79.0721418	
28.21938	77.8584013	77.8504113	79.0801318	79.0721418	
28.22952	77.8584013	77.8504113	79.0801318	79.0721418	
28.23967	77.8584013	77.8504113	79.0801318	79.0721418	
28.24981	77.8584013	77.8504113	79.0801318	79.0721418	
28.25996	77.8584013	77.8504113	79.0801318	79.0721418	
28.27007	77.8584013	77.8504113	79.0801318	79.0721418	
28.28048	77.8584013	77.8504113	79.0801318	79.0721418	
28.29036	77.8584013	77.8504113	79.0801318	79.0721418	
28.30044	77.8584013	77.8504113	79.0801318	79.0721418	
28.31064	77.8584013	77.8504113	79.0801318	79.0721418	
28.32081	77.8584013	77.8504113	79.0801318	79.0721418	
28.33101	77.8584013	77.8504113	79.0801318	79.0721418	
28.34111	77.8584013	77.8504113	79.0801318	79.0721418	
28.35123	77.8584013	77.8504113	79.0801318	79.0721418	
28.36163	77.8584013	77.8504113	79.0801318	79.0721418	
28.37151	77.8584013	77.8504113	79.0801318	79.0721418	
28.38162	77.8584013	77.8504113	79.0801318	79.0721418	
28.39177	77.8584013	77.8504113	79.0801318	79.0721418	
28.40192	77.8584013	77.8504113	79.0801318	79.0721418	
28.41204	77.8584013	77.8504113	79.0801318	79.0721418	
28.42235	77.8584013	77.8504113	79.0801318	79.0721418	
28.43248	77.8584013	77.8504113	79.0801318	79.0721418	
28.44261	77.8584013	77.8504113	79.0801318	79.0721418	
28.45274	77.8584013	77.8504113	79.0801318	79.0721418	
28.4629	77.8584013	77.8504113	79.0801318	79.0721418	
28.47303	77.8584013	77.8504113	79.0801318	79.0721418	
28.48315	77.8584013	77.8504113	79.0801318	79.0721418	
28.49327	77.8584013	77.8504113	79.0801318	79.0721418	
28.5034	77.8584013	77.8504113	79.0801318	79.0721418	
28.51359	77.8584013	77.8504113	79.0801318	79.0721418	
28.52367	77.8584013	77.8504113	79.0801318	79.0721418	
28.53379	77.8584013	77.8504113	79.0801318	79.0721418	
28.54389	77.8584013	77.8504113	79.0801318	79.0721418	
28.55403	77.8584013	77.8504113	79.0801318	79.0721418	
28.56435	77.8584013	77.8504113	79.0801318	79.0721418	
28.57434	77.8584013	77.8504113	79.0801318	79.0721418	
28.58444	77.8584013	77.8504113	79.0801318	79.0721418	
28.59457	77.8584013	77.8504113	79.0801318	79.0721418	
28.60472	77.8584013	77.8504113	79.0801318	79.0721418	
28.61483	77.8584013	77.8504113	79.0801318	79.0721418	
28.62496	77.8584013	77.8504113	79.0801318	79.0721418	
28.6351	77.8584013	77.8504113	79.0801318	79.0721418	
28.64519	77.8584013	77.8504113	79.0801318	79.0721418	
28.65528	77.8584013	77.8504113	79.0801318	79.0721418	
28.66558	77.8584013	77.8504113	79.0801318	79.0721418	
28.67562	77.8584013	77.8504113	79.0801318	79.0721418	
28.68573	77.8584013	77.8504113	79.0801318	79.0721418	
28.69585	77.8584013	77.8504113	79.0801318	79.0721418	
28.70596	77.8584013	77.8504113	79.0801318	79.0721418	
28.71611	77.8584013	77.8504113	79.0801318	79.0721418	
28.72622	77.8584013	77.8504113	79.0801318	79.0721418	
28.73637	77.8584013	77.8504113	79.0801318	79.0721418	
28.74647	77.8584013	77.8504113	79.0801318	79.0721418	
28.75658	77.8584013	77.8504113	79.0801318	79.0721418	
28.77505	77.8584013	77.8504113	79.0801318	79.0721418	
28.77956	77.8584013	77.8504113	79.0801318	79.0721418	
28.7915	77.8584013	77.8504113	79.0801318	79.0721418	
28.80161	77.8584013	77.8504113	79.0801318	79.0721418	
28.81169	77.8584013	77.8504113	79.0801318	79.0721418	
28.82181	77.8584013	77.8504113	79.0801318	79.0721418	
28.83219	77.8584013	77.8504113	79.0801318	79.0721418	
28.84216	77.8584013	77.8504113	79.0801318	79.0721418	
28.85224	77.8584013	77.8504113	79.0801318	79.0721418	
28.86237	77.8584013	77.8504113	79.0801318	79.0721418	
28.87257	77.8584013	77.8504113	79.0801318	79.0721418	
28.88268	77.8584013	77.8504113	79.0801318	79.0721418	
28.89281	77.8584013	77.8504113	79.0801318	79.0721418	
28.90297	77.8584013	77.8504113	79.0801318	79.0721418	
28.91309	77.8584013	77.8504113	79.0801318	79.0721418	
28.92322	77.8584013	77.8504113	79.0801318	79.0721418	
28.93335	77.8584013	77.8504113	79.0801318	79.0721418	
28.94345	77.8584013	77.8504113	79.0801318	79.0721418	
28.95363	77.8584013	77.8504113	79.0801318	79.0721418	
28.96369	77.8584013	77.8504113	79.0801318	79.0721418	
28.98247	77.8584013	77.8504113	79.0801318	79.0721418	
28.9869	77.8584013	77.8504113	79.0801318	79.0721418	
28.99707	77.8584013	77.8504113	79.0801318	79.0721418	
29.00711	77.8584013	77.8504113	79.0801318	79.0721418	
29.01727	77.8584013	77.8504113	79.0801318	79.0721418	
29.02738	77.8584013	77.8504113	79.0801318	79.0721418	
29.03755	77.8584013	77.8504113	79.0801318	79.0721418	
29.04762	77.8584013	77.8504113	79.0801318	79.0721418	
29.05777	77.8584013	77.8504113	79.0801318	79.0721418	
29.06787	77.8584013	77.8504113	79.0801318	79.0721418	
29.07805	77.8584013	77.8504113	79.0801318	79.0721418	
29.08832	77.8584013	77.8504113	79.0801318	79.0721418	
29.09833	77.8584013	77.8504113	79.0801318	79.0721418	
29.10846	77.8584013	77.8504113	79.0801318	79.0721418	
29.11858	77.8584013	77.8504113	79.0801318	79.0721418	
29.12883	77.8584013	77.8504113	79.0801318	79.0721418	
29.13897	77.8584013	77.8504113	79.0801318	79.0721418	
29.14907	77.8584013	77.8504113	79.0801318	79.0721418	
29.15922	77.8584013	77.8504113	79.0801318	79.0721418	
29.16938	77.8584013	77.8504113	79.0801318	79.0721418	
29.1795	77.8584013	77.8504113	79.0801318	79.0721418	
29.18964	77.8584013	77.8504113	79.0801318	79.0721418	
29.19978	77.8584013	77.8504113	79.0801318	79.0721418	
29.20995	77.8584013	77.8504113	79.0801318	79.0721418	
29.22001	77.8584013	77.8504113	79.0801318	79.0721418	
29.23018	77.8584013	77.8504113	79.0801318	79.0721418	
29.24033	77.8584013	77.8504113	79.0801318	79.0721418	
29.25047	77.8584013	77.8504113	79.0801318	79.0721418	
29.2606	77.8584013	77.8504113	79.0801318	79.0721418	
29.2707	77.8584013	77.8504113	79.0801318	79.0721418	
29.28119	77.8584013	77.8504113	79.0801318	79.0721418	
29.29109	77.8584013	77.8504113	79.0801318	79.0721418	
29.30109	77.8584013	77.8504113	79.0801318	79.0721418	
29.31126	77.8584013	77.8504113	79.0801318	79.0721418	
29.32145	77.8584013	77.8504113	79.0801318	79.0721418	
29.33154	77.8584013	77.8504113	79.0801318	79.0721418	
29.34163	77.8584013	77.8504113	79.0801318	79.0721418	
29.3518	77.8584013	77.8504113	79.0801318	79.0721418	
29.36196	77.8584013	77.8504113	79.0801318	79.0721418	
29.37206	77.8584013	77.8504113	79.0801318	79.0721418	
29.3822	77.8584013	77.8504113	79.0801318	79.0721418	
29.39238	77.8584013	77.8504113	79.0801318	79.0721418	
29.40249	77.8584013	77.8504113	79.0801318	79.0721418	
29.41263	77.8584013	77.8504113	79.0801318	79.0721418	
29.42276	77.8584013	77.8504113	79.0801318	79.0721418	
29.43291	77.8584013	77.8504113	79.0801318	79.0721418	
29.44311	77.8584013	77.8504113	79.0801318	79.0721418	
29.4532	77.8584013	77.8504113	79.0801318	79.0721418	
29.46333	77.8584013	77.8504113	79.0801318	79.0721418	
29.47354	77.8584013	77.8504113	79.0801318	79.0721418	
29.4836	77.8584013	77.8504113	79.0801318	79.0721418	
29.49373	77.8584013	77.8504113	79.0801318	79.0721418	
29.50384	77.8584013	77.8504113	79.0801318	79.0721418	
29.51395	77.8584013	77.8504113	79.0801318	79.0721418	
29.52416	77.8584013	77.8504113	79.0801318	79.0721418	
29.53456	77.8584013	77.8504113	79.0801318	79.0721418	
29.54445	77.8584013	77.8504113	79.0801318	79.0721418	
29.55456	77.8584013	77.8504113	79.0801318	79.0721418	
29.56472	77.8584013	77.8504113	79.0801318	79.0721418	
29.57484	77.8584013	77.8504113	79.0801318	79.0721418	
29.58493	77.8584013	77.8504113	79.0801318	79.0721418	
29.59521	77.8584013	77.8504113	79.0801318	79.0721418	
29.60525	77.8584013	77.8504113	79.0801318	79.0721418	
29.61539	77.8584013	77.8504113	79.0801318	79.0721418	
29.62559	77.8584013	77.8504113	79.0801318	79.0721418	
29.63593	77.8584013	77.8504113	79.0801318	79.0721418	
29.64575	77.8584013	77.8504113	79.0801318	79.0721418	
29.65585	77.8584013	77.8504113	79.0801318	79.0721418	
29.66744	77.8584013	77.8504113	79.0801318	79.0721418	
29.67612	77.8584013	77.8504113	79.0801318	79.0721418	
29.68625	77.8584013	77.8504113	79.0801318	79.0721418	
29.6964	77.8584013	77.8504113	79.0801318	79.0721418	
29.70651	77.8584013	77.8504113	79.0801318	79.0721418	
29.7167	77.8584013	77.8504113	79.0801318	79.0721418	
29.7268	77.8584013	77.8504113	79.0801318	79.0721418	
29.7373	77.8584013	77.8504113	79.0801318	79.0721418	
29.74715	77.8584013	77.8504113	79.0801318	79.0721418	
29.75719	77.8584013	77.8504113	79.0801318	79.0721418	
29.76732	77.8584013	77.8504113	79.0801318	79.0721418	
29.77747	77.8584013	77.8504113	79.0801318	79.0721418	
29.78762	77.8584013	77.8504113	79.0801318	79.0721418	
29.79771	77.8584013	77.8504113	79.0801318	79.0721418	
29.80788	77.8584013	77.8504113	79.0801318	79.0721418	
29.81801	77.8584013	77.8504113	79.0801318	79.0721418	
29.82811	77.8584013	77.8504113	79.0801318	79.0721418	
29.83831	77.8584013	77.8504113	79.0801318	79.0721418	
29.84838	77.8584013	77.8504113	79.0801318	79.0721418	
29.85852	77.8584013	77.8504113	79.0801318	79.0721418	
29.86865	77.8584013	77.8504113	79.0801318	79.0721418	
29.87879	77.8584013	77.8504113	79.0801318	79.0721418	
29.88898	77.8584013	77.8504113	79.0801318	79.0721418	
29.8992	77.8584013	77.8504113	79.0801318	79.0721418	
29.9093	77.8584013	77.8504113	79.0801318	79.0721418	
29.91942	77.8584013	77.8504113	79.0801318	79.0721418	
29.93036	77.8584013	77.8504113	79.0801318	79.0721418	
29.93965	77.8584013	77.8504113	79.0801318	79.0721418	
29.94978	77.8584013	77.8504113	79.0801318	79.0721418	
29.95989	77.8584013	77.8504113	79.0801318	79.0721418	
29.97005	77.8584013	77.8504113	79.0801318	79.0721418	
29.98022	77.8584013	77.8504113	79.0801318	79.0721418	
29.9903	77.8584013	77.8504113	79.0801318	79.0721418	
30.00053	77.8584013	77.8504113	79.0801318	79.0721418	
30.01063	77.8584013	77.8504113	79.0801318	79.0721418	
30.02075	77.8584013	77.8504113	79.0801318	79.0721418	
30.03089	77.8584013	77.8504113	79.0801318	79.0721418	
30.04101	77.8584013	77.8504113	79.0801318	79.0721418	
30.05118	77.8584013	77.8504113	79.0801318	79.0721418	
30.06124	77.8584013	77.8504113	79.0801318	79.0721418	
30.07142	77.8584013	77.8504113	79.0801318	79.0721418	
30.08162	77.8584013	77.8504113	79.0801318	79.0721418	
30.09165	77.8584013	77.8504113	79.0801318	79.0721418	
30.10182	77.8584013	77.8504113	79.0801318	79.0721418	
30.11195	77.8584013	77.8504113	79.0801318	79.0721418	
30.12209	77.8584013	77.8504113	79.0801318	79.0721418	
30.13221	77.8584013	77.8504113	79.0801318	79.0721418	
30.1423	77.8584013	77.8504113	79.0801318	79.0721418	
30.15252	77.8584013	77.8504113	79.0801318	79.0721418	
30.16263	77.8584013	77.8504113	79.0801318	79.0721418	
30.17275	77.8584013	77.8504113	79.0801318	79.0721418	
30.18287	77.8584013	77.8504113	79.0801318	79.0721418	
30.19304	77.8584013	77.8504113	79.0801318	79.0721418	
30.20322	77.8584013	77.8504113	79.0801318	79.0721418	
30.21332	77.8584013	77.8504113	79.0801318	79.0721418	
30.22345	77.8584013	77.8504113	79.0801318	79.0721418	
30.23365	77.8584013	77.8504113	79.0801318	79.0721418	
30.24372	77.8584013	77.8504113	79.0801318	79.0721418	
30.25385	77.8584013	77.8504113	79.0801318	79.0721418	
30.26398	77.8584013	77.8504113	79.0801318	79.0721418	
30.27412	77.8584013	77.8504113	79.0801318	79.0721418	
30.28429	77.8584013	77.8504113	79.0801318	79.0721418	
30.29441	77.8584013	77.8504113	79.0801318	79.0721418	
30.30461	77.8584013	77.8504113	79.0801318	79.0721418	
30.31468	77.8584013	77.8504113	79.0801318	79.0721418	
30.32479	77.8584013	77.8504113	79.0801318	79.0721418	
30.33493	77.8584013	77.8504113	79.0801318	79.0721418	
30.34499	77.8584013	77.8504113	79.0801318	79.0721418	
30.35522	77.8584013	77.8504113	79.0801318	79.0721418	
30.36538	77.8584013	77.8504113	79.0801318	79.0721418	
30.37545	77.8584013	77.8504113	79.0801318	79.0721418	
30.38565	77.8584013	77.8504113	79.0801318	79.0721418	
30.39569	77.8584013	77.8504113	79.0801318	79.0721418	
30.40599	77.8584013	77.8504113	79.0801318	79.0721418	
30.41596	77.8584013	77.8504113	79.0801318	79.0721418	
30.42611	77.8584013	77.8504113	79.0801318	79.0721418	
30.43623	77.8584013	77.8504113	79.0801318	79.0721418	
30.44632	77.8584013	77.8504113	79.0801318	79.0721418	
30.45647	77.8584013	77.8504113	79.0801318	79.0721418	
30.46659	77.8584013	77.8504113	79.0801318	79.0721418	
30.48459	77.8584013	77.8504113	79.0801318	79.0721418	
30.48896	77.8584013	77.8504113	79.0801318	79.0721418	
30.49912	77.8584013	77.8504113	79.0801318	79.0721418	
30.50927	77.8584013	77.8504113	79.0801318	79.0721418	
30.51941	77.8584013	77.8504113	79.0801318	79.0721418	
30.52958	77.8584013	77.8504113	79.0801318	79.0721418	
30.53963	77.8584013	77.8504113	79.0801318	79.0721418	
30.54976	77.8584013	77.8504113	79.0801318	79.0721418	
30.55991	77.8584013	77.8504113	79.0801318	79.0721418	
30.5701	77.8584013	77.8504113	79.0801318	79.0721418	
30.58018	77.8584013	77.8504113	79.0801318	79.0721418	
30.59033	77.8584013	77.8504113	79.0801318	79.0721418	
30.60045	77.8584013	77.8504113	79.0801318	79.0721418	
30.61061	77.8584013	77.8504113	79.0801318	79.0721418	
30.62076	77.8584013	77.8504113	79.0801318	79.0721418	
30.63088	77.8584013	77.8504113	79.0801318	79.0721418	
30.64102	77.8584013	77.8504113	79.0801318	79.0721418	
30.65123	77.8584013	77.8504113	79.0801318	79.0721418	
30.66132	77.8584013	77.8504113	79.0801318	79.0721418	
30.67147	77.8584013	77.8504113	79.0801318	79.0721418	
30.68167	77.8584013	77.8504113	79.0801318	79.0721418	
30.69174	77.8584013	77.8504113	79.0801318	79.0721418	
30.70186	77.8584013	77.8504113	79.0801318	79.0721418	
30.71201	77.8584013	77.8504113	79.0801318	79.0721418	
30.72217	77.8584013	77.8504113	79.0801318	79.0721418	
30.73229	77.8584013	77.8504113	79.0801318	79.0721418	
30.74238	77.8584013	77.8504113	79.0801318	79.0721418	
30.7526	77.8584013	77.8504113	79.0801318	79.0721418	
30.76269	77.8584013	77.8504113	79.0801318	79.0721418	
30.77284	77.8584013	77.8504113	79.0801318	79.0721418	
30.78317	77.8584013	77.8504113	79.0801318	79.0721418	
30.79311	77.8584013	77.8504113	79.0801318	79.0721418	
30.80326	77.8584013	77.8504113	79.0801318	79.0721418	
30.81339	77.8584013	77.8504113	79.0801318	79.0721418	
30.82358	77.8584013	77.8504113	79.0801318	79.0721418	
30.83376	77.8584013	77.8504113	79.0801318	79.0721418	
30.84383	77.8584013	77.8504113	79.0801318	79.0721418	
30.85391	77.8584013	77.8504113	79.0801318	79.0721418	
30.86404	77.8584013	77.8504113	79.0801318	79.0721418	
30.87427	77.8584013	77.8504113	79.0801318	79.0721418	
30.88435	77.8584013	77.8504113	79.0801318	79.0721418	
30.8945	77.8584013	77.8504113	79.0801318	79.0721418	
30.90463	77.8584013	77.8504113	79.0801318	79.0721418	
30.91472	77.8584013	77.8504113	79.0801318	79.0721418	
30.92488	77.8584013	77.8504113	79.0801318	79.0721418	
30.935	77.8584013	77.8504113	79.0801318	79.0721418	
30.94511	77.8584013	77.8504113	79.0801318	79.0721418	
30.95527	77.8584013	77.8504113	79.0801318	79.0721418	
30.96584	77.8584013	77.8504113	79.0801318	79.0721418	
30.97686	77.8584013	77.8504113	79.0801318	79.0721418	
30.98574	77.8584013	77.8504113	79.0801318	79.0721418	
30.99578	77.8584013	77.8504113	79.0801318	79.0721418	
31.00588	77.8584013	77.8504113	79.0801318	79.0721418	
31.01609	77.8584013	77.8504113	79.0801318	79.0721418	
31.02618	77.8584013	77.8504113	79.0801318	79.0721418	
31.03629	77.8584013	77.8504113	79.0801318	79.0721418	
31.04639	77.8584013	77.8504113	79.0801318	79.0721418	
31.0565	77.8584013	77.8504113	79.0801318	79.0721418	
31.0668	77.8584013	77.8504113	79.0801318	79.0721418	
31.07684	77.8584013	77.8504113	79.0801318	79.0721418	
31.08691	77.8584013	77.8504113	79.0801318	79.0721418	
31.09709	77.8584013	77.8504113	79.0801318	79.0721418	
31.1072	77.8584013	77.8504113	79.0801318	79.0721418	
31.11728	77.8584013	77.8504113	79.0801318	79.0721418	
31.12741	77.8584013	77.8504113	79.0801318	79.0721418	
31.1375	77.8584013	77.8504113	79.0801318	79.0721418	
31.14766	77.8584013	77.8504113	79.0801318	79.0721418	
31.15777	77.8584013	77.8504113	79.0801318	79.0721418	
31.1679	77.8584013	77.8504113	79.0801318	79.0721418	
31.17806	77.8584013	77.8504113	79.0801318	79.0721418	
31.18816	77.8584013	77.8504113	79.0801318	79.0721418	
31.19833	77.8584013	77.8504113	79.0801318	79.0721418	
31.20845	77.8584013	77.8504113	79.0801318	79.0721418	
31.21856	77.8584013	77.8504113	79.0801318	79.0721418	
31.22892	77.8584013	77.8504113	79.0801318	79.0721418	
31.23884	77.8584013	77.8504113	79.0801318	79.0721418	
31.24902	77.8584013	77.8504113	79.0801318	79.0721418	
31.25921	77.8584013	77.8504113	79.0801318	79.0721418	
31.26928	77.8584013	77.8504113	79.0801318	79.0721418	
31.27952	77.8584013	77.8504113	79.0801318	79.0721418	
31.28964	77.8584013	77.8504113	79.0801318	79.0721418	
31.29968	77.8584013	77.8504113	79.0801318	79.0721418	
31.30983	77.8584013	77.8504113	79.0801318	79.0721418	
31.31996	77.8584013	77.8504113	79.0801318	79.0721418	
31.33054	77.8584013	77.8504113	79.0801318	79.0721418	
31.34058	77.8584013	77.8504113	79.0801318	79.0721418	
31.35075	77.8584013	77.8504113	79.0801318	79.0721418	
31.36089	77.8584013	77.8504113	79.0801318	79.0721418	
31.371	77.8584013	77.8504113	79.0801318	79.0721418	
31.38117	77.8584013	77.8504113	79.0801318	79.0721418	
31.39131	77.8584013	77.8504113	79.0801318	79.0721418	
31.40145	77.8584013	77.8504113	79.0801318	79.0721418	
31.41157	77.8584013	77.8504113	79.0801318	79.0721418	
31.42168	77.8584013	77.8504113	79.0801318	79.0721418	
31.43211	77.8584013	77.8504113	79.0801318	79.0721418	
31.44204	77.8584013	77.8504113	79.0801318	79.0721418	
31.45212	77.8584013	77.8504113	79.0801318	79.0721418	
31.46225	77.8584013	77.8504113	79.0801318	79.0721418	
31.47236	77.8584013	77.8504113	79.0801318	79.0721418	
31.48253	77.8584013	77.8504113	79.0801318	79.0721418	
31.49266	77.8584013	77.8504113	79.0801318	79.0721418	
31.50277	77.8584013	77.8504113	79.0801318	79.0721418	
31.51294	77.8584013	77.8504113	79.0801318	79.0721418	
31.52302	77.8584013	77.8504113	79.0801318	79.0721418	
31.53321	77.8584013	77.8504113	79.0801318	79.0721418	
31.54333	77.8584013	77.8504113	79.0801318	79.0721418	
31.55342	77.8584013	77.8504113	79.0801318	79.0721418	
31.56358	77.8584013	77.8504113	79.0801318	79.0721418	
31.5737	77.8584013	77.8504113	79.0801318	79.0721418	
31.58382	77.8584013	77.8504113	79.0801318	79.0721418	
31.59401	77.8584013	77.8504113	79.0801318	79.0721418	
31.6041	77.8584013	77.8504113	79.0801318	79.0721418	
31.61425	77.8584013	77.8504113	79.0801318	79.0721418	
31.62439	77.8584013	77.8504113	79.0801318	79.0721418	
31.63449	77.8584013	77.8504113	79.0801318	79.0721418	
31.64465	77.8584013	77.8504113	79.0801318	79.0721418	
31.65476	77.8584013	77.8504113	79.0801318	79.0721418	
31.665	77.8584013	77.8504113	79.0801318	79.0721418	
31.67505	77.8584013	77.8504113	79.0801318	79.0721418	
31.68515	77.8584013	77.8504113	79.0801318	79.0721418	
31.69526	77.8584013	77.8504113	79.0801318	79.0721418	
31.70548	77.8584013	77.8504113	79.0801318	79.0721418	
31.71552	77.8584013	77.8504113	79.0801318	79.0721418	
31.72568	77.8584013	77.8504113	79.0801318	79.0721418	
31.73576	77.8584013	77.8504113	79.0801318	79.0721418	
31.74596	77.8584013	77.8504113	79.0801318	79.0721418	
31.75603	77.8584013	77.8504113	79.0801318	79.0721418	
31.76615	77.8584013	77.8504113	79.0801318	79.0721418	
31.77632	77.8584013	77.8504113	79.0801318	79.0721418	
31.78645	77.8584013	77.8504113	79.0801318	79.0721418	
31.79654	77.8584013	77.8504113	79.0801318	79.0721418	
31.80672	77.8584013	77.8504113	79.0801318	79.0721418	
31.81686	77.8584013	77.8504113	79.0801318	79.0721418	
31.82695	77.8584013	77.8504113	79.0801318	79.0721418	
31.83708	77.8584013	77.8504113	79.0801318	79.0721418	
31.84724	77.8584013	77.8504113	79.0801318	79.0721418	
31.85733	77.8584013	77.8504113	79.0801318	79.0721418	
31.86747	77.8584013	77.8504113	79.0801318	79.0721418	
31.87757	77.8584013	77.8504113	79.0801318	79.0721418	
31.88774	77.8584013	77.8504113	79.0801318	79.0721418	
31.89793	77.8584013	77.8504113	79.0801318	79.0721418	
31.90797	77.8584013	77.8504113	79.0801318	79.0721418	
31.91811	77.8584013	77.8504113	79.0801318	79.0721418	
31.95302	77.8584013	77.8504113	79.0801318	79.0721418	
31.9574	77.8584013	77.8504113	79.0801318	79.0721418	
31.96756	77.8584013	77.8504113	79.0801318	79.0721418	
31.9786	77.8584013	77.8504113	79.0801318	79.0721418	
31.98784	77.8584013	77.8504113	79.0801318	79.0721418	
31.99794	77.8584013	77.8504113	79.0801318	79.0721418	
32.00807	77.8584013	77.8504113	79.0801318	79.0721418	
32.01827	77.8584013	77.8504113	79.0801318	79.0721418	
32.02831	77.8584013	77.8504113	79.0801318	79.0721418	
32.03877	77.8584013	77.8504113	79.0801318	79.0721418	
32.0488	77.8584013	77.8504113	79.0801318	79.0721418	
32.05889	77.8584013	77.8504113	79.0801318	79.0721418	
32.06905	77.8584013	77.8504113	79.0801318	79.0721418	
32.07919	77.8584013	77.8504113	79.0801318	79.0721418	
32.08929	77.8584013	77.8504113	79.0801318	79.0721418	
32.09951	77.8584013	77.8504113	79.0801318	79.0721418	
32.10963	77.8584013	77.8504113	79.0801318	79.0721418	
32.11978	77.8584013	77.8504113	79.0801318	79.0721418	
32.12996	77.8584013	77.8504113	79.0801318	79.0721418	
32.14001	77.8584013	77.8504113	79.0801318	79.0721418	
32.15038	77.8584013	77.8504113	79.0801318	79.0721418	
32.16036	77.8584013	77.8504113	79.0801318	79.0721418	
32.17048	77.8584013	77.8504113	79.0801318	79.0721418	
32.1806	77.8584013	77.8504113	79.0801318	79.0721418	
32.19073	77.8584013	77.8504113	79.0801318	79.0721418	
32.20087	77.8584013	77.8504113	79.0801318	79.0721418	
32.21102	77.8584013	77.8504113	79.0801318	79.0721418	
32.22115	77.8584013	77.8504113	79.0801318	79.0721418	
32.23131	77.8584013	77.8504113	79.0801318	79.0721418	
32.24143	77.8584013	77.8504113	79.0801318	79.0721418	
32.25157	77.8584013	77.8504113	79.0801318	79.0721418	
32.26168	77.8584013	77.8504113	79.0801318	79.0721418	
32.27183	77.8584013	77.8504113	79.0801318	79.0721418	
32.28217	77.8584013	77.8504113	79.0801318	79.0721418	
32.29211	77.8584013	77.8504113	79.0801318	79.0721418	
32.30219	77.8584013	77.8504113	79.0801318	79.0721418	
32.3124	77.8584013	77.8504113	79.0801318	79.0721418	
32.32252	77.8584013	77.8504113	79.0801318	79.0721418	
32.33262	77.8584013	77.8504113	79.0801318	79.0721418	
32.34271	77.8584013	77.8504113	79.0801318	79.0721418	
32.35289	77.8584013	77.8504113	79.0801318	79.0721418	
32.36301	77.8584013	77.8504113	79.0801318	79.0721418	
32.37315	77.8584013	77.8504113	79.0801318	79.0721418	
32.38329	77.8584013	77.8504113	79.0801318	79.0721418	
32.39342	77.8584013	77.8504113	79.0801318	79.0721418	
32.40354	77.8584013	77.8504113	79.0801318	79.0721418	
32.41369	77.8584013	77.8504113	79.0801318	79.0721418	
32.42384	77.8584013	77.8504113	79.0801318	79.0721418	
32.43401	77.8584013	77.8504113	79.0801318	79.0721418	
32.44411	77.8584013	77.8504113	79.0801318	79.0721418	
32.45427	77.8584013	77.8504113	79.0801318	79.0721418	
32.46443	77.8584013	77.8504113	79.0801318	79.0721418	
32.47452	77.8584013	77.8504113	79.0801318	79.0721418	
32.48464	77.8584013	77.8504113	79.0801318	79.0721418	
32.49477	77.8584013	77.8504113	79.0801318	79.0721418	
32.5049	77.8584013	77.8504113	79.0801318	79.0721418	
32.51503	77.8584013	77.8504113	79.0801318	79.0721418	
32.52515	77.8584013	77.8504113	79.0801318	79.0721418	
32.53525	77.8584013	77.8504113	79.0801318	79.0721418	
32.54547	77.8584013	77.8504113	79.0801318	79.0721418	
32.55553	77.8584013	77.8504113	79.0801318	79.0721418	
32.5657	77.8584013	77.8504113	79.0801318	79.0721418	
32.5758	77.8584013	77.8504113	79.0801318	79.0721418	
32.586	77.8584013	77.8504113	79.0801318	79.0721418	
32.59606	77.8584013	77.8504113	79.0801318	79.0721418	
32.60618	77.8584013	77.8504113	79.0801318	79.0721418	
32.61632	77.8584013	77.8504113	79.0801318	79.0721418	
32.62645	77.8584013	77.8504113	79.0801318	79.0721418	
32.63654	77.8584013	77.8504113	79.0801318	79.0721418	
32.65504	77.8584013	77.8504113	79.0801318	79.0721418	
32.65954	77.8584013	77.8504113	79.0801318	79.0721418	
32.66966	77.8584013	77.8504113	79.0801318	79.0721418	
32.67978	77.8584013	77.8504113	79.0801318	79.0721418	
32.69	77.8584013	77.8504113	79.0801318	79.0721418	
32.70005	77.8584013	77.8504113	79.0801318	79.0721418	
32.71019	77.8584013	77.8504113	79.0801318	79.0721418	
32.72034	77.8584013	77.8504113	79.0801318	79.0721418	
32.73048	77.8584013	77.8504113	79.0801318	79.0721418	
32.74057	77.8584013	77.8504113	79.0801318	79.0721418	
32.75073	77.8584013	77.8504113	79.0801318	79.0721418	
32.76089	77.8584013	77.8504113	79.0801318	79.0721418	
32.77106	77.8584013	77.8504113	79.0801318	79.0721418	
32.78115	77.8584013	77.8504113	79.0801318	79.0721418	
32.79137	77.8584013	77.8504113	79.0801318	79.0721418	
32.80142	77.8584013	77.8504113	79.0801318	79.0721418	
32.81159	77.8584013	77.8504113	79.0801318	79.0721418	
32.82172	77.8584013	77.8504113	79.0801318	79.0721418	
32.83185	77.8584013	77.8504113	79.0801318	79.0721418	
32.84204	77.8584013	77.8504113	79.0801318	79.0721418	
32.85207	77.8584013	77.8504113	79.0801318	79.0721418	
32.86224	77.8584013	77.8504113	79.0801318	79.0721418	
32.87247	77.8584013	77.8504113	79.0801318	79.0721418	
32.88255	77.8584013	77.8504113	79.0801318	79.0721418	
32.89268	77.8584013	77.8504113	79.0801318	79.0721418	
32.90276	77.8584013	77.8504113	79.0801318	79.0721418	
32.91295	77.8584013	77.8504113	79.0801318	79.0721418	
32.92308	77.8584013	77.8504113	79.0801318	79.0721418	
32.9339	77.8584013	77.8504113	79.0801318	79.0721418	
32.94329	77.8584013	77.8504113	79.0801318	79.0721418	
32.95341	77.8584013	77.8504113	79.0801318	79.0721418	
32.96357	77.8584013	77.8504113	79.0801318	79.0721418	
32.97374	77.8584013	77.8504113	79.0801318	79.0721418	
32.99237	77.8584013	77.8504113	79.0801318	79.0721418	
32.99717	77.8584013	77.8504113	79.0801318	79.0721418	
33.00724	77.8584013	77.8504113	79.0801318	79.0721418	
33.01759	77.8584013	77.8504113	79.0801318	79.0721418	
33.02757	77.8584013	77.8504113	79.0801318	79.0721418	
33.03769	77.8584013	77.8504113	79.0801318	79.0721418	
33.04778	77.8584013	77.8504113	79.0801318	79.0721418	
33.05798	77.8584013	77.8504113	79.0801318	79.0721418	
33.06808	77.8584013	77.8504113	79.0801318	79.0721418	
33.07825	77.8584013	77.8504113	79.0801318	79.0721418	
33.08836	77.8584013	77.8504113	79.0801318	79.0721418	
33.0985	77.8584013	77.8504113	79.0801318	79.0721418	
33.10864	77.8584013	77.8504113	79.0801318	79.0721418	
33.11878	77.8584013	77.8504113	79.0801318	79.0721418	
33.12891	77.8584013	77.8504113	79.0801318	79.0721418	
33.13902	77.8584013	77.8504113	79.0801318	79.0721418	
33.14918	77.8584013	77.8504113	79.0801318	79.0721418	
33.15931	77.8584013	77.8504113	79.0801318	79.0721418	
33.16947	77.8584013	77.8504113	79.0801318	79.0721418	
33.17963	77.8584013	77.8504113	79.0801318	79.0721418	
33.18976	77.8584013	77.8504113	79.0801318	79.0721418	
33.1999	77.8584013	77.8504113	79.0801318	79.0721418	
33.21008	77.8584013	77.8504113	79.0801318	79.0721418	
33.22018	77.8584013	77.8504113	79.0801318	79.0721418	
33.2303	77.8584013	77.8504113	79.0801318	79.0721418	
33.24048	77.8584013	77.8504113	79.0801318	79.0721418	
33.25059	77.8584013	77.8504113	79.0801318	79.0721418	
33.26071	77.8584013	77.8504113	79.0801318	79.0721418	
33.27086	77.8584013	77.8504113	79.0801318	79.0721418	
33.28114	77.8584013	77.8504113	79.0801318	79.0721418	
33.29119	77.8584013	77.8504113	79.0801318	79.0721418	
33.30126	77.8584013	77.8504113	79.0801318	79.0721418	
33.31141	77.8584013	77.8504113	79.0801318	79.0721418	
33.32158	77.8584013	77.8504113	79.0801318	79.0721418	
33.3317	77.8584013	77.8504113	79.0801318	79.0721418	
33.34179	77.8584013	77.8504113	79.0801318	79.0721418	
33.35196	77.8584013	77.8504113	79.0801318	79.0721418	
33.3621	77.8584013	77.8504113	79.0801318	79.0721418	
33.37223	77.8584013	77.8504113	79.0801318	79.0721418	
33.38237	77.8584013	77.8504113	79.0801318	79.0721418	
33.39255	77.8584013	77.8504113	79.0801318	79.0721418	
33.40264	77.8584013	77.8504113	79.0801318	79.0721418	
33.41278	77.8584013	77.8504113	79.0801318	79.0721418	
33.42302	77.8584013	77.8504113	79.0801318	79.0721418	
33.43318	77.8584013	77.8504113	79.0801318	79.0721418	
33.44334	77.8584013	77.8504113	79.0801318	79.0721418	
33.45346	77.8584013	77.8504113	79.0801318	79.0721418	
33.4636	77.8584013	77.8504113	79.0801318	79.0721418	
33.4737	77.8584013	77.8504113	79.0801318	79.0721418	
33.48389	77.8584013	77.8504113	79.0801318	79.0721418	
33.49401	77.8584013	77.8504113	79.0801318	79.0721418	
33.50413	77.8584013	77.8504113	79.0801318	79.0721418	
33.51433	77.8584013	77.8504113	79.0801318	79.0721418	
33.5244	77.8584013	77.8504113	79.0801318	79.0721418	
33.53453	77.8584013	77.8504113	79.0801318	79.0721418	
33.54464	77.8584013	77.8504113	79.0801318	79.0721418	
33.55474	77.8584013	77.8504113	79.0801318	79.0721418	
33.56491	77.8584013	77.8504113	79.0801318	79.0721418	
33.57503	77.8584013	77.8504113	79.0801318	79.0721418	
33.58525	77.8584013	77.8504113	79.0801318	79.0721418	
33.59545	77.8584013	77.8504113	79.0801318	79.0721418	
33.60549	77.8584013	77.8504113	79.0801318	79.0721418	
33.61563	77.8584013	77.8504113	79.0801318	79.0721418	
33.62573	77.8584013	77.8504113	79.0801318	79.0721418	
33.63606	77.8584013	77.8504113	79.0801318	79.0721418	
33.64599	77.8584013	77.8504113	79.0801318	79.0721418	
33.65612	77.8584013	77.8504113	79.0801318	79.0721418	
33.66716	77.8584013	77.8504113	79.0801318	79.0721418	
33.67636	77.8584013	77.8504113	79.0801318	79.0721418	
33.6865	77.8584013	77.8504113	79.0801318	79.0721418	
33.6967	77.8584013	77.8504113	79.0801318	79.0721418	
33.71468	77.8584013	77.8504113	79.0801318	79.0721418	
33.71905	77.8584013	77.8504113	79.0801318	79.0721418	
33.72919	77.8584013	77.8504113	79.0801318	79.0721418	
33.7393	77.8584013	77.8504113	79.0801318	79.0721418	
33.74945	77.8584013	77.8504113	79.0801318	79.0721418	
33.75959	77.8584013	77.8504113	79.0801318	79.0721418	
33.76973	77.8584013	77.8504113	79.0801318	79.0721418	
33.77984	77.8584013	77.8504113	79.0801318	79.0721418	
33.79305	77.8584013	77.8504113	79.0801318	79.0721418	
33.8008	77.8584013	77.8504113	79.0801318	79.0721418	
33.81093	77.8584013	77.8504113	79.0801318	79.0721418	
33.82104	77.8584013	77.8504113	79.0801318	79.0721418	
33.83117	77.8584013	77.8504113	79.0801318	79.0721418	
33.84135	77.8584013	77.8504113	79.0801318	79.0721418	
33.85151	77.8584013	77.8504113	79.0801318	79.0721418	
33.86163	77.8584013	77.8504113	79.0801318	79.0721418	
33.87177	77.8584013	77.8504113	79.0801318	79.0721418	
33.88192	77.8584013	77.8504113	79.0801318	79.0721418	
33.89217	77.8584013	77.8504113	79.0801318	79.0721418	
33.90217	77.8584013	77.8504113	79.0801318	79.0721418	
33.91231	77.8584013	77.8504113	79.0801318	79.0721418	
33.92246	77.8584013	77.8504113	79.0801318	79.0721418	
33.93326	77.8584013	77.8504113	79.0801318	79.0721418	
33.94267	77.8584013	77.8504113	79.0801318	79.0721418	
33.95281	77.8584013	77.8504113	79.0801318	79.0721418	
33.96289	77.8584013	77.8504113	79.0801318	79.0721418	
33.97308	77.8584013	77.8504113	79.0801318	79.0721418	
33.99249	77.8584013	77.8504113	79.0801318	79.0721418	
33.99691	77.8584013	77.8504113	79.0801318	79.0721418	
34.00707	77.8584013	77.8504113	79.0801318	79.0721418	
34.01715	77.8584013	77.8504113	79.0801318	79.0721418	
34.02725	77.8584013	77.8504113	79.0801318	79.0721418	
34.03758	77.8584013	77.8504113	79.0801318	79.0721418	
34.04749	77.8584013	77.8504113	79.0801318	79.0721418	
34.05763	77.8584013	77.8504113	79.0801318	79.0721418	
34.06779	77.8584013	77.8504113	79.0801318	79.0721418	
34.07787	77.8584013	77.8504113	79.0801318	79.0721418	
34.08812	77.8584013	77.8504113	79.0801318	79.0721418	
34.09829	77.8584013	77.8504113	79.0801318	79.0721418	
34.10836	77.8584013	77.8504113	79.0801318	79.0721418	
34.11849	77.8584013	77.8504113	79.0801318	79.0721418	
34.12863	77.8584013	77.8504113	79.0801318	79.0721418	
34.13875	77.8584013	77.8504113	79.0801318	79.0721418	
34.14892	77.8584013	77.8504113	79.0801318	79.0721418	
34.15905	77.8584013	77.8504113	79.0801318	79.0721418	
34.1692	77.8584013	77.8504113	79.0801318	79.0721418	
34.1793	77.8584013	77.8504113	79.0801318	79.0721418	
34.18947	77.8584013	77.8504113	79.0801318	79.0721418	
34.19963	77.8584013	77.8504113	79.0801318	79.0721418	
34.20976	77.8584013	77.8504113	79.0801318	79.0721418	
34.21988	77.8584013	77.8504113	79.0801318	79.0721418	
34.23003	77.8584013	77.8504113	79.0801318	79.0721418	
34.24016	77.8584013	77.8504113	79.0801318	79.0721418	
34.25034	77.8584013	77.8504113	79.0801318	79.0721418	
34.26042	77.8584013	77.8504113	79.0801318	79.0721418	
34.27057	77.8584013	77.8504113	79.0801318	79.0721418	
34.28074	77.8584013	77.8504113	79.0801318	79.0721418	
34.29087	77.8584013	77.8504113	79.0801318	79.0721418	
34.30098	77.8584013	77.8504113	79.0801318	79.0721418	
34.31111	77.8584013	77.8504113	79.0801318	79.0721418	
34.32126	77.8584013	77.8504113	79.0801318	79.0721418	
34.3314	77.8584013	77.8504113	79.0801318	79.0721418	
34.34148	77.8584013	77.8504113	79.0801318	79.0721418	
34.35167	77.8584013	77.8504113	79.0801318	79.0721418	
34.36181	77.8584013	77.8504113	79.0801318	79.0721418	
34.37194	77.8584013	77.8504113	79.0801318	79.0721418	
34.38206	77.8584013	77.8504113	79.0801318	79.0721418	
34.39215	77.8584013	77.8504113	79.0801318	79.0721418	
34.40237	77.8584013	77.8504113	79.0801318	79.0721418	
34.41246	77.8584013	77.8504113	79.0801318	79.0721418	
34.42262	77.8584013	77.8504113	79.0801318	79.0721418	
34.43278	77.8584013	77.8504113	79.0801318	79.0721418	
34.44285	77.8584013	77.8504113	79.0801318	79.0721418	
34.45302	77.8584013	77.8504113	79.0801318	79.0721418	
34.46313	77.8584013	77.8504113	79.0801318	79.0721418	
34.47328	77.8584013	77.8504113	79.0801318	79.0721418	
34.48344	77.8584013	77.8504113	79.0801318	79.0721418	
34.49352	77.8584013	77.8504113	79.0801318	79.0721418	
34.50373	77.8584013	77.8504113	79.0801318	79.0721418	
34.51386	77.8584013	77.8504113	79.0801318	79.0721418	
34.52397	77.8584013	77.8504113	79.0801318	79.0721418	
34.53409	77.8584013	77.8504113	79.0801318	79.0721418	
34.54445	77.8584013	77.8504113	79.0801318	79.0721418	
34.5544	77.8584013	77.8504113	79.0801318	79.0721418	
34.56452	77.8584013	77.8504113	79.0801318	79.0721418	
34.57463	77.8584013	77.8504113	79.0801318	79.0721418	
34.5848	77.8584013	77.8504113	79.0801318	79.0721418	
34.59484	77.8584013	77.8504113	79.0801318	79.0721418	
34.60518	77.8584013	77.8504113	79.0801318	79.0721418	
34.61516	77.8584013	77.8504113	79.0801318	79.0721418	
34.62526	77.8584013	77.8504113	79.0801318	79.0721418	
34.63541	77.8584013	77.8504113	79.0801318	79.0721418	
34.64551	77.8584013	77.8504113	79.0801318	79.0721418	
34.65568	77.8584013	77.8504113	79.0801318	79.0721418	
34.66577	77.8584013	77.8504113	79.0801318	79.0721418	
34.67589	77.8584013	77.8504113	79.0801318	79.0721418	
34.68603	77.8584013	77.8504113	79.0801318	79.0721418	
34.69614	77.8584013	77.8504113	79.0801318	79.0721418	
34.70632	77.8584013	77.8504113	79.0801318	79.0721418	
34.71647	77.8584013	77.8504113	79.0801318	79.0721418	
34.72655	77.8584013	77.8504113	79.0801318	79.0721418	
34.73676	77.8584013	77.8504113	79.0801318	79.0721418	
34.74691	77.8584013	77.8504113	79.0801318	79.0721418	
34.75694	77.8584013	77.8504113	79.0801318	79.0721418	
34.76705	77.8584013	77.8504113	79.0801318	79.0721418	
34.77718	77.8584013	77.8504113	79.0801318	79.0721418	
34.78733	77.8584013	77.8504113	79.0801318	79.0721418	
34.79739	77.8584013	77.8504113	79.0801318	79.0721418	
34.80757	77.8584013	77.8504113	79.0801318	79.0721418	
34.81771	77.8584013	77.8504113	79.0801318	79.0721418	
34.82781	77.8584013	77.8504113	79.0801318	79.0721418	
34.83794	77.8584013	77.8504113	79.0801318	79.0721418	
34.84802	77.8584013	77.8504113	79.0801318	79.0721418	
34.85827	77.8584013	77.8504113	79.0801318	79.0721418	
34.86834	77.8584013	77.8504113	79.0801318	79.0721418	
34.87848	77.8584013	77.8504113	79.0801318	79.0721418	
34.88865	77.8584013	77.8504113	79.0801318	79.0721418	
34.89875	77.8584013	77.8504113	79.0801318	79.0721418	
34.90889	77.8584013	77.8504113	79.0801318	79.0721418	
34.91903	77.8584013	77.8504113	79.0801318	79.0721418	
34.92916	77.8584013	77.8504113	79.0801318	79.0721418	
34.9393	77.8584013	77.8504113	79.0801318	79.0721418	
34.9494	77.8584013	77.8504113	79.0801318	79.0721418	
34.95955	77.8584013	77.8504113	79.0801318	79.0721418	
34.9697	77.8584013	77.8504113	79.0801318	79.0721418	
34.97982	77.8584013	77.8504113	79.0801318	79.0721418	
34.98996	77.8584013	77.8504113	79.0801318	79.0721418	
35.00009	77.8584013	77.8504113	79.0801318	79.0721418	
35.01027	77.8584013	77.8504113	79.0801318	79.0721418	
35.0206	77.8584013	77.8504113	79.0801318	79.0721418	
35.03072	77.8584013	77.8504113	79.0801318	79.0721418	
35.04089	77.8584013	77.8504113	79.0801318	79.0721418	
35.05096	77.8584013	77.8504113	79.0801318	79.0721418	
35.06107	77.8584013	77.8504113	79.0801318	79.0721418	
35.07126	77.8584013	77.8504113	79.0801318	79.0721418	
35.08139	77.8584013	77.8504113	79.0801318	79.0721418	
35.09157	77.8584013	77.8504113	79.0801318	79.0721418	
35.10165	77.8584013	77.8504113	79.0801318	79.0721418	
35.11175	77.8584013	77.8504113	79.0801318	79.0721418	
35.12199	77.8584013	77.8504113	79.0801318	79.0721418	
35.13207	77.8584013	77.8504113	79.0801318	79.0721418	
35.14217	77.8584013	77.8504113	79.0801318	79.0721418	
35.15234	77.8584013	77.8504113	79.0801318	79.0721418	
35.16247	77.8584013	77.8504113	79.0801318	79.0721418	
35.17262	77.8584013	77.8504113	79.0801318	79.0721418	
35.18273	77.8584013	77.8504113	79.0801318	79.0721418	
35.19292	77.8584013	77.8504113	79.0801318	79.0721418	
35.20301	77.8584013	77.8504113	79.0801318	79.0721418	
35.2131	77.8584013	77.8504113	79.0801318	79.0721418	
35.23127	77.8584013	77.8504113	79.0801318	79.0721418	
35.23574	77.8584013	77.8504113	79.0801318	79.0721418	
35.24583	77.8584013	77.8504113	79.0801318	79.0721418	
35.25594	77.8584013	77.8504113	79.0801318	79.0721418	
35.26615	77.8584013	77.8504113	79.0801318	79.0721418	
35.2762	77.8584013	77.8504113	79.0801318	79.0721418	
35.28649	77.8584013	77.8504113	79.0801318	79.0721418	
35.29658	77.8584013	77.8504113	79.0801318	79.0721418	
35.30678	77.8584013	77.8504113	79.0801318	79.0721418	
35.31688	77.8584013	77.8504113	79.0801318	79.0721418	
35.32705	77.8584013	77.8504113	79.0801318	79.0721418	
35.33711	77.8584013	77.8504113	79.0801318	79.0721418	
35.34724	77.8584013	77.8504113	79.0801318	79.0721418	
35.35736	77.8584013	77.8504113	79.0801318	79.0721418	
35.36747	77.8584013	77.8504113	79.0801318	79.0721418	
35.3776	77.8584013	77.8504113	79.0801318	79.0721418	
35.38777	77.8584013	77.8504113	79.0801318	79.0721418	
35.39784	77.8584013	77.8504113	79.0801318	79.0721418	
35.40799	77.8584013	77.8504113	79.0801318	79.0721418	
35.41821	77.8584013	77.8504113	79.0801318	79.0721418	
35.43612	77.8584013	77.8504113	79.0801318	79.0721418	
35.44051	77.8584013	77.8504113	79.0801318	79.0721418	
35.45065	77.8584013	77.8504113	79.0801318	79.0721418	
35.46078	77.8584013	77.8504113	79.0801318	79.0721418	
35.47087	77.8584013	77.8504113	79.0801318	79.0721418	
35.48108	77.8584013	77.8504113	79.0801318	79.0721418	
35.49119	77.8584013	77.8504113	79.0801318	79.0721418	
35.50132	77.8584013	77.8504113	79.0801318	79.0721418	
35.51144	77.8584013	77.8504113	79.0801318	79.0721418	
35.52155	77.8584013	77.8504113	79.0801318	79.0721418	
35.53178	77.8584013	77.8504113	79.0801318	79.0721418	
35.54183	77.8584013	77.8504113	79.0801318	79.0721418	
35.55197	77.8584013	77.8504113	79.0801318	79.0721418	
35.5622	77.8584013	77.8504113	79.0801318	79.0721418	
35.57224	77.8584013	77.8504113	79.0801318	79.0721418	
35.58236	77.8584013	77.8504113	79.0801318	79.0721418	
35.59252	77.8584013	77.8504113	79.0801318	79.0721418	
35.60266	77.8584013	77.8504113	79.0801318	79.0721418	
35.61278	77.8584013	77.8504113	79.0801318	79.0721418	
35.62291	77.8584013	77.8504113	79.0801318	79.0721418	
35.63365	77.8584013	77.8504113	79.0801318	79.0721418	
35.64322	77.8584013	77.8504113	79.0801318	79.0721418	
35.65334	77.8584013	77.8504113	79.0801318	79.0721418	
35.66342	77.8584013	77.8504113	79.0801318	79.0721418	
35.67356	77.8584013	77.8504113	79.0801318	79.0721418	
35.68378	77.8584013	77.8504113	79.0801318	79.0721418	
35.69386	77.8584013	77.8504113	79.0801318	79.0721418	
35.70397	77.8584013	77.8504113	79.0801318	79.0721418	
35.71425	77.8584013	77.8504113	79.0801318	79.0721418	
35.72438	77.8584013	77.8504113	79.0801318	79.0721418	
35.73473	77.8584013	77.8504113	79.0801318	79.0721418	
35.74447	77.8584013	77.8504113	79.0801318	79.0721418	
35.75465	77.8584013	77.8504113	79.0801318	79.0721418	
35.76477	77.8584013	77.8504113	79.0801318	79.0721418	
35.77486	77.8584013	77.8504113	79.0801318	79.0721418	
35.78503	77.8584013	77.8504113	79.0801318	79.0721418	
35.79518	77.8584013	77.8504113	79.0801318	79.0721418	
35.80524	77.8584013	77.8504113	79.0801318	79.0721418	
35.81541	77.8584013	77.8504113	79.0801318	79.0721418	
35.82642	77.8584013	77.8504113	79.0801318	79.0721418	
35.83614	77.8584013	77.8504113	79.0801318	79.0721418	
35.84619	77.8584013	77.8504113	79.0801318	79.0721418	
35.85632	77.8584013	77.8504113	79.0801318	79.0721418	
35.86653	77.8584013	77.8504113	79.0801318	79.0721418	
35.87658	77.8584013	77.8504113	79.0801318	79.0721418	
35.89462	77.8584013	77.8504113	79.0801318	79.0721418	
35.89899	77.8584013	77.8504113	79.0801318	79.0721418	
35.90912	77.8584013	77.8504113	79.0801318	79.0721418	
35.91923	77.8584013	77.8504113	79.0801318	79.0721418	
35.92942	77.8584013	77.8504113	79.0801318	79.0721418	
35.93962	77.8584013	77.8504113	79.0801318	79.0721418	
35.94965	77.8584013	77.8504113	79.0801318	79.0721418	
35.9598	77.8584013	77.8504113	79.0801318	79.0721418	
35.96988	77.8584013	77.8504113	79.0801318	79.0721418	
35.98004	77.8584013	77.8504113	79.0801318	79.0721418	
35.99907	77.8584013	77.8504113	79.0801318	79.0721418	
36.00346	77.8584013	77.8504113	79.0801318	79.0721418	
36.0136	77.8584013	77.8504113	79.0801318	79.0721418	
36.02373	77.8584013	77.8504113	79.0801318	79.0721418	
36.03387	77.8584013	77.8504113	79.0801318	79.0721418	
36.044	77.8584013	77.8504113	79.0801318	79.0721418	
36.05408	77.8584013	77.8504113	79.0801318	79.0721418	
36.0642	77.8584013	77.8504113	79.0801318	79.0721418	
36.07461	77.8584013	77.8504113	79.0801318	79.0721418	
36.08452	77.8584013	77.8504113	79.0801318	79.0721418	
36.09469	77.8584013	77.8504113	79.0801318	79.0721418	
36.10486	77.8584013	77.8504113	79.0801318	79.0721418	
36.11493	77.8584013	77.8504113	79.0801318	79.0721418	
36.12506	77.8584013	77.8504113	79.0801318	79.0721418	
36.13518	77.8584013	77.8504113	79.0801318	79.0721418	
36.14574	77.8584013	77.8504113	79.0801318	79.0721418	
36.15588	77.8584013	77.8504113	79.0801318	79.0721418	
36.166	77.8584013	77.8504113	79.0801318	79.0721418	
36.17611	77.8584013	77.8504113	79.0801318	79.0721418	
36.18631	77.8584013	77.8504113	79.0801318	79.0721418	
36.19639	77.8584013	77.8504113	79.0801318	79.0721418	
36.2065	77.8584013	77.8504113	79.0801318	79.0721418	
36.21668	77.8584013	77.8504113	79.0801318	79.0721418	
36.22681	77.8584013	77.8504113	79.0801318	79.0721418	
36.23729	77.8584013	77.8504113	79.0801318	79.0721418	
36.24746	77.8584013	77.8504113	79.0801318	79.0721418	
36.25719	77.8584013	77.8504113	79.0801318	79.0721418	
36.26729	77.8584013	77.8504113	79.0801318	79.0721418	
36.27741	77.8584013	77.8504113	79.0801318	79.0721418	
36.28757	77.8584013	77.8504113	79.0801318	79.0721418	
36.2977	77.8584013	77.8504113	79.0801318	79.0721418	
36.30786	77.8584013	77.8504113	79.0801318	79.0721418	
36.31795	77.8584013	77.8504113	79.0801318	79.0721418	
36.32848	77.8584013	77.8504113	79.0801318	79.0721418	
36.34642	77.8584013	77.8504113	79.0801318	79.0721418	
36.35085	77.8584013	77.8504113	79.0801318	79.0721418	
36.36101	77.8584013	77.8504113	79.0801318	79.0721418	
36.37111	77.8584013	77.8504113	79.0801318	79.0721418	
36.38124	77.8584013	77.8504113	79.0801318	79.0721418	
36.39133	77.8584013	77.8504113	79.0801318	79.0721418	
36.40153	77.8584013	77.8504113	79.0801318	79.0721418	
36.41169	77.8584013	77.8504113	79.0801318	79.0721418	
36.42179	77.8584013	77.8504113	79.0801318	79.0721418	
36.43194	77.8584013	77.8504113	79.0801318	79.0721418	
36.44202	77.8584013	77.8504113	79.0801318	79.0721418	
36.45225	77.8584013	77.8504113	79.0801318	79.0721418	
36.46233	77.8584013	77.8504113	79.0801318	79.0721418	
36.47246	77.8584013	77.8504113	79.0801318	79.0721418	
36.48265	77.8584013	77.8504113	79.0801318	79.0721418	
36.49269	77.8584013	77.8504113	79.0801318	79.0721418	
36.50288	77.8584013	77.8504113	79.0801318	79.0721418	
36.51303	77.8584013	77.8504113	79.0801318	79.0721418	
36.52315	77.8584013	77.8504113	79.0801318	79.0721418	
36.53326	77.8584013	77.8504113	79.0801318	79.0721418	
36.54335	77.8584013	77.8504113	79.0801318	79.0721418	
36.55383	77.8584013	77.8504113	79.0801318	79.0721418	
36.56375	77.8584013	77.8504113	79.0801318	79.0721418	
36.57383	77.8584013	77.8504113	79.0801318	79.0721418	
36.58393	77.8584013	77.8504113	79.0801318	79.0721418	
36.59402	77.8584013	77.8504113	79.0801318	79.0721418	
36.60419	77.8584013	77.8504113	79.0801318	79.0721418	
36.61433	77.8584013	77.8504113	79.0801318	79.0721418	
36.62446	77.8584013	77.8504113	79.0801318	79.0721418	
36.63463	77.8584013	77.8504113	79.0801318	79.0721418	
36.64474	77.8584013	77.8504113	79.0801318	79.0721418	
36.65489	77.8584013	77.8504113	79.0801318	79.0721418	
36.66502	77.8584013	77.8504113	79.0801318	79.0721418	
36.6751	77.8584013	77.8504113	79.0801318	79.0721418	
36.68522	77.8584013	77.8504113	79.0801318	79.0721418	
36.69544	77.8584013	77.8504113	79.0801318	79.0721418	
36.70548	77.8584013	77.8504113	79.0801318	79.0721418	
36.71561	77.8584013	77.8504113	79.0801318	79.0721418	
36.72572	77.8584013	77.8504113	79.0801318	79.0721418	
36.73584	77.8584013	77.8504113	79.0801318	79.0721418	
36.74612	77.8584013	77.8504113	79.0801318	79.0721418	
36.75608	77.8584013	77.8504113	79.0801318	79.0721418	
36.7662	77.8584013	77.8504113	79.0801318	79.0721418	
36.77634	77.8584013	77.8504113	79.0801318	79.0721418	
36.7865	77.8584013	77.8504113	79.0801318	79.0721418	
36.7966	77.8584013	77.8504113	79.0801318	79.0721418	
36.80677	77.8584013	77.8504113	79.0801318	79.0721418	
36.81691	77.8584013	77.8504113	79.0801318	79.0721418	
36.82699	77.8584013	77.8504113	79.0801318	79.0721418	
36.83712	77.8584013	77.8504113	79.0801318	79.0721418	
36.84719	77.8584013	77.8504113	79.0801318	79.0721418	
36.86728	77.8584013	77.8504113	79.0801318	79.0721418	
36.87188	77.8584013	77.8504113	79.0801318	79.0721418	
36.88246	77.8584013	77.8504113	79.0801318	79.0721418	
