12.97463	
12.9848	
12.99493	
13.01329	
13.01751	
13.02765	
13.0378	
13.04791	
13.05807	
13.06822	
13.07836	
13.08846	
13.09863	
13.10878	
13.11897	
13.12903	
13.13919	
13.14932	
13.15947	
13.16962	
13.17973	
13.18988	
13.19998	
13.21011	
13.22026	
13.23044	
13.24056	
13.25068	
13.2608	
13.27105	
13.2811	
13.29118	
13.30131	
13.31144	
13.32159	
13.33171	
13.34188	
13.35199	
13.36244	
13.37229	
13.38311	
13.39253	
13.40265	
13.41298	
13.42303	
13.43339	
13.4533	
13.45751	
13.46766	
13.47784	
13.48792	
13.49807	
13.5082	
13.51835	
13.52851	
13.53862	
13.54872	
13.55897	
13.56902	
13.57916	
13.5893	
13.59939	
13.60955	
13.61968	
13.62986	
13.63998	
13.65009	
13.66022	
13.67036	
13.68055	
13.6906	
13.70075	
13.71096	
13.72103	
13.73115	
13.74131	
13.75144	
13.76155	
13.77168	
13.78188	
13.79199	
13.80206	
13.81223	
13.82234	
13.83253	
13.84266	
13.85278	
13.86297	
13.87306	
13.88315	
13.89324	
13.90342	
13.91353	
13.9236	
13.93379	
13.94395	
13.95402	
13.96413	
13.97427	
13.98469	
13.99452	
14.00464	
14.01475	
14.02489	
14.03508	
14.04517	
14.05529	
14.06537	
14.07584	
14.08586	
14.09577	
14.10587	
14.11599	
14.1261	
14.13627	
14.14637	
14.15659	
14.16667	
14.17675	
14.18712	
14.19726	
14.20742	
14.21752	
14.22761	
14.23781	
14.24793	
14.25806	
14.2682	
14.27829	
14.28855	
14.29859	
14.30874	
14.31893	
14.32898	
14.33916	
14.34929	
14.35943	
14.37807	
14.38226	
14.39262	
14.40253	
14.41268	
14.4228	
14.43306	
14.44309	
14.4532	
14.46337	
14.47346	
14.48352	
14.49385	
14.50383	
14.51394	
14.52407	
14.53418	
14.54442	
14.55442	
14.56455	
14.57467	
14.58477	
14.5949	
14.60518	
14.61526	
14.62536	
14.63543	
14.64588	
14.6557	
14.66582	
14.67594	
14.68604	
14.69621	
14.70635	
14.71652	
14.72663	
14.73672	
14.74694	
14.75706	
14.76719	
14.77728	
14.78745	
14.79753	
14.80788	
14.81811	
14.82799	
14.83815	
14.84833	
14.85843	
14.86856	
14.87882	
14.889	
14.89909	
14.90925	
14.91936	
14.92952	
14.93962	
14.94978	
14.9599	
14.96999	
14.98017	
14.99031	
15.00049	
15.01072	
15.02074	
15.03086	
15.04099	
15.05109	
15.06125	
15.07141	
15.08167	
15.09162	
15.10177	
15.11208	
15.12225	
15.13219	
15.14232	
15.15243	
15.16302	
15.17296	
15.18317	
15.19321	
15.20329	
15.21348	
15.22358	
15.23375	
15.24383	
15.25421	
15.2641	
15.27424	
15.28432	
15.29443	
15.30465	
15.32287	
15.32716	
15.33721	
15.34734	
15.35749	
15.36867	
15.37775	
15.38861	
15.398	
15.40811	
15.42928	
15.4335	
15.44377	
15.45383	
15.4642	
15.47403	
15.48437	37.8746104	37.8736448	39.1137941	39.1128285	
15.49434	37.8761207	37.8736448	39.1153045	39.1128285	
15.50448	37.8782807	37.8736448	39.1174644	39.1128285	
15.51456	37.8810403	37.8736448	39.120224	39.1128285	
15.52474	37.8844465	37.8823714	39.1236302	39.1215552	
15.53485	37.8884435	37.8823714	39.1276273	39.1215552	
15.545	37.8930711	37.8823714	39.1322548	39.1215552	
15.55513	37.8983092	37.8910981	39.137493	39.1302818	
15.56522	37.9041346	37.8910981	39.1433183	39.1302818	
15.57541	37.9106494	37.8910981	39.1498332	39.1390085	
15.58553	37.9177288	37.8910981	39.1569126	39.1390085	
15.59564	37.9254051	37.8998247	39.1645889	39.1477351	
15.60582	37.9337747	37.9085514	39.1729585	39.1477351	
15.61587	37.9426224	37.9085514	39.1818062	39.1477351	
15.62609	37.9522631	37.917278	39.1914469	39.1477351	
15.63618	37.9623874	37.9260046	39.2015712	39.1477351	
15.6463	37.9731505	37.9434579	39.2123343	39.1477351	
15.6565	37.9846323	37.9521846	39.223816	39.1477351	
15.66661	37.9966273	37.9696379	39.2358111	39.1477351	
15.67704	38.0096571	37.9783645	39.2488409	39.1477351	
15.68721	38.022976	37.9958178	39.2621598	39.1477351	
15.69733	38.0368336	38.0132711	39.2760174	39.1477351	
15.70743	38.0512852	38.039451	39.290469	39.1477351	
15.71754	38.0663601	38.0569043	39.3055438	39.1477351	
15.72771	38.0821581	38.0743576	39.3213418	39.1477351	
15.73789	38.0985909	38.1005376	39.3377747	39.1564618	
15.74797	38.115457	38.1179909	39.3546407	39.1564618	
15.75812	38.1330655	38.1354442	39.3722492	39.1564618	
15.76823	38.151226	38.1528974	39.3904097	39.1651884	
15.77839	38.1700781	38.1790774	39.4092619	39.1651884	
15.78863	38.1897358	38.1965307	39.4289195	39.1739151	
15.79903	38.2103469	38.213984	39.4495307	39.1826417	
15.80884	38.2303325	38.2314373	39.4695163	39.1826417	
15.81893	38.2515119	38.2576172	39.4906957	39.200095	
15.82912	38.2735337	38.2750705	39.5127175	39.2088216	
15.83932	38.2961901	38.2925238	39.5353739	39.2175483	
15.84939	38.3191972	38.3099771	39.5583809	39.2262749	
15.85952	38.342916	38.3274304	39.5820998	39.2350016	
15.86963	38.3672147	38.3448837	39.6063985	39.2524549	
15.87978	38.3922491	38.3710636	39.6314329	39.2611815	
15.89003	38.418159	38.3972435	39.6573427	39.2786348	
15.9001	38.4441934	38.4146968	39.6833771	39.2873615	
15.91021	38.470967	38.4321501	39.7101508	39.3048148	
15.92032	38.4983347	38.4670567	39.7375185	39.322268	
15.93054	38.5266499	38.4932367	39.7658337	39.3309947	
15.94066	38.5552678	38.5194166	39.7944516	39.348448	
15.95078	38.5845499	38.5543232	39.8237337	39.3659013	
15.9609	38.6144171	38.5805031	39.8536009	39.3833546	
15.971	38.6448367	38.6154097	39.8840205	39.4008079	
15.98117	38.676096	38.6415896	39.9152798	39.4182612	
15.9914	38.7081825	38.6852229	39.9473663	39.4357144	
16.00153	38.7405326	38.7201295	39.9797164	39.4531677	
16.01162	38.7733706	38.755036	40.0125543	39.4793477	
16.02177	38.8070472	38.7986693	40.0462309	39.496801	
16.03211	38.8419913	38.8335759	40.0811751	39.5142543	
16.04203	38.8760905	38.8684824	40.1152743	39.5404342	
16.05213	38.9114258	38.9121157	40.1506096	39.5666141	
16.06229	38.9475849	38.9470223	40.1867687	39.5840674	
16.0725	38.984582	38.9819288	40.2237658	39.6015207	
16.0829	39.0232516	39.0168354	40.2624354	39.6277007	
16.09279	39.0599232	39.051742	40.2991069	39.6538806	
16.10291	39.0983813	39.0866486	40.3375651	39.6800605	
16.11305	39.1375676	39.1302818	40.3767513	39.7062405	
16.12317	39.1773024	39.1651884	40.4164862	39.7324204	
16.13324	39.2174606	39.200095	40.4566444	39.7586004	
16.14348	39.2588776	39.2350016	40.4980613	39.7935069	
16.15354	39.3002005	39.2699082	40.5393843	39.8196869	
16.16372	39.3426292	39.3135414	40.5818129	39.8458668	
16.17387	39.3855886	39.3571746	40.6247724	39.8807734	
16.18421	39.4299692	39.3920812	40.669153	39.9069533	
16.19413	39.4731029	39.4269878	40.7122867	39.9418599	
16.20423	39.5189745	39.470621	40.7581583	39.9680399	
16.2144	39.5631475	39.5142543	40.8023313	40.0029465	
16.22451	39.608969	39.5578875	40.8481528	40.0291264	
16.23463	39.6554832	39.6102474	40.894667	40.064033	
16.24478	39.7027264	39.6538806	40.9419101	40.0902129	
16.25487	39.750304	39.7062405	40.9894877	40.1251195	
16.26505	39.7989159	39.7586004	41.0380997	40.1600261	
16.27516	39.8478141	39.8022336	41.0869978	40.1949327	
16.28562	39.8991075	39.8545935	41.1382913	40.2298393	
16.29586	39.9499459	39.9069533	41.1891297	40.2647458	
16.30552	39.9983941	39.9680399	41.2375779	40.2996524	
16.31563	40.0497473	40.0203997	41.2889311	40.3432857	
16.32576	40.1017974	40.0727596	41.3409812	40.3781922	
16.33594	40.1548013	40.1338461	41.3939851	40.4130988	
16.34607	40.2081069	40.1774794	41.4472907	40.4567321	
16.35617	40.2618223	40.2385659	41.5010061	40.4916386	
16.36628	40.316291	40.2909258	41.5554748	40.5352719	
16.3765	40.3719552	40.3432857	41.611139	40.5789051	
16.39573	40.4794515	40.4480054	41.7186353	40.6487183	
16.40008	40.5036056	40.4741854	41.7427894	40.6661716	
16.41019	40.5607113	40.5265452	41.799895	40.7098048	
16.42032	40.6185116	40.5789051	41.8576954	40.753438	
16.43044	40.6768861	40.631265	41.9160699	40.7883446	
16.44074	40.7370299	40.6923515	41.9762137	40.8407045	
16.4508	40.7962024	40.7447114	42.0353861	40.8843377	
16.46091	40.8563971	40.8057979	42.0955809	40.927971	
16.47109	40.9176268	40.8581578	42.1568106	40.9628775	
16.48113	40.9785602	40.9192443	42.217744	41.0152374	
16.49211	41.0460802	40.9803308	42.285264	41.0588707	
16.50178	41.1059538	41.0414174	42.3451376	41.1025039	
16.51166	41.1677133	41.1025039	42.4068971	41.1548638	
16.52174	41.2314412	41.1723171	42.470625	41.198497	
16.53187	41.2960321	41.2246769	42.5352159	41.2421302	
16.54206	41.361676	41.2944901	42.6008598	41.2944901	
16.55215	41.4271658	41.3643033	42.6663496	41.34685	
16.56231	41.4938635	41.4341164	42.7330473	41.3904832	
16.57244	41.5609062	41.5039296	42.8000899	41.4428431	
16.58277	41.6315119	41.5737428	42.8706956	41.495203	
16.59342	41.7018972	41.643556	42.941081	41.5475628	
16.6029	41.7663502	41.7133691	43.0055339	41.5999227	
16.61301	41.8357409	41.7831823	43.0749247	41.6522826	
16.62325	41.90665	41.8529955	43.1458338	41.7046425	
16.63325	41.9765248	41.9315353	43.2157086	41.7570024	
16.64343	42.0496199	42.0013484	43.2888037	41.8093622	
16.65356	42.1201848	42.0711616	43.3593686	41.8704488	
16.66374	42.1931921	42.1497014	43.4323759	41.9228086	
16.67381	42.2659652	42.2195146	43.505149	41.9751685	
16.68426	42.3422185	42.2893278	43.5814023	42.036255	
16.69484	42.4200964	42.3591409	43.6592801	42.0973416	
16.70454	42.4919275	42.4289541	43.7311112	42.1497014	
16.7143	42.5648511	42.5074939	43.8040349	42.210788	
16.72443	42.6411737	42.5773071	43.8803575	42.2718745	
16.73454	42.7179048	42.6558469	43.9570885	42.3242344	
16.74474	42.7959998	42.7256601	44.0351836	42.3853209	
16.75481	42.8737279	42.8041999	44.1129117	42.4464074	
16.76495	42.9506952	42.8827397	44.1898789	42.5074939	
16.78296	43.0851316	42.9525529	44.3243154	42.5685805	
16.78728	43.1174837	43.048546	44.3566674	42.6383936	
16.80673	43.2599378	43.2056256	44.4991215	42.7605667	
16.81114	43.2922449	43.2405322	44.5314287	42.7867466	
16.82125	43.3656137	43.319072	44.6047974	42.8478331	
16.83146	43.4391772	43.4063385	44.6783609	42.9176463	
16.8415	43.510877	43.493605	44.7500607	42.9787328	
16.85172	43.5833046	43.5634181	44.8224884	43.0398194	
16.86184	43.6543947	43.6506846	44.8935785	43.1009059	
16.87195	43.7247434	43.7204978	44.9639272	43.1619924	
16.88209	43.7947768	43.7903109	45.0339605	43.2230789	
16.8923	43.8646495	43.8688507	45.1038333	43.2841654	
16.90242	43.9333591	43.9386639	45.1725429	43.345252	
16.91261	44.0018028	44.0084771	45.2409866	43.4063385	
16.92272	44.0692549	44.0695636	45.3084386	43.4761517	
16.93277	44.1355954	44.1393768	45.3747791	43.5285115	
16.94307	44.2030075	44.1917367	45.4421912	43.5895981	
16.95317	44.2685416	44.2615498	45.5077253	43.6506846	
16.96323	44.3331387	44.3226364	45.5723225	43.7204978	
16.97333	44.3974928	44.3749962	45.6366765	43.7728576	
16.98349	44.4615627	44.4360828	45.7007464	43.8339442	
16.99354	44.5243726	44.4971693	45.7635564	43.8950307	
17.00376	44.5875577	44.5495292	45.8267415	43.9648439	
17.01396	44.650033	44.6106157	45.8892167	44.0172037	
17.02402	44.7111197	44.6629756	45.9503035	44.0782903	
17.03411	44.7717469	44.7240621	46.0109307	44.1393768	
17.04439	44.8329066	44.7851486	46.0720904	44.2004633	
17.05439	44.8917806	44.8375085	46.1309644	44.2615498	
17.06453	44.9508888	44.9073217	46.1900725	44.3139097	
17.07463	45.0091659	44.9596815	46.2483497	44.3837229	
17.08477	45.0671141	45.0207681	46.3062978	44.4360828	
17.09489	45.1242965	45.0905812	46.3634802	44.4971693	
17.11326	45.2257317	45.1516677	46.4649155	44.5582558	
17.11767	45.2501526	45.2214809	46.4893364	44.628069	
17.1278	45.3054406	45.2825674	46.5446243	44.6978821	
17.13789	45.3598774	45.343654	46.5990612	44.750242	
17.14806	45.414191	45.4047405	46.6533748	44.8113285	
17.15822	45.4678463	45.465827	46.7070301	44.8724151	
17.16837	45.5208556	45.5269135	46.7600394	44.9335016	
17.17847	45.5729972	45.5880001	46.812181	44.9945881	
17.18856	45.6245011	45.6403599	46.8636849	45.046948	
17.19959	45.6800833	45.6927198	46.9192671	45.1080345	
17.20896	45.7267785	45.7450797	46.9659623	45.169121	
17.21906	45.7764903	45.7974396	47.015674	45.2214809	
17.22921	45.8258399	45.8323462	47.0650237	45.2825674	
17.23938	45.8747103	45.884706	47.1138941	45.3349273	
17.2495	45.9227338	45.9283393	47.1619176	45.3960138	
17.25959	45.9700624	45.9719725	47.2092462	45.4571004	
17.26975	46.017054	46.0156057	47.2562378	45.5094602	
17.2799	46.0634121	46.059239	47.3025958	45.5705468	
17.28999	46.1089478	46.1028722	47.3481316	45.6229066	
17.30087	46.1573163	46.1377788	47.3965001	45.6752665	
17.31042	46.1992529	46.181412	47.4384367	45.7276264	
17.32046	46.2427566	46.2163186	47.4819404	45.7799863	
17.33057	46.2859318	46.2599518	47.5251155	45.8410728	
17.34067	46.3285119	46.3035851	47.5676957	45.884706	
17.35091	46.3710705	46.3472183	47.6102542	45.9457926	
17.36095	46.4121683	46.3908515	47.6513521	45.9894258	
17.37176	46.4564368	46.4257581	47.6956206	46.0505123	
17.38139	46.4940737	46.4693913	47.7332575	46.1028722	
17.39213	46.5361042	46.5130246	47.775288	46.1552321	
17.40338	46.5793738	46.5566578	47.8185576	46.2075919	
17.41238	46.613545	46.600291	47.8527287	46.2599518	
17.43217	46.6858651	46.6875575	47.9250489	46.3559449	
17.44447	46.7302055	46.7399174	47.9693893	46.4083048	
17.44891	46.746185	46.7573707	47.9853688	46.4344847	
17.459	46.7817684	46.7922772	48.0209522	46.478118	
17.46919	46.8171005	46.8359105	48.0562843	46.5304779	
17.47957	46.8524723	46.8795437	48.0916561	46.5741111	
17.48947	46.8856393	46.9144503	48.1248231	46.6177443	
17.49957	46.9188879	46.9493569	48.1580717	46.6613776	
17.50978	46.9518934	46.9842635	48.1910772	46.7137374	
17.51993	46.9840998	47.0104434	48.2232836	46.7573707	
17.53006	47.0156611	47.04535	48.2548449	46.8010039	
17.54018	47.0466045	47.0715299	48.2857883	46.8446371	
17.5503	47.0769639	47.1064365	48.3161477	46.8882704	
17.56046	47.1068622	47.1238898	48.346046	46.9319036	
17.57063	47.1361662	47.1587964	48.37535	46.9755368	
17.58081	47.1649092	47.1849763	48.4040929	47.01917	
17.59091	47.1928351	47.2111563	48.4320189	47.0628033	
17.601	47.2201634	47.2373362	48.4593471	47.0977099	
17.61123	47.2472721	47.2635161	48.4864558	47.1413431	
17.62133	47.2734383	47.2896961	48.5126221	47.1762497	
17.63155	47.2993422	47.315876	48.5385259	47.2198829	
17.64163	47.3242712	47.3333293	48.563455	47.2635161	
17.65171	47.3486544	47.3595093	48.5878382	47.2984227	
17.66193	47.3727809	47.3856892	48.6119647	47.342056	
17.67206	47.3960908	47.4031425	48.6352746	47.3769625	
17.68218	47.4188135	47.4293224	48.6579972	47.4205958	
17.69228	47.4408933	47.4467757	48.6800771	47.4555024	
17.70275	47.4636474	47.4729557	48.7028312	47.4904089	
17.71286	47.4841126	47.4904089	48.7232964	47.5253155	
17.72292	47.5043677	47.5078622	48.7435515	47.5602221	
17.73302	47.5241286	47.5427688	48.7633124	47.5951287	
17.74314	47.5433567	47.5602221	48.7825405	47.6300353	
17.75323	47.5619753	47.5776754	48.8011591	47.6649419	
17.7634	47.5801248	47.5951287	48.8193086	47.6998485	
17.77358	47.5977285	47.612582	48.8369122	47.734755	
17.7838	47.6148017	47.6387619	48.8539854	47.7696616	
17.79392	47.6311492	47.6562152	48.870333	47.8045682	
17.80422	47.6472009	47.6823952	48.8863847	47.8307482	
17.81421	47.6622127	47.6911218	48.9013965	47.8656547	
17.82435	47.6768729	47.7085751	48.9160567	47.9005613	
17.83445	47.690918	47.7173017	48.9301018	47.9267413	
17.84456	47.7044236	47.7260284	48.9436074	47.9616478	
17.85472	47.7174259	47.734755	48.9566097	47.9965544	
17.86494	47.7299292	47.734755	48.969113	48.0227344	
17.87509	47.7417855	47.7434817	48.9809693	48.057641	
17.88516	47.7530029	47.7522083	48.9921867	48.0838209	
17.89549	47.7639329	47.760935	49.0031166	48.1187275	
17.90585	47.7743156	47.7696616	49.0134994	48.1449074	
17.91564	47.7836291	47.7696616	49.0228129	48.1710874	
17.92579	47.7927384	47.7783883	49.0319222	48.2059939	
17.93591	47.8012703	47.7871149	49.0404541	48.2234472	
17.94599	47.8092499	47.7958416	49.0484336	48.2583538	
17.95617	47.8167657	47.8045682	49.0559495	48.2758071	
17.96675	47.8239951	47.8132949	49.0631788	48.3107137	
17.97696	47.8304578	47.8220215	49.0696416	48.328167	
17.98706	47.836338	47.8307482	49.0755218	48.3543469	
17.99715	47.8417135	47.8394748	49.0808973	48.3805269	
18.0074	47.8466622	47.8482014	49.0858459	48.3979802	
18.0175	47.8510616	47.8569281	49.0902454	48.4241601	
18.02763	47.8549966	47.8656547	49.0941803	48.45034	
18.0378	47.8584841	47.8743814	49.0976678	48.4677933	
18.04791	47.8615052	47.883108	49.100689	48.4939733	
18.05807	47.8641125	47.883108	49.1032963	48.5114266	
18.06819	47.8663024	47.8918347	49.1054862	48.5288799	
18.07851	47.868139	47.8918347	49.1073227	48.5463331	
18.08848	47.8736448	47.8918347	49.1128285	48.5725131	
18.0986	47.8736448	47.883108	49.1128285	48.5899664	
18.10875	47.8736448	47.883108	49.1128285	48.6074197	
18.11898	47.8736448	47.883108	49.1128285	48.624873	
18.12909	47.8736448	47.883108	49.1128285	48.6423263	
18.13925	47.8736448	47.883108	49.1128285	48.6510529	
18.15038	47.8736448	47.8743814	49.1128285	48.6685062	
18.16051	47.8736448	47.8743814	49.1128285	48.6772328	
18.17066	47.8736448	47.8743814	49.1128285	48.6946861	
18.18077	47.8736448	47.8743814	49.1128285	48.7121394	
18.19095	47.8736448	47.8743814	49.1128285	48.7208661	
18.20103	47.8736448	47.8743814	49.1128285	48.7383194	
18.21175	47.8736448	47.8743814	49.1128285	48.747046	
18.22138	47.8736448	47.8743814	49.1128285	48.7557727	
18.23157	47.8736448	47.8743814	49.1128285	48.7732259	
18.24163	47.8736448	47.8743814	49.1128285	48.7819526	
18.25171	47.8736448	47.8743814	49.1128285	48.7906792	
18.2619	47.8736448	47.8743814	49.1128285	48.7994059	
18.27203	47.8736448	47.8743814	49.1128285	48.8081325	
18.28215	47.8736448	47.8743814	49.1128285	48.8168592	
18.29229	47.8736448	47.8743814	49.1128285	48.8343125	
18.30241	47.8736448	47.8743814	49.1128285	48.8430391	
18.31303	47.8736448	47.8743814	49.1128285	48.8517658	
18.32274	47.8736448	47.8743814	49.1128285	48.8517658	
18.33292	47.8736448	47.8743814	49.1128285	48.8604924	
18.343	47.8736448	47.8743814	49.1128285	48.8692191	
18.35314	47.8736448	47.8743814	49.1128285	48.8779457	
18.36322	47.8736448	47.8743814	49.1128285	48.8866723	
18.37369	47.8736448	47.8743814	49.1128285	48.8866723	
18.38358	47.8736448	47.8743814	49.1128285	48.895399	
18.39379	47.8736448	47.8743814	49.1128285	48.9041256	
18.40397	47.8736448	47.8743814	49.1128285	48.9128523	
18.41558	47.8736448	47.8743814	49.1128285	48.9215789	
18.42421	47.8736448	47.8743814	49.1128285	48.9215789	
18.4343	47.8736448	47.8743814	49.1128285	48.9215789	
18.44444	47.8736448	47.8743814	49.1128285	48.9303056	
18.45453	47.8736448	47.8743814	49.1128285	48.9390322	
18.46468	47.8736448	47.8743814	49.1128285	48.9477589	
18.47481	47.8736448	47.8743814	49.1128285	48.9564855	
18.48491	47.8736448	47.8743814	49.1128285	48.9564855	
18.50301	47.8736448	47.8743814	49.1128285	48.9652122	
18.50735	47.8736448	47.8743814	49.1128285	48.9739388	
18.51842	47.8736448	47.8743814	49.1128285	48.9739388	
18.52773	47.8736448	47.8743814	49.1128285	48.9739388	
18.53786	47.8736448	47.8743814	49.1128285	48.9826655	
18.54795	47.8736448	47.8743814	49.1128285	48.9826655	
18.55812	47.8736448	47.8743814	49.1128285	48.9913921	
18.56824	47.8736448	47.8743814	49.1128285	48.9913921	
18.57837	47.8736448	47.8743814	49.1128285	48.9913921	
18.5885	47.8736448	47.8743814	49.1128285	49.0001187	
18.59879	47.8736448	47.8743814	49.1128285	49.0088454	
18.609	47.8736448	47.8743814	49.1128285	49.0088454	
18.61969	47.8736448	47.8743814	49.1128285	49.017572	
18.62928	47.8736448	47.8743814	49.1128285	49.0262987	
18.6395	47.8736448	47.8743814	49.1128285	49.0262987	
18.64955	47.8736448	47.8743814	49.1128285	49.0262987	
18.65964	47.8736448	47.8743814	49.1128285	49.0350253	
18.66982	47.8736448	47.8743814	49.1128285	49.0350253	
18.67996	47.8736448	47.8743814	49.1128285	49.043752	
18.69005	47.8736448	47.8743814	49.1128285	49.043752	
18.70024	47.8736448	47.8743814	49.1128285	49.043752	
18.71035	47.8736448	47.8743814	49.1128285	49.0524786	
18.72103	47.8736448	47.8743814	49.1128285	49.0524786	
18.73067	47.8736448	47.8743814	49.1128285	49.0612053	
18.74079	47.8736448	47.8743814	49.1128285	49.0612053	
18.75095	47.8736448	47.8743814	49.1128285	49.0612053	
18.76106	47.8736448	47.8743814	49.1128285	49.0612053	
18.77124	47.8736448	47.8743814	49.1128285	49.0699319	
18.78136	47.8736448	47.8743814	49.1128285	49.0786586	
18.79159	47.8736448	47.8743814	49.1128285	49.0786586	
18.80162	47.8736448	47.8743814	49.1128285	49.0873852	
18.81174	47.8736448	47.8743814	49.1128285	49.0873852	
18.82235	47.8736448	47.8743814	49.1128285	49.0961119	
18.83209	47.8736448	47.8743814	49.1128285	49.0961119	
18.8422	47.8736448	47.8743814	49.1128285	49.0961119	
18.85234	47.8736448	47.8743814	49.1128285	49.0961119	
18.86244	47.8736448	47.8743814	49.1128285	49.0961119	
18.87264	47.8736448	47.8743814	49.1128285	49.0961119	
18.88276	47.8736448	47.8743814	49.1128285	49.0961119	
18.89296	47.8736448	47.8743814	49.1128285	49.0961119	
18.90306	47.8736448	47.8743814	49.1128285	49.0961119	
18.91312	47.8736448	47.8743814	49.1128285	49.0961119	
18.92407	47.8736448	47.8743814	49.1128285	49.0961119	
18.93346	47.8736448	47.8743814	49.1128285	49.0961119	
18.94361	47.8736448	47.8743814	49.1128285	49.0961119	
18.9537	47.8736448	47.8743814	49.1128285	49.0961119	
18.96417	47.8736448	47.8743814	49.1128285	49.0961119	
18.97393	47.8736448	47.8743814	49.1128285	49.0961119	
18.98406	47.8736448	47.8743814	49.1128285	49.0961119	
18.99416	47.8736448	47.8743814	49.1128285	49.0961119	
19.00432	47.8736448	47.8743814	49.1128285	49.0961119	
19.01445	47.8736448	47.8743814	49.1128285	49.0961119	
19.02458	47.8736448	47.8743814	49.1128285	49.0961119	
19.03469	47.8736448	47.8743814	49.1128285	49.0961119	
19.04479	47.8736448	47.8743814	49.1128285	49.0961119	
19.05494	47.8736448	47.8743814	49.1128285	49.0961119	
19.06515	47.8736448	47.8743814	49.1128285	49.0961119	
19.07522	47.8736448	47.8743814	49.1128285	49.0961119	
19.08529	47.8736448	47.8743814	49.1128285	49.0961119	
19.09555	47.8736448	47.8743814	49.1128285	49.0961119	
19.10578	47.8736448	47.8743814	49.1128285	49.0961119	
19.11589	47.8736448	47.8743814	49.1128285	49.0961119	
19.12606	47.8736448	47.8743814	49.1128285	49.0961119	
19.13611	47.8736448	47.8743814	49.1128285	49.0961119	
19.14624	47.8736448	47.8743814	49.1128285	49.0961119	
19.15639	47.8736448	47.8743814	49.1128285	49.0961119	
19.1666	47.8736448	47.8743814	49.1128285	49.0961119	
19.17668	47.8736448	47.8743814	49.1128285	49.0961119	
19.18675	47.8736448	47.8743814	49.1128285	49.0961119	
19.19713	47.8736448	47.8743814	49.1128285	49.0961119	
19.20728	47.8736448	47.8743814	49.1128285	49.0961119	
19.21739	47.8736448	47.8743814	49.1128285	49.0961119	
19.22753	47.8736448	47.8743814	49.1128285	49.0961119	
19.23766	47.8736448	47.8743814	49.1128285	49.0961119	
19.24787	47.8736448	47.8743814	49.1128285	49.0961119	
19.25794	47.8736448	47.8743814	49.1128285	49.0961119	
19.2681	47.8736448	47.8743814	49.1128285	49.0961119	
19.27826	47.8736448	47.8743814	49.1128285	49.0961119	
19.28834	47.8736448	47.8743814	49.1128285	49.0961119	
19.29847	47.8736448	47.8743814	49.1128285	49.0961119	
19.30871	47.8736448	47.8743814	49.1128285	49.0961119	
19.31877	47.8736448	47.8743814	49.1128285	49.0961119	
19.32894	47.8736448	47.8743814	49.1128285	49.0961119	
19.33903	47.8736448	47.8743814	49.1128285	49.0961119	
19.34936	47.8736448	47.8743814	49.1128285	49.0961119	
19.35931	47.8736448	47.8743814	49.1128285	49.0961119	
19.36944	47.8736448	47.8743814	49.1128285	49.0961119	
19.38882	47.8736448	47.8743814	49.1128285	49.0961119	
19.39401	47.8736448	47.8743814	49.1128285	49.0961119	
19.40337	47.8736448	47.8743814	49.1128285	49.0961119	
19.41367	47.8736448	47.8743814	49.1128285	49.0961119	
19.42396	47.8736448	47.8743814	49.1128285	49.0961119	
19.43404	47.8736448	47.8743814	49.1128285	49.0961119	
19.44417	47.8736448	47.8743814	49.1128285	49.0961119	
19.45433	47.8736448	47.8743814	49.1128285	49.0961119	
19.46444	47.8736448	47.8743814	49.1128285	49.0961119	
19.47455	47.8736448	47.8743814	49.1128285	49.0961119	
19.48465	47.8736448	47.8743814	49.1128285	49.0961119	
19.49483	47.8736448	47.8743814	49.1128285	49.0961119	
19.5051	47.8736448	47.8743814	49.1128285	49.0961119	
19.51514	47.8736448	47.8743814	49.1128285	49.0961119	
19.52523	47.8736448	47.8743814	49.1128285	49.0961119	
19.53542	47.8736448	47.8743814	49.1128285	49.0961119	
19.54544	47.8736448	47.8743814	49.1128285	49.0961119	
19.55561	47.8736448	47.8743814	49.1128285	49.0961119	
19.56573	47.8736448	47.8743814	49.1128285	49.0961119	
19.5759	47.8736448	47.8743814	49.1128285	49.0961119	
19.58598	47.8736448	47.8743814	49.1128285	49.0961119	
19.59607	47.8736448	47.8743814	49.1128285	49.0961119	
19.60627	47.8736448	47.8743814	49.1128285	49.0961119	
19.61639	47.8736448	47.8743814	49.1128285	49.0961119	
19.62655	47.8736448	47.8743814	49.1128285	49.0961119	
19.63666	47.8736448	47.8743814	49.1128285	49.0961119	
19.64675	47.8736448	47.8743814	49.1128285	49.0961119	
19.65691	47.8736448	47.8743814	49.1128285	49.0961119	
19.66703	47.8736448	47.8743814	49.1128285	49.0961119	
19.67716	47.8736448	47.8743814	49.1128285	49.0961119	
19.68728	47.8736448	47.8743814	49.1128285	49.0961119	
19.69746	47.8736448	47.8743814	49.1128285	49.0961119	
19.70763	47.8736448	47.8743814	49.1128285	49.0961119	
19.71779	47.8736448	47.8743814	49.1128285	49.0961119	
19.72794	47.8736448	47.8743814	49.1128285	49.0961119	
19.73803	47.8736448	47.8743814	49.1128285	49.0961119	
19.74816	47.8736448	47.8743814	49.1128285	49.0961119	
19.7583	47.8736448	47.8743814	49.1128285	49.0961119	
19.76845	47.8736448	47.8743814	49.1128285	49.0961119	
19.77857	47.8736448	47.8743814	49.1128285	49.0961119	
19.78872	47.8736448	47.8743814	49.1128285	49.0961119	
19.79885	47.8736448	47.8743814	49.1128285	49.0961119	
19.80902	47.8736448	47.8743814	49.1128285	49.0961119	
19.81916	47.8736448	47.8743814	49.1128285	49.0961119	
19.82933	47.8736448	47.8743814	49.1128285	49.0961119	
19.8395	47.8736448	47.8743814	49.1128285	49.0961119	
19.84977	47.8736448	47.8743814	49.1128285	49.0961119	
19.85969	47.8736448	47.8743814	49.1128285	49.0961119	
19.86985	47.8736448	47.8743814	49.1128285	49.0961119	
19.88001	47.8736448	47.8743814	49.1128285	49.0961119	
19.89007	47.8736448	47.8743814	49.1128285	49.0961119	
19.90027	47.8736448	47.8743814	49.1128285	49.0961119	
19.91038	47.8736448	47.8743814	49.1128285	49.0961119	
19.9205	47.8736448	47.8743814	49.1128285	49.0961119	
19.93069	47.8736448	47.8743814	49.1128285	49.0961119	
19.9408	47.8736448	47.8743814	49.1128285	49.0961119	
19.95096	47.8736448	47.8743814	49.1128285	49.0961119	
19.96116	47.8736448	47.8743814	49.1128285	49.0961119	
19.97121	47.8736448	47.8743814	49.1128285	49.0961119	
19.98141	47.8736448	47.8743814	49.1128285	49.0961119	
19.99161	47.8736448	47.8743814	49.1128285	49.0961119	
20.00168	47.8736448	47.8743814	49.1128285	49.0961119	
20.0118	47.8736448	47.8743814	49.1128285	49.0961119	
20.0219	47.8736448	47.8743814	49.1128285	49.0961119	
20.03209	47.8736448	47.8743814	49.1128285	49.0961119	
20.04221	47.8736448	47.8743814	49.1128285	49.0961119	
20.05229	47.8736448	47.8743814	49.1128285	49.0961119	
20.06253	47.8736448	47.8743814	49.1128285	49.0961119	
20.07268	47.8736448	47.8743814	49.1128285	49.0961119	
20.08295	47.8736448	47.8743814	49.1128285	49.0961119	
20.09288	47.8736448	47.8743814	49.1128285	49.0961119	
20.10305	47.8736448	47.8743814	49.1128285	49.0961119	
20.1132	47.8736448	47.8743814	49.1128285	49.0961119	
20.12331	47.8736448	47.8743814	49.1128285	49.0961119	
20.13347	47.8736448	47.8743814	49.1128285	49.0961119	
20.14374	47.8736448	47.8743814	49.1128285	49.0961119	
20.15373	47.8736448	47.8743814	49.1128285	49.0961119	
20.16383	47.8736448	47.8743814	49.1128285	49.0961119	
20.17423	47.8736448	47.8743814	49.1128285	49.0961119	
20.18411	47.8736448	47.8743814	49.1128285	49.0961119	
20.19423	47.8736448	47.8743814	49.1128285	49.0961119	
20.20435	47.8736448	47.8743814	49.1128285	49.0961119	
20.21449	47.8736448	47.8743814	49.1128285	49.0961119	
20.22461	47.8736448	47.8743814	49.1128285	49.0961119	
20.23495	47.8736448	47.8743814	49.1128285	49.0961119	
20.24489	47.8736448	47.8743814	49.1128285	49.0961119	
20.25508	47.8736448	47.8743814	49.1128285	49.0961119	
20.26521	47.8736448	47.8743814	49.1128285	49.0961119	
20.27565	47.8736448	47.8743814	49.1128285	49.0961119	
20.28542	47.8736448	47.8743814	49.1128285	49.0961119	
20.29559	47.8736448	47.8743814	49.1128285	49.0961119	
20.30567	47.8736448	47.8743814	49.1128285	49.0961119	
20.31577	47.8736448	47.8743814	49.1128285	49.0961119	
20.32591	47.8736448	47.8743814	49.1128285	49.0961119	
20.33606	47.8736448	47.8743814	49.1128285	49.0961119	
20.34616	47.8736448	47.8743814	49.1128285	49.0961119	
20.35635	47.8736448	47.8743814	49.1128285	49.0961119	
20.36641	47.8736448	47.8743814	49.1128285	49.0961119	
20.38539	47.8736448	47.8743814	49.1128285	49.0961119	
20.38976	47.8736448	47.8743814	49.1128285	49.0961119	
20.39997	47.8736448	47.8743814	49.1128285	49.0961119	
20.41002	47.8736448	47.8743814	49.1128285	49.0961119	
20.42014	47.8736448	47.8743814	49.1128285	49.0961119	
20.43223	47.8736448	47.8743814	49.1128285	49.0961119	
20.44234	47.8736448	47.8743814	49.1128285	49.0961119	
20.45245	47.8736448	47.8743814	49.1128285	49.0961119	
20.46262	47.8736448	47.8743814	49.1128285	49.0961119	
20.47277	47.8736448	47.8743814	49.1128285	49.0961119	
20.4829	47.8736448	47.8743814	49.1128285	49.0961119	
20.49299	47.8736448	47.8743814	49.1128285	49.0961119	
20.50317	47.8736448	47.8743814	49.1128285	49.0961119	
20.51331	47.8736448	47.8743814	49.1128285	49.0961119	
20.52344	47.8736448	47.8743814	49.1128285	49.0961119	
20.53355	47.8736448	47.8743814	49.1128285	49.0961119	
20.54379	47.8736448	47.8743814	49.1128285	49.0961119	
20.55381	47.8736448	47.8743814	49.1128285	49.0961119	
20.56398	47.8736448	47.8743814	49.1128285	49.0961119	
20.57408	47.8736448	47.8743814	49.1128285	49.0961119	
20.58422	47.8736448	47.8743814	49.1128285	49.0961119	
20.59432	47.8736448	47.8743814	49.1128285	49.0961119	
20.60445	47.8736448	47.8743814	49.1128285	49.0961119	
20.61459	47.8736448	47.8743814	49.1128285	49.0961119	
20.62472	47.8736448	47.8743814	49.1128285	49.0961119	
20.63483	47.8736448	47.8743814	49.1128285	49.0961119	
20.64511	47.8736448	47.8743814	49.1128285	49.0961119	
20.65518	47.8736448	47.8743814	49.1128285	49.0961119	
20.6653	47.8736448	47.8743814	49.1128285	49.0961119	
20.67539	47.8736448	47.8743814	49.1128285	49.0961119	
20.68585	47.8736448	47.8743814	49.1128285	49.0961119	
20.69574	47.8736448	47.8743814	49.1128285	49.0961119	
20.70579	47.8736448	47.8743814	49.1128285	49.0961119	
20.71592	47.8736448	47.8743814	49.1128285	49.0961119	
20.726	47.8736448	47.8743814	49.1128285	49.0961119	
20.73618	47.8736448	47.8743814	49.1128285	49.0961119	
20.74629	47.8736448	47.8743814	49.1128285	49.0961119	
20.75642	47.8736448	47.8743814	49.1128285	49.0961119	
20.77444	47.8736448	47.8743814	49.1128285	49.0961119	
20.77879	47.8736448	47.8743814	49.1128285	49.0961119	
20.78894	47.8736448	47.8743814	49.1128285	49.0961119	
20.79905	47.8736448	47.8743814	49.1128285	49.0961119	
20.80926	47.8736448	47.8743814	49.1128285	49.0961119	
20.81934	47.8736448	47.8743814	49.1128285	49.0961119	
20.82948	47.8736448	47.8743814	49.1128285	49.0961119	
20.8397	47.8736448	47.8743814	49.1128285	49.0961119	
20.84982	47.8736448	47.8743814	49.1128285	49.0961119	
20.85992	47.8736448	47.8743814	49.1128285	49.0961119	
20.87005	47.8736448	47.8743814	49.1128285	49.0961119	
20.88016	47.8736448	47.8743814	49.1128285	49.0961119	
20.89029	47.8736448	47.8743814	49.1128285	49.0961119	
20.90046	47.8736448	47.8743814	49.1128285	49.0961119	
20.91062	47.8736448	47.8743814	49.1128285	49.0961119	
20.92071	47.8736448	47.8743814	49.1128285	49.0961119	
20.93086	47.8736448	47.8743814	49.1128285	49.0961119	
20.94103	47.8736448	47.8743814	49.1128285	49.0961119	
20.95119	47.8736448	47.8743814	49.1128285	49.0961119	
20.96132	47.8736448	47.8743814	49.1128285	49.0961119	
20.97145	47.8736448	47.8743814	49.1128285	49.0961119	
20.98159	47.8736448	47.8743814	49.1128285	49.0961119	
20.99179	47.8736448	47.8743814	49.1128285	49.0961119	
21.00186	47.8736448	47.8743814	49.1128285	49.0961119	
21.01198	47.8736448	47.8743814	49.1128285	49.0961119	
21.02211	47.8736448	47.8743814	49.1128285	49.0961119	
21.03227	47.8736448	47.8743814	49.1128285	49.0961119	
21.04239	47.8736448	47.8743814	49.1128285	49.0961119	
21.05251	47.8736448	47.8743814	49.1128285	49.0961119	
21.06268	47.8736448	47.8743814	49.1128285	49.0961119	
21.07281	47.8736448	47.8743814	49.1128285	49.0961119	
21.08294	47.8736448	47.8743814	49.1128285	49.0961119	
21.09311	47.8736448	47.8743814	49.1128285	49.0961119	
21.10322	47.8736448	47.8743814	49.1128285	49.0961119	
21.11335	47.8736448	47.8743814	49.1128285	49.0961119	
21.12349	47.8736448	47.8743814	49.1128285	49.0961119	
21.1336	47.8736448	47.8743814	49.1128285	49.0961119	
21.14417	47.8736448	47.8743814	49.1128285	49.0961119	
21.15402	47.8736448	47.8743814	49.1128285	49.0961119	
21.164	47.8736448	47.8743814	49.1128285	49.0961119	
21.17414	47.8736448	47.8743814	49.1128285	49.0961119	
21.18425	47.8736448	47.8743814	49.1128285	49.0961119	
21.19438	47.8736448	47.8743814	49.1128285	49.0961119	
21.2045	47.8736448	47.8743814	49.1128285	49.0961119	
21.21463	47.8736448	47.8743814	49.1128285	49.0961119	
21.22476	47.8736448	47.8743814	49.1128285	49.0961119	
21.23488	47.8736448	47.8743814	49.1128285	49.0961119	
21.24509	47.8736448	47.8743814	49.1128285	49.0961119	
21.2552	47.8736448	47.8743814	49.1128285	49.0961119	
21.26537	47.8736448	47.8743814	49.1128285	49.0961119	
21.27544	47.8736448	47.8743814	49.1128285	49.0961119	
21.2855	47.8736448	47.8743814	49.1128285	49.0961119	
21.29571	47.8736448	47.8743814	49.1128285	49.0961119	
21.30578	47.8736448	47.8743814	49.1128285	49.0961119	
21.31591	47.8736448	47.8743814	49.1128285	49.0961119	
21.32604	47.8736448	47.8743814	49.1128285	49.0961119	
21.33616	47.8736448	47.8743814	49.1128285	49.0961119	
21.34629	47.8736448	47.8743814	49.1128285	49.0961119	
21.35644	47.8736448	47.8743814	49.1128285	49.0961119	
21.37442	47.8736448	47.8743814	49.1128285	49.0961119	
21.37877	47.8736448	47.8743814	49.1128285	49.0961119	
21.38897	47.8736448	47.8743814	49.1128285	49.0961119	
21.39911	47.8736448	47.8743814	49.1128285	49.0961119	
21.4093	47.8736448	47.8743814	49.1128285	49.0961119	
21.42854	47.8736448	47.8743814	49.1128285	49.0961119	
21.43288	47.8736448	47.8743814	49.1128285	49.0961119	
21.44302	47.8736448	47.8743814	49.1128285	49.0961119	
21.45323	47.8736448	47.8743814	49.1128285	49.0961119	
21.46332	47.8736448	47.8743814	49.1128285	49.0961119	
21.47342	47.8736448	47.8743814	49.1128285	49.0961119	
21.48353	47.8736448	47.8743814	49.1128285	49.0961119	
21.49381	47.8736448	47.8743814	49.1128285	49.0961119	
21.50417	47.8736448	47.8743814	49.1128285	49.0961119	
21.51397	47.8736448	47.8743814	49.1128285	49.0961119	
21.52409	47.8736448	47.8743814	49.1128285	49.0961119	
21.53424	47.8736448	47.8743814	49.1128285	49.0961119	
21.54433	47.8736448	47.8743814	49.1128285	49.0961119	
21.55447	47.8736448	47.8743814	49.1128285	49.0961119	
21.56474	47.8736448	47.8743814	49.1128285	49.0961119	
21.57476	47.8736448	47.8743814	49.1128285	49.0961119	
21.58489	47.8736448	47.8743814	49.1128285	49.0961119	
21.59506	47.8736448	47.8743814	49.1128285	49.0961119	
21.60561	47.8736448	47.8743814	49.1128285	49.0961119	
21.61529	47.8736448	47.8743814	49.1128285	49.0961119	
21.62543	47.8736448	47.8743814	49.1128285	49.0961119	
21.63554	47.8736448	47.8743814	49.1128285	49.0961119	
21.64565	47.8736448	47.8743814	49.1128285	49.0961119	
21.65593	47.8736448	47.8743814	49.1128285	49.0961119	
21.6662	47.8736448	47.8743814	49.1128285	49.0961119	
21.67605	47.8736448	47.8743814	49.1128285	49.0961119	
21.68615	47.8736448	47.8743814	49.1128285	49.0961119	
21.69631	47.8736448	47.8743814	49.1128285	49.0961119	
21.70638	47.8736448	47.8743814	49.1128285	49.0961119	
21.72484	47.8736448	47.8743814	49.1128285	49.0961119	
21.72926	47.8736448	47.8743814	49.1128285	49.0961119	
21.73936	47.8736448	47.8743814	49.1128285	49.0961119	
21.7495	47.8736448	47.8743814	49.1128285	49.0961119	
21.75965	47.8736448	47.8743814	49.1128285	49.0961119	
21.76979	47.8736448	47.8743814	49.1128285	49.0961119	
21.77991	47.8736448	47.8743814	49.1128285	49.0961119	
21.79005	47.8736448	47.8743814	49.1128285	49.0961119	
21.80016	47.8736448	47.8743814	49.1128285	49.0961119	
21.81032	47.8736448	47.8743814	49.1128285	49.0961119	
21.82043	47.8736448	47.8743814	49.1128285	49.0961119	
21.83059	47.8736448	47.8743814	49.1128285	49.0961119	
21.84072	47.8736448	47.8743814	49.1128285	49.0961119	
21.851	47.8736448	47.8743814	49.1128285	49.0961119	
21.861	47.8736448	47.8743814	49.1128285	49.0961119	
21.87116	47.8736448	47.8743814	49.1128285	49.0961119	
21.88138	47.8736448	47.8743814	49.1128285	49.0961119	
21.89143	47.8736448	47.8743814	49.1128285	49.0961119	
21.90162	47.8736448	47.8743814	49.1128285	49.0961119	
21.91183	47.8736448	47.8743814	49.1128285	49.0961119	
21.92184	47.8736448	47.8743814	49.1128285	49.0961119	
21.93204	47.8736448	47.8743814	49.1128285	49.0961119	
21.94212	47.8736448	47.8743814	49.1128285	49.0961119	
21.95233	47.8736448	47.8743814	49.1128285	49.0961119	
21.96244	47.8736448	47.8743814	49.1128285	49.0961119	
21.97289	47.8736448	47.8743814	49.1128285	49.0961119	
21.98276	47.8736448	47.8743814	49.1128285	49.0961119	
21.99287	47.8736448	47.8743814	49.1128285	49.0961119	
22.00299	47.8736448	47.8743814	49.1128285	49.0961119	
22.01307	47.8736448	47.8743814	49.1128285	49.0961119	
22.02325	47.8736448	47.8743814	49.1128285	49.0961119	
22.03341	47.8736448	47.8743814	49.1128285	49.0961119	
22.04352	47.8736448	47.8743814	49.1128285	49.0961119	
22.05358	47.8736448	47.8743814	49.1128285	49.0961119	
22.06416	47.8736448	47.8743814	49.1128285	49.0961119	
22.0739	47.8736448	47.8743814	49.1128285	49.0961119	
22.084	47.8736448	47.8743814	49.1128285	49.0961119	
22.09411	47.8736448	47.8743814	49.1128285	49.0961119	
22.10427	47.8736448	47.8743814	49.1128285	49.0961119	
22.11438	47.8736448	47.8743814	49.1128285	49.0961119	
22.12451	47.8736448	47.8743814	49.1128285	49.0961119	
22.13463	47.8736448	47.8743814	49.1128285	49.0961119	
22.14477	47.8736448	47.8743814	49.1128285	49.0961119	
22.15489	47.8736448	47.8743814	49.1128285	49.0961119	
22.16509	47.8736448	47.8743814	49.1128285	49.0961119	
22.17523	47.8736448	47.8743814	49.1128285	49.0961119	
22.1854	47.8736448	47.8743814	49.1128285	49.0961119	
22.19547	47.8736448	47.8743814	49.1128285	49.0961119	
22.20559	47.8736448	47.8743814	49.1128285	49.0961119	
22.21572	47.8736448	47.8743814	49.1128285	49.0961119	
22.22591	47.8736448	47.8743814	49.1128285	49.0961119	
22.23598	47.8736448	47.8743814	49.1128285	49.0961119	
22.2461	47.8736448	47.8743814	49.1128285	49.0961119	
22.25623	47.8736448	47.8743814	49.1128285	49.0961119	
22.2663	47.8736448	47.8743814	49.1128285	49.0961119	
22.27704	47.8736448	47.8743814	49.1128285	49.0961119	
22.28662	47.8736448	47.8743814	49.1128285	49.0961119	
22.29673	47.8736448	47.8743814	49.1128285	49.0961119	
22.30689	47.8736448	47.8743814	49.1128285	49.0961119	
22.31699	47.8736448	47.8743814	49.1128285	49.0961119	
22.32717	47.8736448	47.8743814	49.1128285	49.0961119	
22.33736	47.8736448	47.8743814	49.1128285	49.0961119	
22.34746	47.8736448	47.8743814	49.1128285	49.0961119	
22.35779	47.8736448	47.8743814	49.1128285	49.0961119	
22.36782	47.8736448	47.8743814	49.1128285	49.0961119	
22.37816	47.8736448	47.8743814	49.1128285	49.0961119	
22.38832	47.8736448	47.8743814	49.1128285	49.0961119	
22.3991	47.8736448	47.8743814	49.1128285	49.0961119	
22.40856	47.8736448	47.8743814	49.1128285	49.0961119	
22.41866	47.8736448	47.8743814	49.1128285	49.0961119	
22.4288	47.8736448	47.8743814	49.1128285	49.0961119	
22.43897	47.8736448	47.8743814	49.1128285	49.0961119	
22.44912	47.8736448	47.8743814	49.1128285	49.0961119	
22.45924	47.8736448	47.8743814	49.1128285	49.0961119	
22.46935	47.8736448	47.8743814	49.1128285	49.0961119	
22.47953	47.8736448	47.8743814	49.1128285	49.0961119	
22.48965	47.8736448	47.8743814	49.1128285	49.0961119	
22.49981	47.8736448	47.8743814	49.1128285	49.0961119	
22.50994	47.8736448	47.8743814	49.1128285	49.0961119	
22.52008	47.8736448	47.8743814	49.1128285	49.0961119	
22.53022	47.8736448	47.8743814	49.1128285	49.0961119	
22.54035	47.8736448	47.8743814	49.1128285	49.0961119	
22.55045	47.8736448	47.8743814	49.1128285	49.0961119	
22.56063	47.8736448	47.8743814	49.1128285	49.0961119	
22.5707	47.8736448	47.8743814	49.1128285	49.0961119	
22.58089	47.8736448	47.8743814	49.1128285	49.0961119	
22.59105	47.8736448	47.8743814	49.1128285	49.0961119	
22.60116	47.8736448	47.8743814	49.1128285	49.0961119	
22.61132	47.8736448	47.8743814	49.1128285	49.0961119	
22.62145	47.8736448	47.8743814	49.1128285	49.0961119	
22.63158	47.8736448	47.8743814	49.1128285	49.0961119	
22.64172	47.8736448	47.8743814	49.1128285	49.0961119	
22.65184	47.8736448	47.8743814	49.1128285	49.0961119	
22.66198	47.8736448	47.8743814	49.1128285	49.0961119	
22.67218	47.8736448	47.8743814	49.1128285	49.0961119	
22.68224	47.8736448	47.8743814	49.1128285	49.0961119	
22.69237	47.8736448	47.8743814	49.1128285	49.0961119	
22.7026	47.8736448	47.8743814	49.1128285	49.0961119	
22.71267	47.8736448	47.8743814	49.1128285	49.0961119	
22.72279	47.8736448	47.8743814	49.1128285	49.0961119	
22.73305	47.8736448	47.8743814	49.1128285	49.0961119	
22.74307	47.8736448	47.8743814	49.1128285	49.0961119	
22.75317	47.8736448	47.8743814	49.1128285	49.0961119	
22.76331	47.8736448	47.8743814	49.1128285	49.0961119	
22.77345	47.8736448	47.8743814	49.1128285	49.0961119	
22.78353	47.8736448	47.8743814	49.1128285	49.0961119	
22.79372	47.8736448	47.8743814	49.1128285	49.0961119	
22.80384	47.8736448	47.8743814	49.1128285	49.0961119	
22.81397	47.8736448	47.8743814	49.1128285	49.0961119	
22.82413	47.8736448	47.8743814	49.1128285	49.0961119	
22.83442	47.8736448	47.8743814	49.1128285	49.0961119	
22.84436	47.8736448	47.8743814	49.1128285	49.0961119	
22.85469	47.8736448	47.8743814	49.1128285	49.0961119	
22.86461	47.8736448	47.8743814	49.1128285	49.0961119	
22.87472	47.8736448	47.8743814	49.1128285	49.0961119	
22.88484	47.8736448	47.8743814	49.1128285	49.0961119	
22.90309	47.8736448	47.8743814	49.1128285	49.0961119	
22.90747	47.8736448	47.8743814	49.1128285	49.0961119	
22.91758	47.8736448	47.8743814	49.1128285	49.0961119	
22.92789	47.8736448	47.8743814	49.1128285	49.0961119	
22.93787	47.8736448	47.8743814	49.1128285	49.0961119	
22.948	47.8736448	47.8743814	49.1128285	49.0961119	
22.95814	47.8736448	47.8743814	49.1128285	49.0961119	
22.9687	47.8736448	47.8743814	49.1128285	49.0961119	
22.97879	47.8736448	47.8743814	49.1128285	49.0961119	
22.98893	47.8736448	47.8743814	49.1128285	49.0961119	
22.99907	47.8736448	47.8743814	49.1128285	49.0961119	
23.00922	47.8736448	47.8743814	49.1128285	49.0961119	
23.01934	47.8736448	47.8743814	49.1128285	49.0961119	
23.02949	47.8736448	47.8743814	49.1128285	49.0961119	
23.03962	47.8736448	47.8743814	49.1128285	49.0961119	
23.0497	47.8736448	47.8743814	49.1128285	49.0961119	
23.05986	47.8736448	47.8743814	49.1128285	49.0961119	
23.07001	47.8736448	47.8743814	49.1128285	49.0961119	
23.08023	47.8736448	47.8743814	49.1128285	49.0961119	
23.09029	47.8736448	47.8743814	49.1128285	49.0961119	
23.10045	47.8736448	47.8743814	49.1128285	49.0961119	
23.11061	47.8736448	47.8743814	49.1128285	49.0961119	
23.12073	47.8736448	47.8743814	49.1128285	49.0961119	
23.13086	47.8736448	47.8743814	49.1128285	49.0961119	
23.141	47.8736448	47.8743814	49.1128285	49.0961119	
23.15114	47.8736448	47.8743814	49.1128285	49.0961119	
23.16939	47.8736448	47.8743814	49.1128285	49.0961119	
23.17379	47.8736448	47.8743814	49.1128285	49.0961119	
23.18398	47.8736448	47.8743814	49.1128285	49.0961119	
23.19406	47.8736448	47.8743814	49.1128285	49.0961119	
23.20421	47.8736448	47.8743814	49.1128285	49.0961119	
23.21433	47.8736448	47.8743814	49.1128285	49.0961119	
23.22445	47.8736448	47.8743814	49.1128285	49.0961119	
23.23455	47.8736448	47.8743814	49.1128285	49.0961119	
23.2447	47.8736448	47.8743814	49.1128285	49.0961119	
23.25484	47.8736448	47.8743814	49.1128285	49.0961119	
23.26502	47.8736448	47.8743814	49.1128285	49.0961119	
23.27514	47.8736448	47.8743814	49.1128285	49.0961119	
23.28521	47.8736448	47.8743814	49.1128285	49.0961119	
23.29574	47.8736448	47.8743814	49.1128285	49.0961119	
23.30678	47.8736448	47.8743814	49.1128285	49.0961119	
23.31561	47.8736448	47.8743814	49.1128285	49.0961119	
23.32578	47.8736448	47.8743814	49.1128285	49.0961119	
23.33594	47.8736448	47.8743814	49.1128285	49.0961119	
23.34602	47.8736448	47.8743814	49.1128285	49.0961119	
23.35632	47.8736448	47.8743814	49.1128285	49.0961119	
23.36642	47.8736448	47.8743814	49.1128285	49.0961119	
23.38476	47.8736448	47.8743814	49.1128285	49.0961119	
23.39023	47.8736448	47.8743814	49.1128285	49.0961119	
23.40103	47.8736448	47.8743814	49.1128285	49.0961119	
23.41114	47.8736448	47.8743814	49.1128285	49.0961119	
23.42126	47.8736448	47.8743814	49.1128285	49.0961119	
23.43139	47.8736448	47.8743814	49.1128285	49.0961119	
23.45161	47.8736448	47.8743814	49.1128285	49.0961119	
23.45606	47.8736448	47.8743814	49.1128285	49.0961119	
23.46612	47.8736448	47.8743814	49.1128285	49.0961119	
23.47624	47.8736448	47.8743814	49.1128285	49.0961119	
23.48632	47.8736448	47.8743814	49.1128285	49.0961119	
23.50442	47.8736448	47.8743814	49.1128285	49.0961119	
23.50879	47.8736448	47.8743814	49.1128285	49.0961119	
23.51893	47.8736448	47.8743814	49.1128285	49.0961119	
23.52907	47.8736448	47.8743814	49.1128285	49.0961119	
23.53917	47.8736448	47.8743814	49.1128285	49.0961119	
23.54929	47.8736448	47.8743814	49.1128285	49.0961119	
23.55947	47.8736448	47.8743814	49.1128285	49.0961119	
23.56958	47.8736448	47.8743814	49.1128285	49.0961119	
23.57983	47.8736448	47.8743814	49.1128285	49.0961119	
23.58993	47.8736448	47.8743814	49.1128285	49.0961119	
23.60006	47.8736448	47.8743814	49.1128285	49.0961119	
23.61019	47.8736448	47.8743814	49.1128285	49.0961119	
23.62028	47.8736448	47.8743814	49.1128285	49.0961119	
23.63044	47.8736448	47.8743814	49.1128285	49.0961119	
23.64058	47.8736448	47.8743814	49.1128285	49.0961119	
23.65071	47.8736448	47.8743814	49.1128285	49.0961119	
23.66083	47.8736448	47.8743814	49.1128285	49.0961119	
23.67097	47.8736448	47.8743814	49.1128285	49.0961119	
23.68111	47.8736448	47.8743814	49.1128285	49.0961119	
23.69121	47.8736448	47.8743814	49.1128285	49.0961119	
23.70142	47.8736448	47.8743814	49.1128285	49.0961119	
23.71154	47.8736448	47.8743814	49.1128285	49.0961119	
23.72168	47.8736448	47.8743814	49.1128285	49.0961119	
23.7318	47.8736448	47.8743814	49.1128285	49.0961119	
23.74192	47.8736448	47.8743814	49.1128285	49.0961119	
23.75207	47.8736448	47.8743814	49.1128285	49.0961119	
23.76221	47.8736448	47.8743814	49.1128285	49.0961119	
23.77233	47.8736448	47.8743814	49.1128285	49.0961119	
23.78247	47.8736448	47.8743814	49.1128285	49.0961119	
23.79262	47.8736448	47.8743814	49.1128285	49.0961119	
23.80294	47.8736448	47.8743814	49.1128285	49.0961119	
23.81311	47.8736448	47.8743814	49.1128285	49.0961119	
23.82306	47.8736448	47.8743814	49.1128285	49.0961119	
23.83316	47.8736448	47.8743814	49.1128285	49.0961119	
23.84329	47.8736448	47.8743814	49.1128285	49.0961119	
23.85341	47.8736448	47.8743814	49.1128285	49.0961119	
23.86357	47.8736448	47.8743814	49.1128285	49.0961119	
23.87373	47.8736448	47.8743814	49.1128285	49.0961119	
23.88379	47.8736448	47.8743814	49.1128285	49.0961119	
23.89398	47.8736448	47.8743814	49.1128285	49.0961119	
23.90438	47.8736448	47.8743814	49.1128285	49.0961119	
23.91423	47.8736448	47.8743814	49.1128285	49.0961119	
23.92431	47.8736448	47.8743814	49.1128285	49.0961119	
23.93443	47.8736448	47.8743814	49.1128285	49.0961119	
23.94457	47.8736448	47.8743814	49.1128285	49.0961119	
23.95466	47.8736448	47.8743814	49.1128285	49.0961119	
23.9648	47.8736448	47.8743814	49.1128285	49.0961119	
23.97494	47.8736448	47.8743814	49.1128285	49.0961119	
23.99314	47.8736448	47.8743814	49.1128285	49.0961119	
23.99757	47.8736448	47.8743814	49.1128285	49.0961119	
24.00765	47.8736448	47.8743814	49.1128285	49.0961119	
24.01781	47.8736448	47.8743814	49.1128285	49.0961119	
24.02795	47.8736448	47.8743814	49.1128285	49.0961119	
24.03808	47.8736448	47.8743814	49.1128285	49.0961119	
24.04822	47.8736448	47.8743814	49.1128285	49.0961119	
24.05835	47.8736448	47.8743814	49.1128285	49.0961119	
24.06849	47.8736448	47.8743814	49.1128285	49.0961119	
24.07985	47.8736448	47.8743814	49.1128285	49.0961119	
24.08881	47.8736448	47.8743814	49.1128285	49.0961119	
24.09897	47.8736448	47.8743814	49.1128285	49.0961119	
24.10914	47.8736448	47.8743814	49.1128285	49.0961119	
24.11922	47.8736448	47.8743814	49.1128285	49.0961119	
24.12937	47.8736448	47.8743814	49.1128285	49.0961119	
24.13949	47.8736448	47.8743814	49.1128285	49.0961119	
24.14964	47.8736448	47.8743814	49.1128285	49.0961119	
24.15977	47.8736448	47.8743814	49.1128285	49.0961119	
24.16987	47.8736448	47.8743814	49.1128285	49.0961119	
24.18004	47.8736448	47.8743814	49.1128285	49.0961119	
24.19018	47.8736448	47.8743814	49.1128285	49.0961119	
24.20034	47.8736448	47.8743814	49.1128285	49.0961119	
24.21044	47.8736448	47.8743814	49.1128285	49.0961119	
24.22058	47.8736448	47.8743814	49.1128285	49.0961119	
24.23077	47.8736448	47.8743814	49.1128285	49.0961119	
24.24142	47.8736448	47.8743814	49.1128285	49.0961119	
24.25101	47.8736448	47.8743814	49.1128285	49.0961119	
24.26113	47.8736448	47.8743814	49.1128285	49.0961119	
24.27124	47.8736448	47.8743814	49.1128285	49.0961119	
24.28146	47.8736448	47.8743814	49.1128285	49.0961119	
24.29153	47.8736448	47.8743814	49.1128285	49.0961119	
24.30163	47.8736448	47.8743814	49.1128285	49.0961119	
24.31175	47.8736448	47.8743814	49.1128285	49.0961119	
24.32191	47.8736448	47.8743814	49.1128285	49.0961119	
24.33222	47.8736448	47.8743814	49.1128285	49.0961119	
24.34237	47.8736448	47.8743814	49.1128285	49.0961119	
24.3525	47.8736448	47.8743814	49.1128285	49.0961119	
24.36268	47.8736448	47.8743814	49.1128285	49.0961119	
24.37277	47.8736448	47.8743814	49.1128285	49.0961119	
24.38346	47.8736448	47.8743814	49.1128285	49.0961119	
24.39309	47.8736448	47.8743814	49.1128285	49.0961119	
24.4032	47.8736448	47.8743814	49.1128285	49.0961119	
24.41329	47.8736448	47.8743814	49.1128285	49.0961119	
24.42343	47.8736448	47.8743814	49.1128285	49.0961119	
24.43362	47.8736448	47.8743814	49.1128285	49.0961119	
24.44375	47.8736448	47.8743814	49.1128285	49.0961119	
24.45385	47.8736448	47.8743814	49.1128285	49.0961119	
24.46405	47.8736448	47.8743814	49.1128285	49.0961119	
24.47436	47.8736448	47.8743814	49.1128285	49.0961119	
24.48421	47.8736448	47.8743814	49.1128285	49.0961119	
24.49434	47.8736448	47.8743814	49.1128285	49.0961119	
24.50448	47.8736448	47.8743814	49.1128285	49.0961119	
24.51459	47.8736448	47.8743814	49.1128285	49.0961119	
24.52473	47.8736448	47.8743814	49.1128285	49.0961119	
24.53488	47.8736448	47.8743814	49.1128285	49.0961119	
24.54505	47.8736448	47.8743814	49.1128285	49.0961119	
24.55516	47.8736448	47.8743814	49.1128285	49.0961119	
24.56525	47.8736448	47.8743814	49.1128285	49.0961119	
24.57539	47.8736448	47.8743814	49.1128285	49.0961119	
24.58553	47.8736448	47.8743814	49.1128285	49.0961119	
24.5956	47.8736448	47.8743814	49.1128285	49.0961119	
24.60603	47.8736448	47.8743814	49.1128285	49.0961119	
24.61592	47.8736448	47.8743814	49.1128285	49.0961119	
24.62607	47.8736448	47.8743814	49.1128285	49.0961119	
24.63617	47.8736448	47.8743814	49.1128285	49.0961119	
24.64626	47.8736448	47.8743814	49.1128285	49.0961119	
24.65646	47.8736448	47.8743814	49.1128285	49.0961119	
24.66662	47.8736448	47.8743814	49.1128285	49.0961119	
24.67668	47.8736448	47.8743814	49.1128285	49.0961119	
24.68681	47.8736448	47.8743814	49.1128285	49.0961119	
24.69692	47.8736448	47.8743814	49.1128285	49.0961119	
24.70716	47.8736448	47.8743814	49.1128285	49.0961119	
24.71729	47.8736448	47.8743814	49.1128285	49.0961119	
24.72747	47.8736448	47.8743814	49.1128285	49.0961119	
24.7377	47.8736448	47.8743814	49.1128285	49.0961119	
24.74778	47.8736448	47.8743814	49.1128285	49.0961119	
24.75791	47.8736448	47.8743814	49.1128285	49.0961119	
24.76814	47.8736448	47.8743814	49.1128285	49.0961119	
24.77815	47.8736448	47.8743814	49.1128285	49.0961119	
24.78834	47.8736448	47.8743814	49.1128285	49.0961119	
24.79842	47.8736448	47.8743814	49.1128285	49.0961119	
24.80861	47.8736448	47.8743814	49.1128285	49.0961119	
24.81871	47.8736448	47.8743814	49.1128285	49.0961119	
24.8288	47.8736448	47.8743814	49.1128285	49.0961119	
24.83901	47.8736448	47.8743814	49.1128285	49.0961119	
24.84913	47.8736448	47.8743814	49.1128285	49.0961119	
24.8593	47.8736448	47.8743814	49.1128285	49.0961119	
24.86942	47.8736448	47.8743814	49.1128285	49.0961119	
24.87956	47.8736448	47.8743814	49.1128285	49.0961119	
24.88968	47.8736448	47.8743814	49.1128285	49.0961119	
24.89999	47.8736448	47.8743814	49.1128285	49.0961119	
24.91	47.8736448	47.8743814	49.1128285	49.0961119	
24.92019	47.8736448	47.8743814	49.1128285	49.0961119	
24.93026	47.8736448	47.8743814	49.1128285	49.0961119	
24.94854	47.8736448	47.8743814	49.1128285	49.0961119	
24.95295	47.8736448	47.8743814	49.1128285	49.0961119	
24.96307	47.8736448	47.8743814	49.1128285	49.0961119	
24.9732	47.8736448	47.8743814	49.1128285	49.0961119	
24.9833	47.8736448	47.8743814	49.1128285	49.0961119	
24.99347	47.8736448	47.8743814	49.1128285	49.0961119	
25.00359	47.8736448	47.8743814	49.1128285	49.0961119	
25.01375	47.8736448	47.8743814	49.1128285	49.0961119	
25.02383	47.8736448	47.8743814	49.1128285	49.0961119	
25.03426	47.8736448	47.8743814	49.1128285	49.0961119	
25.04407	47.8736448	47.8743814	49.1128285	49.0961119	
25.05422	47.8736448	47.8743814	49.1128285	49.0961119	
25.06439	47.8736448	47.8743814	49.1128285	49.0961119	
25.07448	47.8736448	47.8743814	49.1128285	49.0961119	
25.08476	47.8736448	47.8743814	49.1128285	49.0961119	
25.09476	47.8736448	47.8743814	49.1128285	49.0961119	
25.10486	47.8736448	47.8743814	49.1128285	49.0961119	
25.11505	47.8736448	47.8743814	49.1128285	49.0961119	
25.12517	47.8736448	47.8743814	49.1128285	49.0961119	
25.13523	47.8736448	47.8743814	49.1128285	49.0961119	
25.14592	47.8736448	47.8743814	49.1128285	49.0961119	
25.1555	47.8736448	47.8743814	49.1128285	49.0961119	
25.16581	47.8736448	47.8743814	49.1128285	49.0961119	
25.17578	47.8736448	47.8743814	49.1128285	49.0961119	
25.18589	47.8736448	47.8743814	49.1128285	49.0961119	
25.19603	47.8736448	47.8743814	49.1128285	49.0961119	
25.20614	47.8736448	47.8743814	49.1128285	49.0961119	
25.21631	47.8736448	47.8743814	49.1128285	49.0961119	
25.2264	47.8736448	47.8743814	49.1128285	49.0961119	
25.23658	47.8736448	47.8743814	49.1128285	49.0961119	
25.24709	47.8736448	47.8743814	49.1128285	49.0961119	
25.25682	47.8736448	47.8743814	49.1128285	49.0961119	
25.26696	47.8736448	47.8743814	49.1128285	49.0961119	
25.27708	47.8736448	47.8743814	49.1128285	49.0961119	
25.2978	47.8736448	47.8743814	49.1128285	49.0961119	
25.30816	47.8736448	47.8743814	49.1128285	49.0961119	
