17.3747	
17.38273	
17.39283	
17.40295	
17.41305	
17.42319	
17.43333	
17.44345	
17.45356	
17.46415	
17.47401	
17.48398	
17.49407	
17.50419	
17.51431	
17.52444	
17.53455	
17.54486	
17.55483	
17.56531	
17.5754	
17.58523	
17.59538	
17.60547	
17.61559	
17.62575	
17.63584	
17.64598	
17.65609	
17.66622	
17.67636	
17.68653	
17.6966	
17.70673	
17.71686	
17.72706	
17.73716	
17.74728	
17.75739	
17.76754	
17.77774	
17.78781	
17.79794	
17.80808	
17.81822	
17.82831	
17.83848	
17.84859	
17.86857	
17.8728	
17.88299	
17.89307	
17.90318	
17.91333	
17.92343	
17.93356	
17.94372	
17.95381	
17.96424	
17.97403	
17.98424	
17.99435	
18.00453	
18.01455	
18.02471	
18.03483	
18.045	
18.05513	
18.06521	
18.07535	
18.08585	
18.09559	
18.10577	
18.11581	
18.12591	
18.13608	
18.1462	
18.15631	
18.1665	
18.17659	
18.1871	
18.19713	
18.20726	
18.2174	
18.22752	
18.23764	
18.24781	
18.25792	
18.26807	
18.27815	
18.28827	
18.29845	
18.30856	
18.3187	
18.32882	
18.33899	
18.34908	
18.35923	
18.36935	
18.37947	
18.38959	
18.39977	
18.40992	
18.42034	
18.43043	
18.44059	
18.45068	
18.4608	
18.47091	
18.48124	
18.49125	
18.50141	
18.51148	
18.5217	
18.53176	
18.54185	
18.55198	
18.56215	
18.57225	
18.58239	
18.59305	
18.60326	
18.61327	
18.62334	
18.63352	
18.65288	
18.65709	
18.66728	
18.67737	
18.68749	
18.69771	
18.7078	
18.71791	
18.72807	
18.74019	
18.7483	
18.75842	
18.76853	
18.77869	
18.78879	
18.79891	
18.80912	
18.81924	
18.82939	
18.8395	
18.84969	
18.85981	
18.86995	
18.88008	
18.89023	
18.90043	
18.9105	
18.92065	
18.93077	
18.9409	
18.951	
18.96115	
18.9713	
18.98158	
18.99152	
19.0017	
19.01175	
19.0219	
19.03202	
19.04218	
19.05228	
19.0624	
19.07256	
19.08266	
19.09279	
19.1029	
19.11302	
19.12321	
19.13344	
19.14355	
19.15374	
19.16381	
19.17393	
19.18404	
19.19418	
19.20429	
19.21444	
19.22457	
19.23467	
19.24479	
19.25489	
19.27473	29.167998	29.1644518	29.3250776	29.3215314	
19.27912	29.1686929	29.1644518	29.3257725	29.3215314	
19.28923	29.1710808	29.1644518	29.3281605	29.3215314	
19.29937	29.1740953	29.1644518	29.3311749	29.3215314	
19.30955	29.1777469	29.1644518	29.3348265	29.3215314	
19.3197	29.182002	29.1644518	29.3390816	29.3302581	
19.32989	29.1869001	29.1644518	29.3439798	29.3302581	
19.33997	29.1923456	29.1644518	29.3494253	29.3389847	
19.35009	29.1984331	29.1644518	29.3555127	29.3389847	
19.36021	29.2051357	29.1731784	29.3622154	29.3389847	
19.37037	29.2124856	29.1731784	29.3695652	29.3477114	
19.38056	29.2204882	29.1731784	29.3775678	29.356438	
19.39066	29.2290138	29.1731784	29.3860934	29.3651647	
19.4008	29.2382021	29.1731784	29.3952818	29.3738913	
19.41091	29.2479782	29.1731784	29.4050578	29.3738913	
19.42143	29.2588236	29.1731784	29.4159032	29.382618	
19.43122	29.2694584	29.1731784	29.4265381	29.3913446	
19.44134	29.2810916	29.1731784	29.4381713	29.4087979	
19.45147	29.293345	29.1731784	29.4504247	29.4087979	
19.46155	29.3061485	29.1731784	29.4632282	29.4262512	
19.47172	29.3196968	29.1731784	29.4767764	29.4349778	
19.48246	29.3347091	29.1731784	29.4917887	29.4437045	
19.49202	29.3485776	29.1731784	29.5056572	29.4611578	
19.50214	29.3638898	29.1819051	29.5209694	29.4698844	
19.51223	29.3797775	29.1819051	29.5368572	29.4786111	
19.5227	29.3969317	29.1819051	29.5540113	29.4960644	
19.53278	29.414036	29.1906317	29.5711156	29.504791	
19.5429	29.4318437	29.1993584	29.5889233	29.5222443	
19.55299	29.450198	29.208085	29.6072777	29.5396976	
19.56316	29.4693151	29.2168117	29.6263947	29.5484242	
19.57328	29.4889407	29.234265	29.6460203	29.5658775	
19.58347	29.5093767	29.2429916	29.6664563	29.5833308	
19.59364	29.5303494	29.2604449	29.687429	29.6095108	
19.60373	29.551754	29.2778982	29.7088336	29.6269641	
19.61415	29.5745564	29.2866248	29.731636	29.653144	
19.62396	29.596564	29.3040781	29.7536437	29.6705973	
19.63406	29.6198406	29.3215314	29.7769203	29.6967772	
19.64561	29.6473375	29.3389847	29.8044171	29.7229572	
19.65429	29.6683421	29.356438	29.8254217	29.7491371	
19.66443	29.6935564	29.382618	29.8506361	29.775317	
19.67454	29.7193397	29.4087979	29.8764194	29.7927703	
19.68499	29.7466401	29.4262512	29.9037197	29.8276769	
19.69484	29.7729075	29.4611578	29.9299872	29.8538569	
19.70502	29.8007148	29.4786111	29.9577945	29.8800368	
19.71515	29.8290028	29.504791	29.9860824	29.8974901	
19.72581	29.8594783	29.5309709	30.0165579	29.9323967	
19.74343	29.9120772	29.5658775	30.0691568	29.9585766	
19.74817	29.9261616	29.6007841	30.0832413	29.9934832	
19.75793	29.9558806	29.6269641	30.1129602	30.0196631	
19.76804	29.9873243	29.653144	30.1444039	30.0545697	
19.77936	30.0233569	29.6880506	30.1804365	30.0807497	
19.78836	30.0523845	29.7142305	30.2094641	30.1069296	
19.79848	30.085685	29.7491371	30.2427646	30.1418362	
19.80863	30.1197131	29.775317	30.2767928	30.1767428	
19.81872	30.154142	29.8102236	30.3112216	30.2116494	
19.82884	30.1893097	29.8451302	30.3463893	30.2465559	
19.84894	30.2621788	29.9149434	30.4192584	30.3163691	
19.85331	30.2779157	29.9323967	30.4349953	30.3338224	
19.86343	30.3151921	29.9673033	30.4722717	30.368729	
19.87354	30.3530069	30.0022098	30.5100866	30.4036356	
19.88375	30.3918434	30.0371164	30.548923	30.4385422	
19.89389	30.4310481	30.072023	30.5881278	30.4734487	
19.90404	30.4708985	30.1069296	30.6279782	30.517082	
19.91421	30.5114326	30.1505628	30.6685122	30.5607152	
19.92439	30.5526449	30.1854694	30.7097245	30.5956218	
19.93445	30.5939417	30.220376	30.7510213	30.6305284	
19.9446	30.6362795	30.2640092	30.7933591	30.6741616	
19.95469	30.6789164	30.2989158	30.8359961	30.7177948	
19.9648	30.7223034	30.3338224	30.8793831	30.7614281	
19.97491	30.7663086	30.3774556	30.9233882	30.8050613	
19.98522	30.811806	30.4210889	30.9688856	30.8399679	
19.99536	30.8571375	30.4559954	31.0142171	30.8836011	
20.00538	30.9025673	30.4996287	31.0596469	30.9272343	
20.01547	30.9489041	30.5432619	31.1059838	30.9795942	
20.02591	30.9975514	30.5781685	31.154631	31.0145008	
20.03577	31.0440304	30.6130751	31.2011101	31.0668607	
20.04591	31.092484	30.665435	31.2495636	31.1104939	
20.05602	31.1413628	30.7003415	31.2984424	31.1541271	
20.06612	31.1907994	30.7439748	31.347879	31.206487	
20.07627	31.2411806	30.787608	31.3982602	31.2588469	
20.08651	31.2925798	30.8399679	31.4496594	31.3024801	
20.09666	31.3441527	30.8836011	31.5012324	31.35484	
20.10678	31.3961502	30.9272343	31.5532298	31.3984732	
20.11688	31.448703	30.9708676	31.6057827	31.4508331	
20.12711	31.5025964	31.0145008	31.6596761	31.503193	
20.13727	31.5566638	31.0668607	31.7137434	31.5555529	
20.14745	31.6114976	31.1104939	31.7685772	31.6079128	
20.15753	31.6663995	31.1541271	31.8234792	31.6602726	
20.16782	31.7230759	31.206487	31.8801555	31.7126325	
20.17789	31.779159	31.2588469	31.9362386	31.773719	
20.18801	31.8361139	31.3112068	31.9931936	31.8260789	
20.19815	31.8938276	31.3635667	32.0509072	31.8871654	
20.20826	31.9519658	31.4071999	32.1090454	31.9395253	
20.21838	32.0107468	31.4595598	32.1678264	32.0006118	
20.22856	32.0705233	31.5119196	32.2276029	32.0616984	
20.23909	32.1330796	31.5642795	32.2901593	32.1140582	
20.24884	32.1914624	31.625366	32.3485421	32.1751448	
20.25893	32.252546	31.6777259	32.4096256	32.2362313	
20.26911	32.3148237	31.7300858	32.4719033	32.2973178	
20.27922	32.3772723	31.7824457	32.5343519	32.3584043	
20.2894	32.4407773	31.8348056	32.5978569	32.4107642	
20.29953	32.5045591	31.8958921	32.6616387	32.4805774	
20.30969	32.5691756	31.9569786	32.7262552	32.5329373	
20.31981	32.6341511	32.0093385	32.7912307	32.5940238	
20.32997	32.6999975	32.070425	32.8570772	32.6551103	
20.34012	32.7663837	32.1315115	32.9234633	32.7161968	
20.35023	32.8331067	32.1838714	32.9901863	32.7772834	
20.36036	32.9006315	32.2536846	33.0577111	32.8383699	
20.37049	32.9687317	32.3147711	33.1258113	32.8994564	
20.3806	33.0373304	32.3758576	33.19441	32.9605429	
20.3908	33.1072084	32.4369441	33.2642881	33.0216294	
20.40093	33.1771447	32.4980307	33.3342244	33.082716	
20.41112	33.2481763	32.5678438	33.4052559	33.1438025	
20.42153	33.3213912	32.6289304	33.4784708	33.2136157	
20.43148	33.3919094	32.6987435	33.548989	33.2747022	
20.4417	33.4650198	32.7598301	33.6220994	33.3357887	
20.45179	33.5376982	32.8296432	33.6947778	33.3968752	
20.46217	33.6132399	32.8907298	33.7703195	33.4579618	
20.47238	33.6881953	32.9605429	33.8452749	33.5190483	
20.48239	33.7622348	33.0303561	33.9193144	33.5801348	
20.49247	33.8373813	33.1001693	33.994461	33.6412213	
20.50289	33.91574	33.1699824	34.0728196	33.7023079	
20.51273	33.9902478	33.2397956	34.1473274	33.7633944	
20.52293	34.0681563	33.3183354	34.2252359	33.8244809	
20.53305	34.1461046	33.3881486	34.3031842	33.8942941	
20.54318	34.2246757	33.4579618	34.3817553	33.946654	
20.55332	34.3039964	33.5365016	34.461076	34.0164671	
20.56384	34.3869494	33.6150414	34.544029	34.0775536	
20.57394	34.4671738	33.6848546	34.6242535	34.1386402	
20.58416	34.5490222	33.7633944	34.7061019	34.1997267	
20.59407	34.6289772	33.8419342	34.7860569	34.2608132	
20.60413	34.7106474	33.920474	34.867727	34.3306264	
20.61451	34.7956559	33.9990138	34.9527355	34.3917129	
20.63249	34.9452664	34.0775536	35.102346	34.4527994	
20.63807	34.9916269	34.191	35.1487065	34.5400659	
20.65741	35.1556007	34.3480797	35.3126804	34.6535123	
20.66257	35.199169	34.3829863	35.3562487	34.6796922	
20.67281	35.2866781	34.4702527	35.4437577	34.7495054	
20.68314	35.3755302	34.5575192	35.5326099	34.8105919	
20.69342	35.4645937	34.6447857	35.6216734	34.8716785	
20.70347	35.5522026	34.7320521	35.7092822	34.932765	
20.71373	35.6422982	34.8193186	35.7993778	34.9938515	
20.72395	35.7327301	34.906585	35.8898098	35.0636647	
20.73415	35.8235103	34.9938515	35.9805899	35.1247512	
20.74412	35.9129484	35.081118	36.0700281	35.1858377	
20.75423	36.0042235	35.1683844	36.1613031	35.2469242	
20.76414	36.0942034	35.2556509	36.2512831	35.3080108	
20.77458	36.18977	35.351644	36.3468497	35.3778239	
20.78447	36.2808569	35.4476371	36.4379366	35.4389105	
20.79496	36.3780353	35.5349036	36.5351149	35.499997	
20.80477	36.4695687	35.62217	36.6266483	35.5610835	
20.8149	36.564713	35.7094365	36.7217926	35.62217	
20.83303	36.7374372	35.8054296	36.8945169	35.6919832	
20.83819	36.786393	35.9276027	36.9434726	35.770523	
20.8484	36.8844207	36.0235958	37.0415003	35.8316095	
20.85855	36.9822857	36.1195889	37.1393654	35.8926961	
20.86876	37.0815226	36.2068553	37.2386023	35.9537826	
20.87913	37.1829153	36.3028484	37.3399949	36.0235958	
20.89712	37.361199	36.3988416	37.5182786	36.0846823	
20.90276	37.4170088	36.5297412	37.5740884	36.1719487	
20.91291	37.5182611	36.6257344	37.6753407	36.2330353	
20.92335	37.6231003	36.7217275	37.7801799	36.2941218	
20.93318	37.7224571	36.8264472	37.8795367	36.3552083	
20.94339	37.8261565	36.9224403	37.9832361	36.4162948	
20.95384	37.9329877	37.0184334	38.0900673	36.4773814	
20.9718	38.1189589	37.1231532	38.2760386	36.5471945	
20.97697	38.172458	37.2453262	38.3295376	36.6257344	
20.98742	38.2814256	37.350046	38.4385053	36.6868209	
20.99757	38.3879061	37.4547657	38.5449858	36.7479074	
21.00797	38.4976549	37.5507589	38.6547346	36.8089939	
21.01796	38.603601	37.6554786	38.7606807	36.8788071	
21.02829	38.7138044	37.7514717	38.870884	36.9398936	
21.03834	38.8216819	37.8561915	38.9787615	37.0009801	
21.04874	38.9339646	37.9609112	39.0910442	37.0620667	
21.05856	39.0405045	38.065631	39.1975841	37.1231532	
21.06895	39.153895	38.1616241	39.3109747	37.1842397	
21.07883	39.260534	38.2663438	39.4176137	37.2453262	
21.08928	39.3727383	38.3710636	39.5298179	37.3064128	
21.09919	39.4786021	38.48451	39.6356818	37.3674993	
21.10936	39.586474	38.5805031	39.7435536	37.4373125	
21.11954	39.6939547	38.6939495	39.8510343	37.498399	
21.12975	39.8010406	38.7986693	39.9581202	37.5594855	
21.14016	39.9097237	38.903389	40.0668033	37.6118454	
21.15	40.0117697	39.0081088	40.1688493	37.6816586	
21.1683	40.1992889	39.1128285	40.3563685	37.7427451	
21.17348	40.2522955	39.2524549	40.4093751	37.8212849	
21.1841	40.3603708	39.3571746	40.5174504	37.8823714	
21.19488	40.4693809	39.470621	40.6264605	37.9434579	
21.21218	40.6420802	39.5753408	40.7991599	38.0045445	
21.21739	40.6940837	39.7236938	40.8511633	38.0830843	
21.22759	40.7952663	39.8284135	40.9523459	38.1441708	
21.23777	40.8955894	39.9418599	41.052669	38.2052573	
21.24824	40.9981723	40.0553063	41.1552519	38.2663438	
21.25839	41.0969059	40.1600261	41.2539855	38.3187037	
21.27697	41.275292	40.360739	41.4323716	38.4321501	
21.28214	41.3249011	40.4218255	41.4819807	38.4583301	
21.29229	41.4217551	40.5265452	41.5788347	38.5194166	
21.30281	41.5213859	40.631265	41.6784656	38.5805031	
21.31269	41.6144257	40.7359847	41.7715054	38.6415896	
21.32307	41.7114651	40.8581578	41.8685447	38.6939495	
21.33303	41.804059	40.9628775	41.9611386	38.755036	
21.34342	41.8999068	41.0675973	42.0569865	38.8161226	
21.36136	42.0632684	41.1723171	42.220348	38.8684824	
21.36714	42.1158576	41.32067	42.2729372	38.9557489	
21.37699	42.2048039	41.4253898	42.3618836	39.0081088	
21.38746	42.2987396	41.5301096	42.4558192	39.077922	
21.39847	42.3968217	41.6348293	42.5539014	39.1302818	
21.40758	42.4775376	41.7395491	42.6346173	39.1826417	
21.41804	42.5694869	41.8442688	42.7265666	39.2437282	
21.42782	42.6548881	41.9402619	42.8119677	39.3048148	
21.43804	42.7435293	42.0449817	42.9006089	39.3571746	
21.44853	42.8338123	42.1497014	42.9908919	39.4182612	
21.4584	42.9182854	42.2544212	43.075365	39.4793477	
21.46852	43.0042598	42.3504143	43.1613394	39.5317076	
21.47863	43.0895132	42.4464074	43.2465929	39.5927941	
21.48918	43.1778495	42.5511272	43.3349291	39.6538806	
21.4999	43.2668434	42.6471203	43.423923	39.7062405	
21.50908	43.3426309	42.7431134	43.4997105	39.767327	
21.51923	43.4258164	42.8391065	43.5828961	39.8196869	
21.52941	43.5085717	42.9350996	43.6656513	39.8807734	
21.53956	43.5905494	43.0398194	43.747629	39.9418599	
21.54969	43.671793	43.1270858	43.8288727	39.9942198	
21.55982	43.7523606	43.2143523	43.9094402	40.0553063	
21.57011	43.8335884	43.3103454	43.990668	40.1076662	
21.5802	43.9126669	43.4063385	44.0697465	40.1600261	
21.5906	43.99352	43.493605	44.1505996	40.2211126	
21.6012	44.0753055	43.5808714	44.2323851	40.2734725	
21.61874	44.2083711	43.7379511	44.3654507	40.3781922	
21.6239	44.2474826	43.7815843	44.4045622	40.4043722	
21.63439	44.3264171	43.8688507	44.4834967	40.4654587	
21.64423	44.3997592	43.9561172	44.5568389	40.5178186	
21.65472	44.4773201	44.034657	44.6343997	40.5789051	
21.66457	44.5496536	44.1219235	44.7067332	40.631265	
21.67469	44.6233002	44.2004633	44.7803798	40.6836249	
21.69345	44.7573653	44.2877298	44.9144449	40.7447114	
21.69863	44.7943193	44.3924495	44.9513989	40.8232512	
21.70883	44.8665762	44.4709893	45.0236558	40.8756111	
21.71898	44.9377702	44.5495292	45.0948498	40.927971	
21.72946	45.0106943	44.628069	45.167774	40.9890575	
21.73929	45.078561	44.7066088	45.2356407	41.050144	
21.74943	45.1478652	44.7851486	45.3049448	41.1025039	
21.75962	45.217048	44.8549618	45.3741276	41.1635904	
21.77002	45.2868786	44.9247749	45.4439583	41.2159503	
21.77995	45.3529738	44.9945881	45.5100535	41.2770368	
21.79031	45.4214148	45.0644013	45.5784944	41.3293967	
21.80021	45.4861341	45.1429411	45.6432138	41.3904832	
21.81079	45.5547019	45.2040276	45.7117815	41.4515697	
21.82089	45.6195308	45.2825674	45.7766104	41.5039296	
21.83067	45.681791	45.343654	45.8388706	41.5562895	
21.85065	45.8060365	45.4832803	45.9631161	41.6784625	
21.85581	45.8381162	45.5181869	45.9951959	41.7046425	
21.8663	45.9027171	45.5880001	46.0597967	41.765729	
21.87614	45.9627145	45.6578132	46.1197942	41.8180889	
21.88628	46.0239356	45.7188998	46.1810153	41.8704488	
21.89641	46.0844659	45.7887129	46.2415455	41.9402619	
21.90805	46.1532068	45.8585261	46.3102865	42.0013484	
21.91856	46.2146686	45.9196126	46.3717482	42.062435	
21.92836	46.2714199	45.9894258	46.4284995	42.1147949	
21.93856	46.3299007	46.0505123	46.4869803	42.1758814	
21.94869	46.3872975	46.1115988	46.5443772	42.2282413	
21.95891	46.4446805	46.1726854	46.6017601	42.2893278	
21.96904	46.5008836	46.2337719	46.6579632	42.3416877	
21.97925	46.5569846	46.2948584	46.7140642	42.4027742	
21.9893	46.6116204	46.3559449	46.7687	42.4638607	
21.99953	46.6665903	46.4170315	46.8236699	42.5162206	
22.00963	46.720238	46.478118	46.8773176	42.5685805	
22.01998	46.774618	46.5304779	46.9316976	42.6209403	
22.03029	46.8282191	46.5915644	46.9852988	42.6733002	
22.04008	46.8785078	46.6526509	47.0355874	42.7343867	
22.05065	46.9321582	46.7050108	47.0892378	42.7867466	
22.06043	46.9812096	46.7573707	47.1382892	42.8478331	
22.07089	47.0330744	46.8184572	47.1901541	42.900193	
22.08095	47.0823391	46.8708171	47.2394187	42.9525529	
22.09091	47.1305625	46.9231769	47.2876421	43.0136394	
22.10104	47.1790148	46.9755368	47.3360945	43.0659993	
22.11156	47.228832	47.0278967	47.3859116	43.1270858	
22.1214	47.2745344	47.0802566	47.431614	43.1794457	
22.13163	47.321602	47.1326165	47.4786817	43.2318056	
22.14203	47.3688935	47.1849763	47.5259731	43.2841654	
22.15185	47.4129122	47.2373362	47.5699918	43.3365253	
22.16239	47.4595414	47.2809694	47.6166211	43.3976119	
22.17215	47.5021628	47.3333293	47.6592424	43.4412451	
22.18235	47.5461522	47.3856892	47.7032318	43.5023316	
22.19244	47.5890196	47.4293224	47.7460992	43.5546915	
22.20267	47.6318865	47.4816823	47.7889661	43.615778	
22.21282	47.673814	47.5253155	47.8308936	43.6681379	
22.22298	47.7151954	47.5776754	47.872275	43.7204978	
22.24119	47.7870148	47.612582	47.9440945	43.7728576	
22.24637	47.8074532	47.6823952	47.9645329	43.8426708	
22.25676	47.8477325	47.7173017	48.0048122	43.8950307	
22.26738	47.88825	47.760935	48.0453297	43.9473906	
22.27682	47.9237505	47.8045682	48.0808302	43.9997504	
22.28717	47.9620353	47.8482014	48.1191149	44.0521103	
22.29713	47.9983149	47.8918347	48.1553946	44.1044702	
22.30727	48.0346335	47.9354679	48.1917132	44.1568301	
22.31775	48.0715646	47.9791011	48.2286442	44.20919	
22.33577	48.1327944	48.0227344	48.289874	44.2615498	
22.34089	48.1502121	48.0663676	48.3072917	44.331363	
22.35128	48.1848151	48.1100008	48.3418948	44.3837229	
22.36124	48.2173922	48.1536341	48.3744718	44.4448094	
22.37164	48.2508373	48.1885406	48.407917	44.4884426	
22.38155	48.2820919	48.2234472	48.4391715	44.5495292	
22.39169	48.313515	48.2670805	48.4705947	44.601889	
22.40186	48.344421	48.301987	48.5015006	44.6542489	
22.4129	48.3772557	48.3368936	48.5343354	44.7066088	
22.42215	48.4043106	48.3805269	48.5613902	44.7589687	
22.43235	48.4335098	48.4154335	48.5905895	44.8113285	
22.44258	48.4622066	48.45034	48.6192862	44.8724151	
22.45286	48.490794	48.47652	48.6478736	44.9247749	
22.46282	48.5172606	48.5114266	48.6743402	44.9771348	
22.47293	48.5438783	48.5376065	48.7009579	45.0294947	
22.48313	48.5701292	48.5725131	48.7272088	45.0818546	
22.49327	48.5956515	48.6074197	48.7527311	45.1342145	
22.50338	48.6205265	48.6335996	48.7776061	45.195301	
22.51418	48.6463854	48.6597795	48.803465	45.2476609	
22.52375	48.6688207	48.6946861	48.8259004	45.3000207	
22.54199	48.709266	48.7208661	48.8663456	45.3611073	
22.54719	48.7208152	48.7557727	48.8778948	45.4309204	
22.55761	48.7432429	48.7819526	48.9003225	45.4832803	
22.56757	48.7640997	48.8081325	48.9211794	45.5356402	
22.57768	48.7847157	48.8343125	48.9417953	45.5880001	
22.58783	48.804823	48.8604924	48.9619027	45.6403599	
22.59801	48.8244131	48.8866723	48.9814927	45.7014465	
22.60813	48.8433066	48.9128523	49.0003863	45.7538063	
22.61836	48.861835	48.9390322	49.0189146	45.8061662	
22.62847	48.8795666	48.9652122	49.0366463	45.8585261	
22.63871	48.8969339	48.9826655	49.0540135	45.9196126	
22.64944	48.9147613	49.0088454	49.0718409	45.9719725	
22.65903	48.9296921	49.0262987	49.0867718	46.0243324	
22.66946	48.9456108	49.0524786	49.1026904	46.0766923	
22.67931	48.9601153	49.0786586	49.1171949	46.1290521	
22.68986	48.975024	49.0961119	49.1321036	46.1901387	
22.69969	48.9884065	49.1222918	49.1454861	46.2424985	
22.71018	49.0020656	49.1397451	49.1591452	46.3035851	
22.72	49.0143407	49.165925	49.1714204	46.3559449	
22.73023	49.0265543	49.1833783	49.183634	46.4083048	
22.74032	49.0380485	49.2008316	49.1951281	46.4606647	
22.75069	49.0492844	49.2182849	49.206364	46.5130246	
22.76061	49.0595184	49.2444648	49.216598	46.5741111	
22.77095	49.0696031	49.2531915	49.2266828	46.626471	
22.7809	49.0787928	49.2706448	49.2358725	46.6788308	
22.79108	49.0876477	49.2880981	49.2447274	46.7311907	
22.80122	49.0959297	49.2968247	49.2530093	46.7922772	
22.81163	49.1038675	49.3055514	49.2609471	46.8446371	
22.82155	49.1109354	49.3230047	49.268015	46.896997	
22.83171	49.1176483	49.3230047	49.2747279	46.9580835	
22.84221	49.1240226	49.3317313	49.2811022	47.0104434	
22.85194	49.129482	49.3317313	49.2865616	47.0715299	
22.86249	49.1348413	49.340458	49.291921	47.1238898	
22.87228	49.1393733	49.340458	49.2964529	47.1762497	
22.88281	49.1437147	49.340458	49.3007943	47.2286096	
22.8926	49.147328	49.340458	49.3044077	47.2809694	
22.90321	49.1507304	49.340458	49.30781	47.342056	
22.91339	49.1535628	49.340458	49.3106424	47.3944158	
22.92394	49.1560412	49.340458	49.3131208	47.4555024	
22.93373	49.1579902	49.340458	49.3150699	47.5078622	
22.94383	49.1596303	49.340458	49.3167099	47.5602221	
22.95444	49.1644518	49.340458	49.3215314	47.612582	
22.96412	49.1644518	49.340458	49.3215314	47.6736685	
22.97458	49.1644518	49.340458	49.3215314	47.7260284	
22.98442	49.1644518	49.340458	49.3215314	47.7783883	
22.99485	49.1644518	49.340458	49.3215314	47.8394748	
23.00473	49.1644518	49.340458	49.3215314	47.8918347	
23.01527	49.1644518	49.340458	49.3215314	47.9441946	
23.03309	49.1644518	49.340458	49.3215314	48.0052811	
23.03832	49.1644518	49.340458	49.3215314	48.0750942	
23.04846	49.1644518	49.340458	49.3215314	48.1361808	
23.05867	49.1644518	49.340458	49.3215314	48.1885406	
23.07691	49.1644518	49.340458	49.3215314	48.2409005	
23.08213	49.1644518	49.340458	49.3215314	48.3194403	
23.09224	49.1644518	49.340458	49.3215314	48.3718002	
23.10231	49.1644518	49.340458	49.3215314	48.4241601	
23.1125	49.1644518	49.340458	49.3215314	48.4852466	
23.12279	49.1644518	49.340458	49.3215314	48.5376065	
23.13295	49.1644518	49.340458	49.3215314	48.5899664	
23.1433	49.1644518	49.340458	49.3215314	48.6423263	
23.15321	49.1644518	49.340458	49.3215314	48.7034128	
23.16335	49.1644518	49.340458	49.3215314	48.7557727	
23.17374	49.1644518	49.340458	49.3215314	48.8081325	
23.18376	49.1644518	49.340458	49.3215314	48.8604924	
23.19418	49.1644518	49.340458	49.3215314	48.9128523	
23.20426	49.1644518	49.340458	49.3215314	48.9652122	
23.21435	49.1644518	49.340458	49.3215314	49.0262987	
23.22429	49.1644518	49.340458	49.3215314	49.0786586	
23.23453	49.1644518	49.340458	49.3215314	49.1310184	
23.24454	49.1644518	49.340458	49.3215314	49.1833783	
23.25468	49.1644518	49.340458	49.3215314	49.2357382	
23.26483	49.1644518	49.340458	49.3215314	49.2880981	
23.27504	49.1644518	49.340458	49.3215314	49.3317313	
23.28521	49.1644518	49.340458	49.3215314	49.3666379	
23.29529	49.1644518	49.340458	49.3215314	49.3928178	
23.30575	49.1644518	49.340458	49.3215314	49.4102711	
23.31555	49.1644518	49.340458	49.3215314	49.4277244	
23.3257	49.1644518	49.340458	49.3215314	49.4277244	
23.33584	49.1644518	49.340458	49.3215314	49.4277244	
23.34592	49.1644518	49.340458	49.3215314	49.4189978	
23.35607	49.1644518	49.340458	49.3215314	49.4102711	
23.36619	49.1644518	49.340458	49.3215314	49.3928178	
23.37632	49.1644518	49.340458	49.3215314	49.3753645	
23.38655	49.1644518	49.340458	49.3215314	49.3579112	
23.3966	49.1644518	49.340458	49.3215314	49.340458	
23.40705	49.1644518	49.340458	49.3215314	49.3230047	
23.41714	49.1644518	49.340458	49.3215314	49.3055514	
23.42731	49.1644518	49.340458	49.3215314	49.3055514	
23.43746	49.1644518	49.340458	49.3215314	49.2968247	
23.44755	49.1644518	49.340458	49.3215314	49.2968247	
23.45775	49.1644518	49.340458	49.3215314	49.2968247	
23.46787	49.1644518	49.340458	49.3215314	49.3055514	
23.478	49.1644518	49.340458	49.3215314	49.3055514	
23.48817	49.1644518	49.340458	49.3215314	49.3055514	
23.49829	49.1644518	49.340458	49.3215314	49.3055514	
23.50838	49.1644518	49.340458	49.3215314	49.314278	
23.51856	49.1644518	49.340458	49.3215314	49.314278	
23.52878	49.1644518	49.340458	49.3215314	49.314278	
23.53892	49.1644518	49.340458	49.3215314	49.314278	
23.54899	49.1644518	49.340458	49.3215314	49.314278	
23.55911	49.1644518	49.340458	49.3215314	49.314278	
23.56929	49.1644518	49.340458	49.3215314	49.314278	
23.57943	49.1644518	49.340458	49.3215314	49.3055514	
23.58954	49.1644518	49.340458	49.3215314	49.3055514	
23.59969	49.1644518	49.340458	49.3215314	49.3055514	
23.60979	49.1644518	49.340458	49.3215314	49.3055514	
23.62006	49.1644518	49.340458	49.3215314	49.3055514	
23.63023	49.1644518	49.340458	49.3215314	49.3055514	
23.64038	49.1644518	49.340458	49.3215314	49.3055514	
23.65055	49.1644518	49.340458	49.3215314	49.3055514	
23.66062	49.1644518	49.340458	49.3215314	49.3055514	
23.67081	49.1644518	49.340458	49.3215314	49.3055514	
23.68097	49.1644518	49.340458	49.3215314	49.3055514	
23.69108	49.1644518	49.340458	49.3215314	49.3055514	
23.7012	49.1644518	49.340458	49.3215314	49.3055514	
23.71129	49.1644518	49.340458	49.3215314	49.3055514	
23.72148	49.1644518	49.340458	49.3215314	49.3055514	
23.73172	49.1644518	49.340458	49.3215314	49.3055514	
23.74373	49.1644518	49.340458	49.3215314	49.3055514	
23.75377	49.1644518	49.340458	49.3215314	49.3055514	
23.76394	49.1644518	49.340458	49.3215314	49.3055514	
23.77434	49.1644518	49.340458	49.3215314	49.3055514	
23.78415	49.1644518	49.340458	49.3215314	49.3055514	
23.79434	49.1644518	49.340458	49.3215314	49.3055514	
23.80439	49.1644518	49.340458	49.3215314	49.3055514	
23.8145	49.1644518	49.340458	49.3215314	49.3055514	
23.82466	49.1644518	49.340458	49.3215314	49.3055514	
23.83688	49.1644518	49.340458	49.3215314	49.3055514	
23.84503	49.1644518	49.340458	49.3215314	49.3055514	
23.85514	49.1644518	49.340458	49.3215314	49.3055514	
23.86521	49.1644518	49.340458	49.3215314	49.3055514	
23.87576	49.1644518	49.340458	49.3215314	49.3055514	
23.88546	49.1644518	49.340458	49.3215314	49.3055514	
23.89556	49.1644518	49.340458	49.3215314	49.3055514	
23.90574	49.1644518	49.340458	49.3215314	49.3055514	
23.91584	49.1644518	49.340458	49.3215314	49.3055514	
23.92604	49.1644518	49.340458	49.3215314	49.3055514	
23.93621	49.1644518	49.340458	49.3215314	49.3055514	
23.94639	49.1644518	49.340458	49.3215314	49.3055514	
23.95648	49.1644518	49.340458	49.3215314	49.3055514	
23.96656	49.1644518	49.340458	49.3215314	49.3055514	
23.97705	49.1644518	49.340458	49.3215314	49.3055514	
23.9871	49.1644518	49.340458	49.3215314	49.3055514	
23.99723	49.1644518	49.340458	49.3215314	49.3055514	
24.00733	49.1644518	49.340458	49.3215314	49.3055514	
24.01745	49.1644518	49.340458	49.3215314	49.3055514	
24.02785	49.1644518	49.340458	49.3215314	49.3055514	
24.03779	49.1644518	49.340458	49.3215314	49.3055514	
24.04794	49.1644518	49.340458	49.3215314	49.3055514	
24.05807	49.1644518	49.340458	49.3215314	49.3055514	
24.06816	49.1644518	49.340458	49.3215314	49.3055514	
24.07835	49.1644518	49.340458	49.3215314	49.3055514	
24.08849	49.1644518	49.340458	49.3215314	49.3055514	
24.09867	49.1644518	49.340458	49.3215314	49.3055514	
24.10875	49.1644518	49.340458	49.3215314	49.3055514	
24.11885	49.1644518	49.340458	49.3215314	49.3055514	
24.12906	49.1644518	49.340458	49.3215314	49.3055514	
24.13934	49.1644518	49.340458	49.3215314	49.3055514	
24.14934	49.1644518	49.340458	49.3215314	49.3055514	
24.15943	49.1644518	49.340458	49.3215314	49.3055514	
24.16957	49.1644518	49.340458	49.3215314	49.3055514	
24.17977	49.1644518	49.340458	49.3215314	49.3055514	
24.18984	49.1644518	49.340458	49.3215314	49.3055514	
24.19999	49.1644518	49.340458	49.3215314	49.3055514	
24.21017	49.1644518	49.340458	49.3215314	49.3055514	
24.22022	49.1644518	49.340458	49.3215314	49.3055514	
24.23039	49.1644518	49.340458	49.3215314	49.3055514	
24.24097	49.1644518	49.340458	49.3215314	49.3055514	
24.25073	49.1644518	49.340458	49.3215314	49.3055514	
24.26082	49.1644518	49.340458	49.3215314	49.3055514	
24.27164	49.1644518	49.340458	49.3215314	49.3055514	
24.28107	49.1644518	49.340458	49.3215314	49.3055514	
24.29116	49.1644518	49.340458	49.3215314	49.3055514	
24.30129	49.1644518	49.340458	49.3215314	49.3055514	
24.31148	49.1644518	49.340458	49.3215314	49.3055514	
24.32157	49.1644518	49.340458	49.3215314	49.3055514	
24.33179	49.1644518	49.340458	49.3215314	49.3055514	
24.34193	49.1644518	49.340458	49.3215314	49.3055514	
24.35204	49.1644518	49.340458	49.3215314	49.3055514	
24.36222	49.1644518	49.340458	49.3215314	49.3055514	
24.37225	49.1644518	49.340458	49.3215314	49.3055514	
24.38244	49.1644518	49.340458	49.3215314	49.3055514	
24.39257	49.1644518	49.340458	49.3215314	49.3055514	
24.40274	49.1644518	49.340458	49.3215314	49.3055514	
24.41282	49.1644518	49.340458	49.3215314	49.3055514	
24.42302	49.1644518	49.340458	49.3215314	49.3055514	
24.4331	49.1644518	49.340458	49.3215314	49.3055514	
24.44332	49.1644518	49.340458	49.3215314	49.3055514	
24.45341	49.1644518	49.340458	49.3215314	49.3055514	
24.46354	49.1644518	49.340458	49.3215314	49.3055514	
24.47372	49.1644518	49.340458	49.3215314	49.3055514	
24.48423	49.1644518	49.340458	49.3215314	49.3055514	
24.49398	49.1644518	49.340458	49.3215314	49.3055514	
24.50406	49.1644518	49.340458	49.3215314	49.3055514	
24.51423	49.1644518	49.340458	49.3215314	49.3055514	
24.52431	49.1644518	49.340458	49.3215314	49.3055514	
24.53443	49.1644518	49.340458	49.3215314	49.3055514	
24.54466	49.1644518	49.340458	49.3215314	49.3055514	
24.55475	49.1644518	49.340458	49.3215314	49.3055514	
24.56488	49.1644518	49.340458	49.3215314	49.3055514	
24.57504	49.1644518	49.340458	49.3215314	49.3055514	
24.58561	49.1644518	49.340458	49.3215314	49.3055514	
24.59526	49.1644518	49.340458	49.3215314	49.3055514	
24.60538	49.1644518	49.340458	49.3215314	49.3055514	
24.6155	49.1644518	49.340458	49.3215314	49.3055514	
24.62559	49.1644518	49.340458	49.3215314	49.3055514	
24.63587	49.1644518	49.340458	49.3215314	49.3055514	
24.64595	49.1644518	49.340458	49.3215314	49.3055514	
24.65743	49.1644518	49.340458	49.3215314	49.3055514	
24.66622	49.1644518	49.340458	49.3215314	49.3055514	
24.67627	49.1644518	49.340458	49.3215314	49.3055514	
24.68662	49.1644518	49.340458	49.3215314	49.3055514	
24.69661	49.1644518	49.340458	49.3215314	49.3055514	
24.70673	49.1644518	49.340458	49.3215314	49.3055514	
24.71682	49.1644518	49.340458	49.3215314	49.3055514	
24.72705	49.1644518	49.340458	49.3215314	49.3055514	
24.73712	49.1644518	49.340458	49.3215314	49.3055514	
24.74762	49.1644518	49.340458	49.3215314	49.3055514	
24.75762	49.1644518	49.340458	49.3215314	49.3055514	
24.76781	49.1644518	49.340458	49.3215314	49.3055514	
24.77789	49.1644518	49.340458	49.3215314	49.3055514	
24.78805	49.1644518	49.340458	49.3215314	49.3055514	
24.7982	49.1644518	49.340458	49.3215314	49.3055514	
24.80834	49.1644518	49.340458	49.3215314	49.3055514	
24.81849	49.1644518	49.340458	49.3215314	49.3055514	
24.82857	49.1644518	49.340458	49.3215314	49.3055514	
24.83872	49.1644518	49.340458	49.3215314	49.3055514	
24.849	49.1644518	49.340458	49.3215314	49.3055514	
24.85903	49.1644518	49.340458	49.3215314	49.3055514	
24.86917	49.1644518	49.340458	49.3215314	49.3055514	
24.87928	49.1644518	49.340458	49.3215314	49.3055514	
24.88945	49.1644518	49.340458	49.3215314	49.3055514	
24.89962	49.1644518	49.340458	49.3215314	49.3055514	
24.90973	49.1644518	49.340458	49.3215314	49.3055514	
24.91991	49.1644518	49.340458	49.3215314	49.3055514	
24.92999	49.1644518	49.340458	49.3215314	49.3055514	
24.94016	49.1644518	49.340458	49.3215314	49.3055514	
24.95035	49.1644518	49.340458	49.3215314	49.3055514	
24.96049	49.1644518	49.340458	49.3215314	49.3055514	
24.97064	49.1644518	49.340458	49.3215314	49.3055514	
24.98073	49.1644518	49.340458	49.3215314	49.3055514	
24.99107	49.1644518	49.340458	49.3215314	49.3055514	
25.00106	49.1644518	49.340458	49.3215314	49.3055514	
25.01115	49.1644518	49.340458	49.3215314	49.3055514	
25.0215	49.1644518	49.340458	49.3215314	49.3055514	
25.03139	49.1644518	49.340458	49.3215314	49.3055514	
25.04155	49.1644518	49.340458	49.3215314	49.3055514	
25.05182	49.1644518	49.340458	49.3215314	49.3055514	
25.06185	49.1644518	49.340458	49.3215314	49.3055514	
25.07198	49.1644518	49.340458	49.3215314	49.3055514	
25.0825	49.1644518	49.340458	49.3215314	49.3055514	
25.09251	49.1644518	49.340458	49.3215314	49.3055514	
25.10269	49.1644518	49.340458	49.3215314	49.3055514	
25.11282	49.1644518	49.340458	49.3215314	49.3055514	
25.12296	49.1644518	49.340458	49.3215314	49.3055514	
25.13307	49.1644518	49.340458	49.3215314	49.3055514	
25.14317	49.1644518	49.340458	49.3215314	49.3055514	
25.15353	49.1644518	49.340458	49.3215314	49.3055514	
25.16346	49.1644518	49.340458	49.3215314	49.3055514	
25.17361	49.1644518	49.340458	49.3215314	49.3055514	
25.18374	49.1644518	49.340458	49.3215314	49.3055514	
25.19423	49.1644518	49.340458	49.3215314	49.3055514	
25.20404	49.1644518	49.340458	49.3215314	49.3055514	
25.21415	49.1644518	49.340458	49.3215314	49.3055514	
25.22427	49.1644518	49.340458	49.3215314	49.3055514	
25.23443	49.1644518	49.340458	49.3215314	49.3055514	
25.24454	49.1644518	49.340458	49.3215314	49.3055514	
25.25471	49.1644518	49.340458	49.3215314	49.3055514	
25.26482	49.1644518	49.340458	49.3215314	49.3055514	
25.27561	49.1644518	49.340458	49.3215314	49.3055514	
25.28571	49.1644518	49.340458	49.3215314	49.3055514	
25.29588	49.1644518	49.340458	49.3215314	49.3055514	
25.30601	49.1644518	49.340458	49.3215314	49.3055514	
25.31612	49.1644518	49.340458	49.3215314	49.3055514	
25.32624	49.1644518	49.340458	49.3215314	49.3055514	
25.33634	49.1644518	49.340458	49.3215314	49.3055514	
25.35554	49.1644518	49.340458	49.3215314	49.3055514	
25.35999	49.1644518	49.340458	49.3215314	49.3055514	
25.37009	49.1644518	49.340458	49.3215314	49.3055514	
25.38021	49.1644518	49.340458	49.3215314	49.3055514	
25.3903	49.1644518	49.340458	49.3215314	49.3055514	
25.40048	49.1644518	49.340458	49.3215314	49.3055514	
25.41064	49.1644518	49.340458	49.3215314	49.3055514	
25.42074	49.1644518	49.340458	49.3215314	49.3055514	
25.43088	49.1644518	49.340458	49.3215314	49.3055514	
25.441	49.1644518	49.340458	49.3215314	49.3055514	
25.45235	49.1644518	49.340458	49.3215314	49.3055514	
25.46248	49.1644518	49.340458	49.3215314	49.3055514	
25.47261	49.1644518	49.340458	49.3215314	49.3055514	
25.48276	49.1644518	49.340458	49.3215314	49.3055514	
25.49305	49.1644518	49.340458	49.3215314	49.3055514	
25.5031	49.1644518	49.340458	49.3215314	49.3055514	
25.5132	49.1644518	49.340458	49.3215314	49.3055514	
25.52337	49.1644518	49.340458	49.3215314	49.3055514	
25.53349	49.1644518	49.340458	49.3215314	49.3055514	
25.54359	49.1644518	49.340458	49.3215314	49.3055514	
25.55376	49.1644518	49.340458	49.3215314	49.3055514	
25.56402	49.1644518	49.340458	49.3215314	49.3055514	
25.57407	49.1644518	49.340458	49.3215314	49.3055514	
25.58417	49.1644518	49.340458	49.3215314	49.3055514	
25.59439	49.1644518	49.340458	49.3215314	49.3055514	
25.60444	49.1644518	49.340458	49.3215314	49.3055514	
25.61458	49.1644518	49.340458	49.3215314	49.3055514	
25.6247	49.1644518	49.340458	49.3215314	49.3055514	
25.63483	49.1644518	49.340458	49.3215314	49.3055514	
25.64495	49.1644518	49.340458	49.3215314	49.3055514	
25.65555	49.1644518	49.340458	49.3215314	49.3055514	
25.66535	49.1644518	49.340458	49.3215314	49.3055514	
25.67541	49.1644518	49.340458	49.3215314	49.3055514	
25.68549	49.1644518	49.340458	49.3215314	49.3055514	
25.6959	49.1644518	49.340458	49.3215314	49.3055514	
25.70578	49.1644518	49.340458	49.3215314	49.3055514	
25.71601	49.1644518	49.340458	49.3215314	49.3055514	
25.72619	49.1644518	49.340458	49.3215314	49.3055514	
25.73615	49.1644518	49.340458	49.3215314	49.3055514	
25.74639	49.1644518	49.340458	49.3215314	49.3055514	
25.75653	49.1644518	49.340458	49.3215314	49.3055514	
25.77475	49.1644518	49.340458	49.3215314	49.3055514	
25.77914	49.1644518	49.340458	49.3215314	49.3055514	
25.78923	49.1644518	49.340458	49.3215314	49.3055514	
25.79941	49.1644518	49.340458	49.3215314	49.3055514	
25.80954	49.1644518	49.340458	49.3215314	49.3055514	
25.81968	49.1644518	49.340458	49.3215314	49.3055514	
25.82977	49.1644518	49.340458	49.3215314	49.3055514	
25.84957	49.1644518	49.340458	49.3215314	49.3055514	
25.8546	49.1644518	49.340458	49.3215314	49.3055514	
25.86417	49.1644518	49.340458	49.3215314	49.3055514	
25.87424	49.1644518	49.340458	49.3215314	49.3055514	
25.88436	49.1644518	49.340458	49.3215314	49.3055514	
25.89447	49.1644518	49.340458	49.3215314	49.3055514	
25.90464	49.1644518	49.340458	49.3215314	49.3055514	
25.91479	49.1644518	49.340458	49.3215314	49.3055514	
25.92489	49.1644518	49.340458	49.3215314	49.3055514	
25.93508	49.1644518	49.340458	49.3215314	49.3055514	
25.94521	49.1644518	49.340458	49.3215314	49.3055514	
25.9559	49.1644518	49.340458	49.3215314	49.3055514	
25.96545	49.1644518	49.340458	49.3215314	49.3055514	
25.97557	49.1644518	49.340458	49.3215314	49.3055514	
25.98569	49.1644518	49.340458	49.3215314	49.3055514	
25.99586	49.1644518	49.340458	49.3215314	49.3055514	
26.00593	49.1644518	49.340458	49.3215314	49.3055514	
26.01606	49.1644518	49.340458	49.3215314	49.3055514	
26.02619	49.1644518	49.340458	49.3215314	49.3055514	
26.03631	49.1644518	49.340458	49.3215314	49.3055514	
26.04647	49.1644518	49.340458	49.3215314	49.3055514	
26.06536	49.1644518	49.340458	49.3215314	49.3055514	
26.06976	49.1644518	49.340458	49.3215314	49.3055514	
26.07995	49.1644518	49.340458	49.3215314	49.3055514	
26.09006	49.1644518	49.340458	49.3215314	49.3055514	
26.10015	49.1644518	49.340458	49.3215314	49.3055514	
26.11036	49.1644518	49.340458	49.3215314	49.3055514	
26.12048	49.1644518	49.340458	49.3215314	49.3055514	
26.13074	49.1644518	49.340458	49.3215314	49.3055514	
26.14073	49.1644518	49.340458	49.3215314	49.3055514	
26.15083	49.1644518	49.340458	49.3215314	49.3055514	
26.16106	49.1644518	49.340458	49.3215314	49.3055514	
26.17121	49.1644518	49.340458	49.3215314	49.3055514	
26.18135	49.1644518	49.340458	49.3215314	49.3055514	
26.19147	49.1644518	49.340458	49.3215314	49.3055514	
26.20157	49.1644518	49.340458	49.3215314	49.3055514	
26.21175	49.1644518	49.340458	49.3215314	49.3055514	
26.22186	49.1644518	49.340458	49.3215314	49.3055514	
26.23198	49.1644518	49.340458	49.3215314	49.3055514	
26.24215	49.1644518	49.340458	49.3215314	49.3055514	
26.25223	49.1644518	49.340458	49.3215314	49.3055514	
26.26241	49.1644518	49.340458	49.3215314	49.3055514	
26.27325	49.1644518	49.340458	49.3215314	49.3055514	
26.28274	49.1644518	49.340458	49.3215314	49.3055514	
26.29279	49.1644518	49.340458	49.3215314	49.3055514	
26.30303	49.1644518	49.340458	49.3215314	49.3055514	
26.31309	49.1644518	49.340458	49.3215314	49.3055514	
26.32324	49.1644518	49.340458	49.3215314	49.3055514	
26.33336	49.1644518	49.340458	49.3215314	49.3055514	
26.34349	49.1644518	49.340458	49.3215314	49.3055514	
26.35358	49.1644518	49.340458	49.3215314	49.3055514	
26.36383	49.1644518	49.340458	49.3215314	49.3055514	
26.37394	49.1644518	49.340458	49.3215314	49.3055514	
26.39209	49.1644518	49.340458	49.3215314	49.3055514	
26.39651	49.1644518	49.340458	49.3215314	49.3055514	
26.40702	49.1644518	49.340458	49.3215314	49.3055514	
26.41712	49.1644518	49.340458	49.3215314	49.3055514	
26.42724	49.1644518	49.340458	49.3215314	49.3055514	
26.43736	49.1644518	49.340458	49.3215314	49.3055514	
26.44748	49.1644518	49.340458	49.3215314	49.3055514	
26.45765	49.1644518	49.340458	49.3215314	49.3055514	
26.46791	49.1644518	49.340458	49.3215314	49.3055514	
26.47796	49.1644518	49.340458	49.3215314	49.3055514	
26.4881	49.1644518	49.340458	49.3215314	49.3055514	
26.49822	49.1644518	49.340458	49.3215314	49.3055514	
26.50834	49.1644518	49.340458	49.3215314	49.3055514	
26.5185	49.1644518	49.340458	49.3215314	49.3055514	
26.52863	49.1644518	49.340458	49.3215314	49.3055514	
26.53882	49.1644518	49.340458	49.3215314	49.3055514	
26.54886	49.1644518	49.340458	49.3215314	49.3055514	
26.55902	49.1644518	49.340458	49.3215314	49.3055514	
26.56931	49.1644518	49.340458	49.3215314	49.3055514	
26.57939	49.1644518	49.340458	49.3215314	49.3055514	
26.58954	49.1644518	49.340458	49.3215314	49.3055514	
26.59963	49.1644518	49.340458	49.3215314	49.3055514	
26.60982	49.1644518	49.340458	49.3215314	49.3055514	
26.62	49.1644518	49.340458	49.3215314	49.3055514	
26.63007	49.1644518	49.340458	49.3215314	49.3055514	
26.64021	49.1644518	49.340458	49.3215314	49.3055514	
26.65035	49.1644518	49.340458	49.3215314	49.3055514	
26.663	49.1644518	49.340458	49.3215314	49.3055514	
26.67068	49.1644518	49.340458	49.3215314	49.3055514	
26.68078	49.1644518	49.340458	49.3215314	49.3055514	
26.69097	49.1644518	49.340458	49.3215314	49.3055514	
26.70104	49.1644518	49.340458	49.3215314	49.3055514	
26.71113	49.1644518	49.340458	49.3215314	49.3055514	
26.72134	49.1644518	49.340458	49.3215314	49.3055514	
26.73145	49.1644518	49.340458	49.3215314	49.3055514	
26.74156	49.1644518	49.340458	49.3215314	49.3055514	
26.75169	49.1644518	49.340458	49.3215314	49.3055514	
26.76181	49.1644518	49.340458	49.3215314	49.3055514	
26.78002	49.1644518	49.340458	49.3215314	49.3055514	
26.78442	49.1644518	49.340458	49.3215314	49.3055514	
26.79467	49.1644518	49.340458	49.3215314	49.3055514	
26.80469	49.1644518	49.340458	49.3215314	49.3055514	
26.81482	49.1644518	49.340458	49.3215314	49.3055514	
26.8251	49.1644518	49.340458	49.3215314	49.3055514	
26.83518	49.1644518	49.340458	49.3215314	49.3055514	
26.84524	49.1644518	49.340458	49.3215314	49.3055514	
26.85537	49.1644518	49.340458	49.3215314	49.3055514	
26.86677	49.1644518	49.340458	49.3215314	49.3055514	
26.87564	49.1644518	49.340458	49.3215314	49.3055514	
26.88572	49.1644518	49.340458	49.3215314	49.3055514	
26.89587	49.1644518	49.340458	49.3215314	49.3055514	
26.90598	49.1644518	49.340458	49.3215314	49.3055514	
26.91616	49.1644518	49.340458	49.3215314	49.3055514	
26.92625	49.1644518	49.340458	49.3215314	49.3055514	
26.93636	49.1644518	49.340458	49.3215314	49.3055514	
26.94662	49.1644518	49.340458	49.3215314	49.3055514	
26.95661	49.1644518	49.340458	49.3215314	49.3055514	
26.96804	49.1644518	49.340458	49.3215314	49.3055514	
26.97748	49.1644518	49.340458	49.3215314	49.3055514	
26.98725	49.1644518	49.340458	49.3215314	49.3055514	
26.99766	49.1644518	49.340458	49.3215314	49.3055514	
27.00755	49.1644518	49.340458	49.3215314	49.3055514	
27.01771	49.1644518	49.340458	49.3215314	49.3055514	
27.02785	49.1644518	49.340458	49.3215314	49.3055514	
27.03809	49.1644518	49.340458	49.3215314	49.3055514	
27.04816	49.1644518	49.340458	49.3215314	49.3055514	
27.05823	49.1644518	49.340458	49.3215314	49.3055514	
27.06933	49.1644518	49.340458	49.3215314	49.3055514	
27.07875	49.1644518	49.340458	49.3215314	49.3055514	
27.08887	49.1644518	49.340458	49.3215314	49.3055514	
27.09904	49.1644518	49.340458	49.3215314	49.3055514	
27.1091	49.1644518	49.340458	49.3215314	49.3055514	
27.11928	49.1644518	49.340458	49.3215314	49.3055514	
27.12946	49.1644518	49.340458	49.3215314	49.3055514	
27.13955	49.1644518	49.340458	49.3215314	49.3055514	
27.14968	49.1644518	49.340458	49.3215314	49.3055514	
27.15977	49.1644518	49.340458	49.3215314	49.3055514	
27.17063	49.1644518	49.340458	49.3215314	49.3055514	
27.18019	49.1644518	49.340458	49.3215314	49.3055514	
27.19027	49.1644518	49.340458	49.3215314	49.3055514	
27.20063	49.1644518	49.340458	49.3215314	49.3055514	
27.21059	49.1644518	49.340458	49.3215314	49.3055514	
27.22069	49.1644518	49.340458	49.3215314	49.3055514	
27.23081	49.1644518	49.340458	49.3215314	49.3055514	
27.24095	49.1644518	49.340458	49.3215314	49.3055514	
27.25109	49.1644518	49.340458	49.3215314	49.3055514	
27.26118	49.1644518	49.340458	49.3215314	49.3055514	
27.2719	49.1644518	49.340458	49.3215314	49.3055514	
27.2815	49.1644518	49.340458	49.3215314	49.3055514	
27.29159	49.1644518	49.340458	49.3215314	49.3055514	
27.30171	49.1644518	49.340458	49.3215314	49.3055514	
27.31182	49.1644518	49.340458	49.3215314	49.3055514	
27.322	49.1644518	49.340458	49.3215314	49.3055514	
27.33218	49.1644518	49.340458	49.3215314	49.3055514	
27.34237	49.1644518	49.340458	49.3215314	49.3055514	
27.35241	49.1644518	49.340458	49.3215314	49.3055514	
27.36274	49.1644518	49.340458	49.3215314	49.3055514	
27.3732	49.1644518	49.340458	49.3215314	49.3055514	
27.38291	49.1644518	49.340458	49.3215314	49.3055514	
27.39299	49.1644518	49.340458	49.3215314	49.3055514	
27.40308	49.1644518	49.340458	49.3215314	49.3055514	
27.41319	49.1644518	49.340458	49.3215314	49.3055514	
27.42337	49.1644518	49.340458	49.3215314	49.3055514	
27.43351	49.1644518	49.340458	49.3215314	49.3055514	
27.4436	49.1644518	49.340458	49.3215314	49.3055514	
27.45373	49.1644518	49.340458	49.3215314	49.3055514	
27.46418	49.1644518	49.340458	49.3215314	49.3055514	
27.47461	49.1644518	49.340458	49.3215314	49.3055514	
27.48418	49.1644518	49.340458	49.3215314	49.3055514	
27.49443	49.1644518	49.340458	49.3215314	49.3055514	
27.50438	49.1644518	49.340458	49.3215314	49.3055514	
27.51458	49.1644518	49.340458	49.3215314	49.3055514	
27.52466	49.1644518	49.340458	49.3215314	49.3055514	
27.53478	49.1644518	49.340458	49.3215314	49.3055514	
27.5449	49.1644518	49.340458	49.3215314	49.3055514	
27.56284	49.1644518	49.340458	49.3215314	49.3055514	
27.56718	49.1644518	49.340458	49.3215314	49.3055514	
27.57853	49.1644518	49.340458	49.3215314	49.3055514	
27.58855	49.1644518	49.340458	49.3215314	49.3055514	
27.59872	49.1644518	49.340458	49.3215314	49.3055514	
27.60903	49.1644518	49.340458	49.3215314	49.3055514	
27.619	49.1644518	49.340458	49.3215314	49.3055514	
27.62913	49.1644518	49.340458	49.3215314	49.3055514	
27.63926	49.1644518	49.340458	49.3215314	49.3055514	
27.64942	49.1644518	49.340458	49.3215314	49.3055514	
27.65989	49.1644518	49.340458	49.3215314	49.3055514	
27.66965	49.1644518	49.340458	49.3215314	49.3055514	
27.67986	49.1644518	49.340458	49.3215314	49.3055514	
27.68997	49.1644518	49.340458	49.3215314	49.3055514	
27.70022	49.1644518	49.340458	49.3215314	49.3055514	
27.71028	49.1644518	49.340458	49.3215314	49.3055514	
27.72042	49.1644518	49.340458	49.3215314	49.3055514	
27.73071	49.1644518	49.340458	49.3215314	49.3055514	
27.74078	49.1644518	49.340458	49.3215314	49.3055514	
27.75089	49.1644518	49.340458	49.3215314	49.3055514	
27.761	49.1644518	49.340458	49.3215314	49.3055514	
27.77112	49.1644518	49.340458	49.3215314	49.3055514	
27.78136	49.1644518	49.340458	49.3215314	49.3055514	
27.79143	49.1644518	49.340458	49.3215314	49.3055514	
27.8016	49.1644518	49.340458	49.3215314	49.3055514	
27.81173	49.1644518	49.340458	49.3215314	49.3055514	
27.82185	49.1644518	49.340458	49.3215314	49.3055514	
27.83197	49.1644518	49.340458	49.3215314	49.3055514	
27.8508	49.1644518	49.340458	49.3215314	49.3055514	
27.85518	49.1644518	49.340458	49.3215314	49.3055514	
27.86539	49.1644518	49.340458	49.3215314	49.3055514	
27.87626	49.1644518	49.340458	49.3215314	49.3055514	
27.88585	49.1644518	49.340458	49.3215314	49.3055514	
27.89571	49.1644518	49.340458	49.3215314	49.3055514	
27.90587	49.1644518	49.340458	49.3215314	49.3055514	
27.91599	49.1644518	49.340458	49.3215314	49.3055514	
27.92612	49.1644518	49.340458	49.3215314	49.3055514	
27.93625	49.1644518	49.340458	49.3215314	49.3055514	
27.94637	49.1644518	49.340458	49.3215314	49.3055514	
27.95655	49.1644518	49.340458	49.3215314	49.3055514	
27.9666	49.1644518	49.340458	49.3215314	49.3055514	
27.97706	49.1644518	49.340458	49.3215314	49.3055514	
27.9872	49.1644518	49.340458	49.3215314	49.3055514	
27.99733	49.1644518	49.340458	49.3215314	49.3055514	
28.00741	49.1644518	49.340458	49.3215314	49.3055514	
28.01756	49.1644518	49.340458	49.3215314	49.3055514	
28.02771	49.1644518	49.340458	49.3215314	49.3055514	
28.03782	49.1644518	49.340458	49.3215314	49.3055514	
28.048	49.1644518	49.340458	49.3215314	49.3055514	
28.05813	49.1644518	49.340458	49.3215314	49.3055514	
28.06824	49.1644518	49.340458	49.3215314	49.3055514	
28.0784	49.1644518	49.340458	49.3215314	49.3055514	
28.08864	49.1644518	49.340458	49.3215314	49.3055514	
28.0988	49.1644518	49.340458	49.3215314	49.3055514	
28.10886	49.1644518	49.340458	49.3215314	49.3055514	
28.11897	49.1644518	49.340458	49.3215314	49.3055514	
28.12916	49.1644518	49.340458	49.3215314	49.3055514	
28.13927	49.1644518	49.340458	49.3215314	49.3055514	
28.14941	49.1644518	49.340458	49.3215314	49.3055514	
28.15955	49.1644518	49.340458	49.3215314	49.3055514	
28.16965	49.1644518	49.340458	49.3215314	49.3055514	
28.17979	49.1644518	49.340458	49.3215314	49.3055514	
28.19	49.1644518	49.340458	49.3215314	49.3055514	
28.20013	49.1644518	49.340458	49.3215314	49.3055514	
28.21025	49.1644518	49.340458	49.3215314	49.3055514	
28.22033	49.1644518	49.340458	49.3215314	49.3055514	
28.23052	49.1644518	49.340458	49.3215314	49.3055514	
28.24066	49.1644518	49.340458	49.3215314	49.3055514	
28.25084	49.1644518	49.340458	49.3215314	49.3055514	
28.2609	49.1644518	49.340458	49.3215314	49.3055514	
28.27101	49.1644518	49.340458	49.3215314	49.3055514	
28.28125	49.1644518	49.340458	49.3215314	49.3055514	
28.29135	49.1644518	49.340458	49.3215314	49.3055514	
28.30147	49.1644518	49.340458	49.3215314	49.3055514	
28.31159	49.1644518	49.340458	49.3215314	49.3055514	
28.32172	49.1644518	49.340458	49.3215314	49.3055514	
28.33191	49.1644518	49.340458	49.3215314	49.3055514	
28.34202	49.1644518	49.340458	49.3215314	49.3055514	
28.35217	49.1644518	49.340458	49.3215314	49.3055514	
28.36229	49.1644518	49.340458	49.3215314	49.3055514	
28.37237	49.1644518	49.340458	49.3215314	49.3055514	
28.38259	49.1644518	49.340458	49.3215314	49.3055514	
28.39275	49.1644518	49.340458	49.3215314	49.3055514	
28.40288	49.1644518	49.340458	49.3215314	49.3055514	
28.413	49.1644518	49.340458	49.3215314	49.3055514	
28.42312	49.1644518	49.340458	49.3215314	49.3055514	
28.43327	49.1644518	49.340458	49.3215314	49.3055514	
28.44343	49.1644518	49.340458	49.3215314	49.3055514	
28.45352	49.1644518	49.340458	49.3215314	49.3055514	
28.46369	49.1644518	49.340458	49.3215314	49.3055514	
28.47378	49.1644518	49.340458	49.3215314	49.3055514	
28.48419	49.1644518	49.340458	49.3215314	49.3055514	
28.50223	49.1644518	49.340458	49.3215314	49.3055514	
28.50674	49.1644518	49.340458	49.3215314	49.3055514	
28.51682	49.1644518	49.340458	49.3215314	49.3055514	
28.52691	49.1644518	49.340458	49.3215314	49.3055514	
28.53713	49.1644518	49.340458	49.3215314	49.3055514	
28.54723	49.1644518	49.340458	49.3215314	49.3055514	
28.55739	49.1644518	49.340458	49.3215314	49.3055514	
28.56752	49.1644518	49.340458	49.3215314	49.3055514	
28.57764	49.1644518	49.340458	49.3215314	49.3055514	
28.58806	49.1644518	49.340458	49.3215314	49.3055514	
28.59796	49.1644518	49.340458	49.3215314	49.3055514	
28.6081	49.1644518	49.340458	49.3215314	49.3055514	
28.61823	49.1644518	49.340458	49.3215314	49.3055514	
28.62835	49.1644518	49.340458	49.3215314	49.3055514	
28.63852	49.1644518	49.340458	49.3215314	49.3055514	
28.64866	49.1644518	49.340458	49.3215314	49.3055514	
28.65885	49.1644518	49.340458	49.3215314	49.3055514	
28.66894	49.1644518	49.340458	49.3215314	49.3055514	
28.67905	49.1644518	49.340458	49.3215314	49.3055514	
28.69827	49.1644518	49.340458	49.3215314	49.3055514	
28.70267	49.1644518	49.340458	49.3215314	49.3055514	
28.7128	49.1644518	49.340458	49.3215314	49.3055514	
28.72296	49.1644518	49.340458	49.3215314	49.3055514	
28.73306	49.1644518	49.340458	49.3215314	49.3055514	
28.7452	49.1644518	49.340458	49.3215314	49.3055514	
28.75524	49.1644518	49.340458	49.3215314	49.3055514	
28.76541	49.1644518	49.340458	49.3215314	49.3055514	
28.77545	49.1644518	49.340458	49.3215314	49.3055514	
28.78587	49.1644518	49.340458	49.3215314	49.3055514	
28.79583	49.1644518	49.340458	49.3215314	49.3055514	
28.80592	49.1644518	49.340458	49.3215314	49.3055514	
28.81601	49.1644518	49.340458	49.3215314	49.3055514	
28.82614	49.1644518	49.340458	49.3215314	49.3055514	
28.83635	49.1644518	49.340458	49.3215314	49.3055514	
28.84647	49.1644518	49.340458	49.3215314	49.3055514	
28.8566	49.1644518	49.340458	49.3215314	49.3055514	
28.86676	49.1644518	49.340458	49.3215314	49.3055514	
28.8768	49.1644518	49.340458	49.3215314	49.3055514	
28.88708	49.1644518	49.340458	49.3215314	49.3055514	
28.89732	49.1644518	49.340458	49.3215314	49.3055514	
28.90762	49.1644518	49.340458	49.3215314	49.3055514	
28.91773	49.1644518	49.340458	49.3215314	49.3055514	
28.92789	49.1644518	49.340458	49.3215314	49.3055514	
28.93806	49.1644518	49.340458	49.3215314	49.3055514	
28.94826	49.1644518	49.340458	49.3215314	49.3055514	
28.95832	49.1644518	49.340458	49.3215314	49.3055514	
28.96847	49.1644518	49.340458	49.3215314	49.3055514	
28.97861	49.1644518	49.340458	49.3215314	49.3055514	
28.98873	49.1644518	49.340458	49.3215314	49.3055514	
28.99892	49.1644518	49.340458	49.3215314	49.3055514	
29.009	49.1644518	49.340458	49.3215314	49.3055514	
29.0192	49.1644518	49.340458	49.3215314	49.3055514	
29.02925	49.1644518	49.340458	49.3215314	49.3055514	
29.03947	49.1644518	49.340458	49.3215314	49.3055514	
29.04966	49.1644518	49.340458	49.3215314	49.3055514	
29.05974	49.1644518	49.340458	49.3215314	49.3055514	
29.06988	49.1644518	49.340458	49.3215314	49.3055514	
29.07998	49.1644518	49.340458	49.3215314	49.3055514	
29.09017	49.1644518	49.340458	49.3215314	49.3055514	
29.10071	49.1644518	49.340458	49.3215314	49.3055514	
29.11052	49.1644518	49.340458	49.3215314	49.3055514	
29.12065	49.1644518	49.340458	49.3215314	49.3055514	
29.13082	49.1644518	49.340458	49.3215314	49.3055514	
29.14094	49.1644518	49.340458	49.3215314	49.3055514	
29.15109	49.1644518	49.340458	49.3215314	49.3055514	
29.16118	49.1644518	49.340458	49.3215314	49.3055514	
29.17134	49.1644518	49.340458	49.3215314	49.3055514	
29.18144	49.1644518	49.340458	49.3215314	49.3055514	
29.1916	49.1644518	49.340458	49.3215314	49.3055514	
29.20198	49.1644518	49.340458	49.3215314	49.3055514	
29.21192	49.1644518	49.340458	49.3215314	49.3055514	
29.22204	49.1644518	49.340458	49.3215314	49.3055514	
29.23217	49.1644518	49.340458	49.3215314	49.3055514	
29.24226	49.1644518	49.340458	49.3215314	49.3055514	
29.25276	49.1644518	49.340458	49.3215314	49.3055514	
29.26282	49.1644518	49.340458	49.3215314	49.3055514	
29.27297	49.1644518	49.340458	49.3215314	49.3055514	
29.28315	49.1644518	49.340458	49.3215314	49.3055514	
29.29323	49.1644518	49.340458	49.3215314	49.3055514	
29.30341	49.1644518	49.340458	49.3215314	49.3055514	
29.31355	49.1644518	49.340458	49.3215314	49.3055514	
29.32373	49.1644518	49.340458	49.3215314	49.3055514	
29.3338	49.1644518	49.340458	49.3215314	49.3055514	
29.34436	49.1644518	49.340458	49.3215314	49.3055514	
29.35405	49.1644518	49.340458	49.3215314	49.3055514	
29.36424	49.1644518	49.340458	49.3215314	49.3055514	
29.3743	49.1644518	49.340458	49.3215314	49.3055514	
29.38441	49.1644518	49.340458	49.3215314	49.3055514	
29.39456	49.1644518	49.340458	49.3215314	49.3055514	
29.40476	49.1644518	49.340458	49.3215314	49.3055514	
29.41485	49.1644518	49.340458	49.3215314	49.3055514	
29.42504	49.1644518	49.340458	49.3215314	49.3055514	
29.43516	49.1644518	49.340458	49.3215314	49.3055514	
29.44562	49.1644518	49.340458	49.3215314	49.3055514	
29.4555	49.1644518	49.340458	49.3215314	49.3055514	
29.46554	49.1644518	49.340458	49.3215314	49.3055514	
29.47564	49.1644518	49.340458	49.3215314	49.3055514	
29.48573	49.1644518	49.340458	49.3215314	49.3055514	
29.49592	49.1644518	49.340458	49.3215314	49.3055514	
29.50609	49.1644518	49.340458	49.3215314	49.3055514	
29.51625	49.1644518	49.340458	49.3215314	49.3055514	
29.52634	49.1644518	49.340458	49.3215314	49.3055514	
29.5365	49.1644518	49.340458	49.3215314	49.3055514	
29.54704	49.1644518	49.340458	49.3215314	49.3055514	
29.56495	49.1644518	49.340458	49.3215314	49.3055514	
29.56936	49.1644518	49.340458	49.3215314	49.3055514	
29.57947	49.1644518	49.340458	49.3215314	49.3055514	
29.58956	49.1644518	49.340458	49.3215314	49.3055514	
29.6003	49.1644518	49.340458	49.3215314	49.3055514	
29.60991	49.1644518	49.340458	49.3215314	49.3055514	
29.62003	49.1644518	49.340458	49.3215314	49.3055514	
29.63014	49.1644518	49.340458	49.3215314	49.3055514	
29.64028	49.1644518	49.340458	49.3215314	49.3055514	
29.65042	49.1644518	49.340458	49.3215314	49.3055514	
29.66055	49.1644518	49.340458	49.3215314	49.3055514	
29.67067	49.1644518	49.340458	49.3215314	49.3055514	
29.68081	49.1644518	49.340458	49.3215314	49.3055514	
29.69096	49.1644518	49.340458	49.3215314	49.3055514	
29.70154	49.1644518	49.340458	49.3215314	49.3055514	
29.71126	49.1644518	49.340458	49.3215314	49.3055514	
29.72141	49.1644518	49.340458	49.3215314	49.3055514	
29.73164	49.1644518	49.340458	49.3215314	49.3055514	
29.74161	49.1644518	49.340458	49.3215314	49.3055514	
29.7518	49.1644518	49.340458	49.3215314	49.3055514	
29.7626	49.1644518	49.340458	49.3215314	49.3055514	
29.77246	49.1644518	49.340458	49.3215314	49.3055514	
29.78261	49.1644518	49.340458	49.3215314	49.3055514	
29.79289	49.1644518	49.340458	49.3215314	49.3055514	
29.80409	49.1644518	49.340458	49.3215314	49.3055514	
29.81301	49.1644518	49.340458	49.3215314	49.3055514	
29.82312	49.1644518	49.340458	49.3215314	49.3055514	
29.83336	49.1644518	49.340458	49.3215314	49.3055514	
29.85191	49.1644518	49.340458	49.3215314	49.3055514	
29.85631	49.1644518	49.340458	49.3215314	49.3055514	
29.86649	49.1644518	49.340458	49.3215314	49.3055514	
29.87661	49.1644518	49.340458	49.3215314	49.3055514	
29.88666	49.1644518	49.340458	49.3215314	49.3055514	
29.89707	49.1644518	49.340458	49.3215314	49.3055514	
29.90729	49.1644518	49.340458	49.3215314	49.3055514	
29.9174	49.1644518	49.340458	49.3215314	49.3055514	
29.92752	49.1644518	49.340458	49.3215314	49.3055514	
29.93764	49.1644518	49.340458	49.3215314	49.3055514	
29.9478	49.1644518	49.340458	49.3215314	49.3055514	
29.95794	49.1644518	49.340458	49.3215314	49.3055514	
29.9762	49.1644518	49.340458	49.3215314	49.3055514	
29.98067	49.1644518	49.340458	49.3215314	49.3055514	
29.99076	49.1644518	49.340458	49.3215314	49.3055514	
30.00095	49.1644518	49.340458	49.3215314	49.3055514	
30.01115	49.1644518	49.340458	49.3215314	49.3055514	
30.02124	49.1644518	49.340458	49.3215314	49.3055514	
30.03137	49.1644518	49.340458	49.3215314	49.3055514	
30.04154	49.1644518	49.340458	49.3215314	49.3055514	
30.05162	49.1644518	49.340458	49.3215314	49.3055514	
30.06178	49.1644518	49.340458	49.3215314	49.3055514	
30.0719	49.1644518	49.340458	49.3215314	49.3055514	
30.08204	49.1644518	49.340458	49.3215314	49.3055514	
30.0922	49.1644518	49.340458	49.3215314	49.3055514	
30.10227	49.1644518	49.340458	49.3215314	49.3055514	
30.11276	49.1644518	49.340458	49.3215314	49.3055514	
30.12293	49.1644518	49.340458	49.3215314	49.3055514	
30.13297	49.1644518	49.340458	49.3215314	49.3055514	
30.1431	49.1644518	49.340458	49.3215314	49.3055514	
30.15319	49.1644518	49.340458	49.3215314	49.3055514	
30.16336	49.1644518	49.340458	49.3215314	49.3055514	
30.17349	49.1644518	49.340458	49.3215314	49.3055514	
30.1836	49.1644518	49.340458	49.3215314	49.3055514	
30.19378	49.1644518	49.340458	49.3215314	49.3055514	
30.20416	49.1644518	49.340458	49.3215314	49.3055514	
30.21407	49.1644518	49.340458	49.3215314	49.3055514	
30.22416	49.1644518	49.340458	49.3215314	49.3055514	
30.23428	49.1644518	49.340458	49.3215314	49.3055514	
30.24446	49.1644518	49.340458	49.3215314	49.3055514	
30.25454	49.1644518	49.340458	49.3215314	49.3055514	
30.26468	49.1644518	49.340458	49.3215314	49.3055514	
30.27491	49.1644518	49.340458	49.3215314	49.3055514	
30.28502	49.1644518	49.340458	49.3215314	49.3055514	
30.29516	49.1644518	49.340458	49.3215314	49.3055514	
30.30566	49.1644518	49.340458	49.3215314	49.3055514	
30.31578	49.1644518	49.340458	49.3215314	49.3055514	
30.3255	49.1644518	49.340458	49.3215314	49.3055514	
30.33563	49.1644518	49.340458	49.3215314	49.3055514	
30.34575	49.1644518	49.340458	49.3215314	49.3055514	
30.35589	49.1644518	49.340458	49.3215314	49.3055514	
30.366	49.1644518	49.340458	49.3215314	49.3055514	
30.37614	49.1644518	49.340458	49.3215314	49.3055514	
30.38627	49.1644518	49.340458	49.3215314	49.3055514	
30.39647	49.1644518	49.340458	49.3215314	49.3055514	
30.41526	49.1644518	49.340458	49.3215314	49.3055514	
30.41969	49.1644518	49.340458	49.3215314	49.3055514	
30.42979	49.1644518	49.340458	49.3215314	49.3055514	
30.43992	49.1644518	49.340458	49.3215314	49.3055514	
30.45005	49.1644518	49.340458	49.3215314	49.3055514	
30.46023	49.1644518	49.340458	49.3215314	49.3055514	
30.47029	49.1644518	49.340458	49.3215314	49.3055514	
30.48051	49.1644518	49.340458	49.3215314	49.3055514	
30.49062	49.1644518	49.340458	49.3215314	49.3055514	
30.50072	49.1644518	49.340458	49.3215314	49.3055514	
30.51161	49.1644518	49.340458	49.3215314	49.3055514	
30.52125	49.1644518	49.340458	49.3215314	49.3055514	
30.53137	49.1644518	49.340458	49.3215314	49.3055514	
30.54148	49.1644518	49.340458	49.3215314	49.3055514	
30.55159	49.1644518	49.340458	49.3215314	49.3055514	
30.56181	49.1644518	49.340458	49.3215314	49.3055514	
30.5719	49.1644518	49.340458	49.3215314	49.3055514	
30.58205	49.1644518	49.340458	49.3215314	49.3055514	
30.59216	49.1644518	49.340458	49.3215314	49.3055514	
30.60226	49.1644518	49.340458	49.3215314	49.3055514	
30.61292	49.1644518	49.340458	49.3215314	49.3055514	
30.6228	49.1644518	49.340458	49.3215314	49.3055514	
30.63291	49.1644518	49.340458	49.3215314	49.3055514	
30.64309	49.1644518	49.340458	49.3215314	49.3055514	
30.65313	49.1644518	49.340458	49.3215314	49.3055514	
30.66331	49.1644518	49.340458	49.3215314	49.3055514	
30.67347	49.1644518	49.340458	49.3215314	49.3055514	
30.6838	49.1644518	49.340458	49.3215314	49.3055514	
30.6937	49.1644518	49.340458	49.3215314	49.3055514	
30.70414	49.1644518	49.340458	49.3215314	49.3055514	
30.7143	49.1644518	49.340458	49.3215314	49.3055514	
30.72416	49.1644518	49.340458	49.3215314	49.3055514	
30.73427	49.1644518	49.340458	49.3215314	49.3055514	
30.74441	49.1644518	49.340458	49.3215314	49.3055514	
30.75448	49.1644518	49.340458	49.3215314	49.3055514	
30.76461	49.1644518	49.340458	49.3215314	49.3055514	
30.77475	49.1644518	49.340458	49.3215314	49.3055514	
30.78493	49.1644518	49.340458	49.3215314	49.3055514	
30.79511	49.1644518	49.340458	49.3215314	49.3055514	
30.8056	49.1644518	49.340458	49.3215314	49.3055514	
30.81556	49.1644518	49.340458	49.3215314	49.3055514	
30.82556	49.1644518	49.340458	49.3215314	49.3055514	
30.83553	49.1644518	49.340458	49.3215314	49.3055514	
30.84567	49.1644518	49.340458	49.3215314	49.3055514	
30.85576	49.1644518	49.340458	49.3215314	49.3055514	
30.86594	49.1644518	49.340458	49.3215314	49.3055514	
30.87604	49.1644518	49.340458	49.3215314	49.3055514	
30.88619	49.1644518	49.340458	49.3215314	49.3055514	
30.89629	49.1644518	49.340458	49.3215314	49.3055514	
30.90648	49.1644518	49.340458	49.3215314	49.3055514	
30.91821	49.1644518	49.340458	49.3215314	49.3055514	
30.92696	49.1644518	49.340458	49.3215314	49.3055514	
30.9371	49.1644518	49.340458	49.3215314	49.3055514	
30.9473	49.1644518	49.340458	49.3215314	49.3055514	
30.95736	49.1644518	49.340458	49.3215314	49.3055514	
30.96752	49.1644518	49.340458	49.3215314	49.3055514	
30.97768	49.1644518	49.340458	49.3215314	49.3055514	
30.9878	49.1644518	49.340458	49.3215314	49.3055514	
30.99825	49.1644518	49.340458	49.3215314	49.3055514	
31.00834	49.1644518	49.340458	49.3215314	49.3055514	
31.01958	49.1644518	49.340458	49.3215314	49.3055514	
31.02883	49.1644518	49.340458	49.3215314	49.3055514	
31.03878	49.1644518	49.340458	49.3215314	49.3055514	
31.04894	49.1644518	49.340458	49.3215314	49.3055514	
31.0591	49.1644518	49.340458	49.3215314	49.3055514	
31.06922	49.1644518	49.340458	49.3215314	49.3055514	
31.07937	49.1644518	49.340458	49.3215314	49.3055514	
31.08954	49.1644518	49.340458	49.3215314	49.3055514	
31.09968	49.1644518	49.340458	49.3215314	49.3055514	
31.10975	49.1644518	49.340458	49.3215314	49.3055514	
31.1209	49.1644518	49.340458	49.3215314	49.3055514	
31.13017	49.1644518	49.340458	49.3215314	49.3055514	
31.14022	49.1644518	49.340458	49.3215314	49.3055514	
31.15034	49.1644518	49.340458	49.3215314	49.3055514	
31.16045	49.1644518	49.340458	49.3215314	49.3055514	
31.17063	49.1644518	49.340458	49.3215314	49.3055514	
31.18074	49.1644518	49.340458	49.3215314	49.3055514	
31.19086	49.1644518	49.340458	49.3215314	49.3055514	
31.20104	49.1644518	49.340458	49.3215314	49.3055514	
31.21115	49.1644518	49.340458	49.3215314	49.3055514	
31.22222	49.1644518	49.340458	49.3215314	49.3055514	
31.23152	49.1644518	49.340458	49.3215314	49.3055514	
31.24168	49.1644518	49.340458	49.3215314	49.3055514	
31.25178	49.1644518	49.340458	49.3215314	49.3055514	
31.26187	49.1644518	49.340458	49.3215314	49.3055514	
31.27204	49.1644518	49.340458	49.3215314	49.3055514	
31.28283	49.1644518	49.340458	49.3215314	49.3055514	
31.29232	49.1644518	49.340458	49.3215314	49.3055514	
31.30242	49.1644518	49.340458	49.3215314	49.3055514	
31.31276	49.1644518	49.340458	49.3215314	49.3055514	
31.32362	49.1644518	49.340458	49.3215314	49.3055514	
31.3329	49.1644518	49.340458	49.3215314	49.3055514	
31.343	49.1644518	49.340458	49.3215314	49.3055514	
31.35311	49.1644518	49.340458	49.3215314	49.3055514	
31.36326	49.1644518	49.340458	49.3215314	49.3055514	
31.37339	49.1644518	49.340458	49.3215314	49.3055514	
31.38352	49.1644518	49.340458	49.3215314	49.3055514	
31.39371	49.1644518	49.340458	49.3215314	49.3055514	
31.40381	49.1644518	49.340458	49.3215314	49.3055514	
31.41423	49.1644518	49.340458	49.3215314	49.3055514	
31.42502	49.1644518	49.340458	49.3215314	49.3055514	
31.4342	49.1644518	49.340458	49.3215314	49.3055514	
31.44433	49.1644518	49.340458	49.3215314	49.3055514	
31.45441	49.1644518	49.340458	49.3215314	49.3055514	
31.46456	49.1644518	49.340458	49.3215314	49.3055514	
31.47468	49.1644518	49.340458	49.3215314	49.3055514	
31.4848	49.1644518	49.340458	49.3215314	49.3055514	
31.49493	49.1644518	49.340458	49.3215314	49.3055514	
31.50511	49.1644518	49.340458	49.3215314	49.3055514	
31.51562	49.1644518	49.340458	49.3215314	49.3055514	
31.52635	49.1644518	49.340458	49.3215314	49.3055514	
31.53548	49.1644518	49.340458	49.3215314	49.3055514	
31.54561	49.1644518	49.340458	49.3215314	49.3055514	
31.55572	49.1644518	49.340458	49.3215314	49.3055514	
31.56582	49.1644518	49.340458	49.3215314	49.3055514	
31.57602	49.1644518	49.340458	49.3215314	49.3055514	
31.58613	49.1644518	49.340458	49.3215314	49.3055514	
31.59625	49.1644518	49.340458	49.3215314	49.3055514	
31.6064	49.1644518	49.340458	49.3215314	49.3055514	
31.6248	49.1644518	49.340458	49.3215314	49.3055514	
31.62921	49.1644518	49.340458	49.3215314	49.3055514	
31.63936	49.1644518	49.340458	49.3215314	49.3055514	
31.64948	49.1644518	49.340458	49.3215314	49.3055514	
31.65963	49.1644518	49.340458	49.3215314	49.3055514	
31.67097	49.1644518	49.340458	49.3215314	49.3055514	
31.6799	49.1644518	49.340458	49.3215314	49.3055514	
31.69004	49.1644518	49.340458	49.3215314	49.3055514	
31.70018	49.1644518	49.340458	49.3215314	49.3055514	
31.71034	49.1644518	49.340458	49.3215314	49.3055514	
31.72041	49.1644518	49.340458	49.3215314	49.3055514	
31.73073	49.1644518	49.340458	49.3215314	49.3055514	
31.74078	49.1644518	49.340458	49.3215314	49.3055514	
31.75091	49.1644518	49.340458	49.3215314	49.3055514	
31.761	49.1644518	49.340458	49.3215314	49.3055514	
31.77117	49.1644518	49.340458	49.3215314	49.3055514	
31.7813	49.1644518	49.340458	49.3215314	49.3055514	
31.79142	49.1644518	49.340458	49.3215314	49.3055514	
31.80157	49.1644518	49.340458	49.3215314	49.3055514	
31.8117	49.1644518	49.340458	49.3215314	49.3055514	
31.82179	49.1644518	49.340458	49.3215314	49.3055514	
31.83197	49.1644518	49.340458	49.3215314	49.3055514	
31.85125	49.1644518	49.340458	49.3215314	49.3055514	
31.85564	49.1644518	49.340458	49.3215314	49.3055514	
31.86579	49.1644518	49.340458	49.3215314	49.3055514	
31.87592	49.1644518	49.340458	49.3215314	49.3055514	
31.88602	49.1644518	49.340458	49.3215314	49.3055514	
31.89614	49.1644518	49.340458	49.3215314	49.3055514	
31.90631	49.1644518	49.340458	49.3215314	49.3055514	
31.91654	49.1644518	49.340458	49.3215314	49.3055514	
31.93466	49.1644518	49.340458	49.3215314	49.3055514	
31.93946	49.1644518	49.340458	49.3215314	49.3055514	
31.94953	49.1644518	49.340458	49.3215314	49.3055514	
31.95967	49.1644518	49.340458	49.3215314	49.3055514	
31.96981	49.1644518	49.340458	49.3215314	49.3055514	
31.97995	49.1644518	49.340458	49.3215314	49.3055514	
31.99006	49.1644518	49.340458	49.3215314	49.3055514	
32.00049	49.1644518	49.340458	49.3215314	49.3055514	
32.01031	49.1644518	49.340458	49.3215314	49.3055514	
32.02049	49.1644518	49.340458	49.3215314	49.3055514	
32.03103	49.1644518	49.340458	49.3215314	49.3055514	
32.04072	49.1644518	49.340458	49.3215314	49.3055514	
32.05086	49.1644518	49.340458	49.3215314	49.3055514	
32.06098	49.1644518	49.340458	49.3215314	49.3055514	
32.07106	49.1644518	49.340458	49.3215314	49.3055514	
32.08128	49.1644518	49.340458	49.3215314	49.3055514	
32.09143	49.1644518	49.340458	49.3215314	49.3055514	
32.10153	49.1644518	49.340458	49.3215314	49.3055514	
32.11165	49.1644518	49.340458	49.3215314	49.3055514	
32.12177	49.1644518	49.340458	49.3215314	49.3055514	
32.13231	49.1644518	49.340458	49.3215314	49.3055514	
32.14207	49.1644518	49.340458	49.3215314	49.3055514	
32.15218	49.1644518	49.340458	49.3215314	49.3055514	
32.16233	49.1644518	49.340458	49.3215314	49.3055514	
32.17244	49.1644518	49.340458	49.3215314	49.3055514	
32.1826	49.1644518	49.340458	49.3215314	49.3055514	
32.1927	49.1644518	49.340458	49.3215314	49.3055514	
32.20285	49.1644518	49.340458	49.3215314	49.3055514	
32.21297	49.1644518	49.340458	49.3215314	49.3055514	
32.22311	49.1644518	49.340458	49.3215314	49.3055514	
32.23363	49.1644518	49.340458	49.3215314	49.3055514	
32.24373	49.1644518	49.340458	49.3215314	49.3055514	
32.25354	49.1644518	49.340458	49.3215314	49.3055514	
32.2636	49.1644518	49.340458	49.3215314	49.3055514	
32.27417	49.1644518	49.340458	49.3215314	49.3055514	
32.28456	49.1644518	49.340458	49.3215314	49.3055514	
32.29396	49.1644518	49.340458	49.3215314	49.3055514	
32.30408	49.1644518	49.340458	49.3215314	49.3055514	
32.31421	49.1644518	49.340458	49.3215314	49.3055514	
32.3244	49.1644518	49.340458	49.3215314	49.3055514	
32.33496	49.1644518	49.340458	49.3215314	49.3055514	
32.3447	49.1644518	49.340458	49.3215314	49.3055514	
32.35479	49.1644518	49.340458	49.3215314	49.3055514	
32.36491	49.1644518	49.340458	49.3215314	49.3055514	
32.38301	49.1644518	49.340458	49.3215314	49.3055514	
32.38745	49.1644518	49.340458	49.3215314	49.3055514	
32.39753	49.1644518	49.340458	49.3215314	49.3055514	
32.40765	49.1644518	49.340458	49.3215314	49.3055514	
32.41783	49.1644518	49.340458	49.3215314	49.3055514	
32.42794	49.1644518	49.340458	49.3215314	49.3055514	
32.4389	49.1644518	49.340458	49.3215314	49.3055514	
32.44908	49.1644518	49.340458	49.3215314	49.3055514	
32.45925	49.1644518	49.340458	49.3215314	49.3055514	
32.46928	49.1644518	49.340458	49.3215314	49.3055514	
32.47941	49.1644518	49.340458	49.3215314	49.3055514	
32.48956	49.1644518	49.340458	49.3215314	49.3055514	
32.49973	49.1644518	49.340458	49.3215314	49.3055514	
32.5098	49.1644518	49.340458	49.3215314	49.3055514	
32.51998	49.1644518	49.340458	49.3215314	49.3055514	
32.5301	49.1644518	49.340458	49.3215314	49.3055514	
32.54031	49.1644518	49.340458	49.3215314	49.3055514	
32.55042	49.1644518	49.340458	49.3215314	49.3055514	
32.5606	49.1644518	49.340458	49.3215314	49.3055514	
32.57068	49.1644518	49.340458	49.3215314	49.3055514	
32.58079	49.1644518	49.340458	49.3215314	49.3055514	
32.59097	49.1644518	49.340458	49.3215314	49.3055514	
32.6011	49.1644518	49.340458	49.3215314	49.3055514	
32.61127	49.1644518	49.340458	49.3215314	49.3055514	
32.62136	49.1644518	49.340458	49.3215314	49.3055514	
32.63147	49.1644518	49.340458	49.3215314	49.3055514	
32.64172	49.1644518	49.340458	49.3215314	49.3055514	
32.65185	49.1644518	49.340458	49.3215314	49.3055514	
32.66207	49.1644518	49.340458	49.3215314	49.3055514	
32.67331	49.1644518	49.340458	49.3215314	49.3055514	
32.68218	49.1644518	49.340458	49.3215314	49.3055514	
32.69233	49.1644518	49.340458	49.3215314	49.3055514	
32.70245	49.1644518	49.340458	49.3215314	49.3055514	
32.71262	49.1644518	49.340458	49.3215314	49.3055514	
32.72274	49.1644518	49.340458	49.3215314	49.3055514	
32.73304	49.1644518	49.340458	49.3215314	49.3055514	
32.74305	49.1644518	49.340458	49.3215314	49.3055514	
32.75317	49.1644518	49.340458	49.3215314	49.3055514	
32.7633	49.1644518	49.340458	49.3215314	49.3055514	
32.77344	49.1644518	49.340458	49.3215314	49.3055514	
32.78352	49.1644518	49.340458	49.3215314	49.3055514	
32.79376	49.1644518	49.340458	49.3215314	49.3055514	
32.80383	49.1644518	49.340458	49.3215314	49.3055514	
32.81394	49.1644518	49.340458	49.3215314	49.3055514	
32.82402	49.1644518	49.340458	49.3215314	49.3055514	
32.83449	49.1644518	49.340458	49.3215314	49.3055514	
32.84437	49.1644518	49.340458	49.3215314	49.3055514	
32.8545	49.1644518	49.340458	49.3215314	49.3055514	
32.86463	49.1644518	49.340458	49.3215314	49.3055514	
32.87473	49.1644518	49.340458	49.3215314	49.3055514	
32.88487	49.1644518	49.340458	49.3215314	49.3055514	
32.89507	49.1644518	49.340458	49.3215314	49.3055514	
32.9052	49.1644518	49.340458	49.3215314	49.3055514	
32.91532	49.1644518	49.340458	49.3215314	49.3055514	
32.9254	49.1644518	49.340458	49.3215314	49.3055514	
32.93589	49.1644518	49.340458	49.3215314	49.3055514	
32.94577	49.1644518	49.340458	49.3215314	49.3055514	
32.95589	49.1644518	49.340458	49.3215314	49.3055514	
32.96598	49.1644518	49.340458	49.3215314	49.3055514	
32.97608	49.1644518	49.340458	49.3215314	49.3055514	
32.98639	49.1644518	49.340458	49.3215314	49.3055514	
32.99635	49.1644518	49.340458	49.3215314	49.3055514	
33.0067	49.1644518	49.340458	49.3215314	49.3055514	
33.01667	49.1644518	49.340458	49.3215314	49.3055514	
33.02678	49.1644518	49.340458	49.3215314	49.3055514	
33.03713	49.1644518	49.340458	49.3215314	49.3055514	
33.04732	49.1644518	49.340458	49.3215314	49.3055514	
33.05747	49.1644518	49.340458	49.3215314	49.3055514	
33.06761	49.1644518	49.340458	49.3215314	49.3055514	
33.07769	49.1644518	49.340458	49.3215314	49.3055514	
33.08786	49.1644518	49.340458	49.3215314	49.3055514	
33.09801	49.1644518	49.340458	49.3215314	49.3055514	
33.10813	49.1644518	49.340458	49.3215314	49.3055514	
33.11826	49.1644518	49.340458	49.3215314	49.3055514	
33.12836	49.1644518	49.340458	49.3215314	49.3055514	
33.13886	49.1644518	49.340458	49.3215314	49.3055514	
33.14883	49.1644518	49.340458	49.3215314	49.3055514	
33.15898	49.1644518	49.340458	49.3215314	49.3055514	
33.16911	49.1644518	49.340458	49.3215314	49.3055514	
33.17927	49.1644518	49.340458	49.3215314	49.3055514	
33.18938	49.1644518	49.340458	49.3215314	49.3055514	
33.1995	49.1644518	49.340458	49.3215314	49.3055514	
33.20964	49.1644518	49.340458	49.3215314	49.3055514	
33.21977	49.1644518	49.340458	49.3215314	49.3055514	
33.22986	49.1644518	49.340458	49.3215314	49.3055514	
33.24004	49.1644518	49.340458	49.3215314	49.3055514	
33.25022	49.1644518	49.340458	49.3215314	49.3055514	
33.26033	49.1644518	49.340458	49.3215314	49.3055514	
33.2705	49.1644518	49.340458	49.3215314	49.3055514	
33.28065	49.1644518	49.340458	49.3215314	49.3055514	
33.29077	49.1644518	49.340458	49.3215314	49.3055514	
33.30088	49.1644518	49.340458	49.3215314	49.3055514	
33.31101	49.1644518	49.340458	49.3215314	49.3055514	
33.32112	49.1644518	49.340458	49.3215314	49.3055514	
33.33135	49.1644518	49.340458	49.3215314	49.3055514	
33.3414	49.1644518	49.340458	49.3215314	49.3055514	
33.35162	49.1644518	49.340458	49.3215314	49.3055514	
33.36179	49.1644518	49.340458	49.3215314	49.3055514	
33.37189	49.1644518	49.340458	49.3215314	49.3055514	
33.382	49.1644518	49.340458	49.3215314	49.3055514	
33.39211	49.1644518	49.340458	49.3215314	49.3055514	
33.40231	49.1644518	49.340458	49.3215314	49.3055514	
33.4124	49.1644518	49.340458	49.3215314	49.3055514	
33.42257	49.1644518	49.340458	49.3215314	49.3055514	
33.43269	49.1644518	49.340458	49.3215314	49.3055514	
33.44293	49.1644518	49.340458	49.3215314	49.3055514	
33.45333	49.1644518	49.340458	49.3215314	49.3055514	
33.46309	49.1644518	49.340458	49.3215314	49.3055514	
33.47318	49.1644518	49.340458	49.3215314	49.3055514	
33.48339	49.1644518	49.340458	49.3215314	49.3055514	
33.49343	49.1644518	49.340458	49.3215314	49.3055514	
33.50372	49.1644518	49.340458	49.3215314	49.3055514	
33.51387	49.1644518	49.340458	49.3215314	49.3055514	
33.52398	49.1644518	49.340458	49.3215314	49.3055514	
33.53406	49.1644518	49.340458	49.3215314	49.3055514	
33.54436	49.1644518	49.340458	49.3215314	49.3055514	
33.55441	49.1644518	49.340458	49.3215314	49.3055514	
33.5645	49.1644518	49.340458	49.3215314	49.3055514	
33.57462	49.1644518	49.340458	49.3215314	49.3055514	
33.58472	49.1644518	49.340458	49.3215314	49.3055514	
33.59487	49.1644518	49.340458	49.3215314	49.3055514	
33.60507	49.1644518	49.340458	49.3215314	49.3055514	
33.61517	49.1644518	49.340458	49.3215314	49.3055514	
33.62526	49.1644518	49.340458	49.3215314	49.3055514	
33.63541	49.1644518	49.340458	49.3215314	49.3055514	
33.64584	49.1644518	49.340458	49.3215314	49.3055514	
33.65572	49.1644518	49.340458	49.3215314	49.3055514	
33.66589	49.1644518	49.340458	49.3215314	49.3055514	
33.67726	49.1644518	49.340458	49.3215314	49.3055514	
33.68603	49.1644518	49.340458	49.3215314	49.3055514	
33.69622	49.1644518	49.340458	49.3215314	49.3055514	
33.70632	49.1644518	49.340458	49.3215314	49.3055514	
33.71648	49.1644518	49.340458	49.3215314	49.3055514	
33.7266	49.1644518	49.340458	49.3215314	49.3055514	
33.7368	49.1644518	49.340458	49.3215314	49.3055514	
33.7491	49.1644518	49.340458	49.3215314	49.3055514	
33.75926	49.1644518	49.340458	49.3215314	49.3055514	
33.76935	49.1644518	49.340458	49.3215314	49.3055514	
33.7795	49.1644518	49.340458	49.3215314	49.3055514	
33.78957	49.1644518	49.340458	49.3215314	49.3055514	
33.79975	49.1644518	49.340458	49.3215314	49.3055514	
33.80993	49.1644518	49.340458	49.3215314	49.3055514	
33.82003	49.1644518	49.340458	49.3215314	49.3055514	
33.83012	49.1644518	49.340458	49.3215314	49.3055514	
33.85028	49.1644518	49.340458	49.3215314	49.3055514	
33.85521	49.1644518	49.340458	49.3215314	49.3055514	
33.86485	49.1644518	49.340458	49.3215314	49.3055514	
33.875	49.1644518	49.340458	49.3215314	49.3055514	
33.88512	49.1644518	49.340458	49.3215314	49.3055514	
33.8956	49.1644518	49.340458	49.3215314	49.3055514	
33.90541	49.1644518	49.340458	49.3215314	49.3055514	
33.91551	49.1644518	49.340458	49.3215314	49.3055514	
33.92559	49.1644518	49.340458	49.3215314	49.3055514	
33.93569	49.1644518	49.340458	49.3215314	49.3055514	
33.94594	49.1644518	49.340458	49.3215314	49.3055514	
33.9566	49.1644518	49.340458	49.3215314	49.3055514	
33.96615	49.1644518	49.340458	49.3215314	49.3055514	
33.97627	49.1644518	49.340458	49.3215314	49.3055514	
33.9864	49.1644518	49.340458	49.3215314	49.3055514	
34.0044	49.1644518	49.340458	49.3215314	49.3055514	
34.00875	49.1644518	49.340458	49.3215314	49.3055514	
34.01891	49.1644518	49.340458	49.3215314	49.3055514	
34.02906	49.1644518	49.340458	49.3215314	49.3055514	
34.03919	49.1644518	49.340458	49.3215314	49.3055514	
34.0493	49.1644518	49.340458	49.3215314	49.3055514	
34.05954	49.1644518	49.340458	49.3215314	49.3055514	
34.06965	49.1644518	49.340458	49.3215314	49.3055514	
34.07976	49.1644518	49.340458	49.3215314	49.3055514	
34.08994	49.1644518	49.340458	49.3215314	49.3055514	
34.10001	49.1644518	49.340458	49.3215314	49.3055514	
34.11018	49.1644518	49.340458	49.3215314	49.3055514	
34.1203	49.1644518	49.340458	49.3215314	49.3055514	
34.13045	49.1644518	49.340458	49.3215314	49.3055514	
34.14083	49.1644518	49.340458	49.3215314	49.3055514	
34.15082	49.1644518	49.340458	49.3215314	49.3055514	
34.16105	49.1644518	49.340458	49.3215314	49.3055514	
34.17128	49.1644518	49.340458	49.3215314	49.3055514	
34.18132	49.1644518	49.340458	49.3215314	49.3055514	
34.19144	49.1644518	49.340458	49.3215314	49.3055514	
34.20153	49.1644518	49.340458	49.3215314	49.3055514	
34.21172	49.1644518	49.340458	49.3215314	49.3055514	
34.22182	49.1644518	49.340458	49.3215314	49.3055514	
34.23197	49.1644518	49.340458	49.3215314	49.3055514	
34.2421	49.1644518	49.340458	49.3215314	49.3055514	
34.2522	49.1644518	49.340458	49.3215314	49.3055514	
34.26237	49.1644518	49.340458	49.3215314	49.3055514	
34.27256	49.1644518	49.340458	49.3215314	49.3055514	
34.28269	49.1644518	49.340458	49.3215314	49.3055514	
34.29289	49.1644518	49.340458	49.3215314	49.3055514	
34.30307	49.1644518	49.340458	49.3215314	49.3055514	
34.31312	49.1644518	49.340458	49.3215314	49.3055514	
34.32332	49.1644518	49.340458	49.3215314	49.3055514	
34.33342	49.1644518	49.340458	49.3215314	49.3055514	
34.34354	49.1644518	49.340458	49.3215314	49.3055514	
34.35413	49.1644518	49.340458	49.3215314	49.3055514	
34.36391	49.1644518	49.340458	49.3215314	49.3055514	
34.37402	49.1644518	49.340458	49.3215314	49.3055514	
34.3841	49.1644518	49.340458	49.3215314	49.3055514	
34.39421	49.1644518	49.340458	49.3215314	49.3055514	
34.40441	49.1644518	49.340458	49.3215314	49.3055514	
34.41449	49.1644518	49.340458	49.3215314	49.3055514	
34.42461	49.1644518	49.340458	49.3215314	49.3055514	
34.43474	49.1644518	49.340458	49.3215314	49.3055514	
34.44488	49.1644518	49.340458	49.3215314	49.3055514	
34.46355	49.1644518	49.340458	49.3215314	49.3055514	
34.46791	49.1644518	49.340458	49.3215314	49.3055514	
34.47808	49.1644518	49.340458	49.3215314	49.3055514	
34.48823	49.1644518	49.340458	49.3215314	49.3055514	
34.49833	49.1644518	49.340458	49.3215314	49.3055514	
34.50848	49.1644518	49.340458	49.3215314	49.3055514	
34.51862	49.1644518	49.340458	49.3215314	49.3055514	
34.52881	49.1644518	49.340458	49.3215314	49.3055514	
34.53892	49.1644518	49.340458	49.3215314	49.3055514	
34.54901	49.1644518	49.340458	49.3215314	49.3055514	
34.55921	49.1644518	49.340458	49.3215314	49.3055514	
34.56943	49.1644518	49.340458	49.3215314	49.3055514	
34.57952	49.1644518	49.340458	49.3215314	49.3055514	
34.58962	49.1644518	49.340458	49.3215314	49.3055514	
34.5997	49.1644518	49.340458	49.3215314	49.3055514	
34.60991	49.1644518	49.340458	49.3215314	49.3055514	
34.62002	49.1644518	49.340458	49.3215314	49.3055514	
34.63015	49.1644518	49.340458	49.3215314	49.3055514	
34.64027	49.1644518	49.340458	49.3215314	49.3055514	
34.65037	49.1644518	49.340458	49.3215314	49.3055514	
34.66053	49.1644518	49.340458	49.3215314	49.3055514	
34.6708	49.1644518	49.340458	49.3215314	49.3055514	
34.68123	49.1644518	49.340458	49.3215314	49.3055514	
34.69111	49.1644518	49.340458	49.3215314	49.3055514	
34.70119	49.1644518	49.340458	49.3215314	49.3055514	
34.71136	49.1644518	49.340458	49.3215314	49.3055514	
34.72149	49.1644518	49.340458	49.3215314	49.3055514	
34.73168	49.1644518	49.340458	49.3215314	49.3055514	
34.74179	49.1644518	49.340458	49.3215314	49.3055514	
34.75186	49.1644518	49.340458	49.3215314	49.3055514	
34.76203	49.1644518	49.340458	49.3215314	49.3055514	
34.77251	49.1644518	49.340458	49.3215314	49.3055514	
34.78233	49.1644518	49.340458	49.3215314	49.3055514	
34.79247	49.1644518	49.340458	49.3215314	49.3055514	
34.80262	49.1644518	49.340458	49.3215314	49.3055514	
34.813	49.1644518	49.340458	49.3215314	49.3055514	
34.82283	49.1644518	49.340458	49.3215314	49.3055514	
34.833	49.1644518	49.340458	49.3215314	49.3055514	
34.84313	49.1644518	49.340458	49.3215314	49.3055514	
34.85324	49.1644518	49.340458	49.3215314	49.3055514	
34.86334	49.1644518	49.340458	49.3215314	49.3055514	
34.87357	49.1644518	49.340458	49.3215314	49.3055514	
34.88372	49.1644518	49.340458	49.3215314	49.3055514	
34.89379	49.1644518	49.340458	49.3215314	49.3055514	
34.90393	49.1644518	49.340458	49.3215314	49.3055514	
34.91436	49.1644518	49.340458	49.3215314	49.3055514	
34.92418	49.1644518	49.340458	49.3215314	49.3055514	
34.9343	49.1644518	49.340458	49.3215314	49.3055514	
34.94442	49.1644518	49.340458	49.3215314	49.3055514	
34.95454	49.1644518	49.340458	49.3215314	49.3055514	
34.96469	49.1644518	49.340458	49.3215314	49.3055514	
34.97485	49.1644518	49.340458	49.3215314	49.3055514	
34.98507	49.1644518	49.340458	49.3215314	49.3055514	
34.99518	49.1644518	49.340458	49.3215314	49.3055514	
35.00543	49.1644518	49.340458	49.3215314	49.3055514	
35.01584	49.1644518	49.340458	49.3215314	49.3055514	
35.02607	49.1644518	49.340458	49.3215314	49.3055514	
35.03583	49.1644518	49.340458	49.3215314	49.3055514	
35.04594	49.1644518	49.340458	49.3215314	49.3055514	
35.05603	49.1644518	49.340458	49.3215314	49.3055514	
35.0662	49.1644518	49.340458	49.3215314	49.3055514	
35.07635	49.1644518	49.340458	49.3215314	49.3055514	
35.08652	49.1644518	49.340458	49.3215314	49.3055514	
35.09663	49.1644518	49.340458	49.3215314	49.3055514	
35.10673	49.1644518	49.340458	49.3215314	49.3055514	
35.11712	49.1644518	49.340458	49.3215314	49.3055514	
35.12726	49.1644518	49.340458	49.3215314	49.3055514	
35.14554	49.1644518	49.340458	49.3215314	49.3055514	
35.14991	49.1644518	49.340458	49.3215314	49.3055514	
35.16004	49.1644518	49.340458	49.3215314	49.3055514	
35.17929	49.1644518	49.340458	49.3215314	49.3055514	
35.18373	49.1644518	49.340458	49.3215314	49.3055514	
35.19394	49.1644518	49.340458	49.3215314	49.3055514	
35.20397	49.1644518	49.340458	49.3215314	49.3055514	
35.21434	49.1644518	49.340458	49.3215314	49.3055514	
35.22421	49.1644518	49.340458	49.3215314	49.3055514	
35.23432	49.1644518	49.340458	49.3215314	49.3055514	
35.24445	49.1644518	49.340458	49.3215314	49.3055514	
35.25456	49.1644518	49.340458	49.3215314	49.3055514	
35.26468	49.1644518	49.340458	49.3215314	49.3055514	
35.2749	49.1644518	49.340458	49.3215314	49.3055514	
35.28511	49.1644518	49.340458	49.3215314	49.3055514	
35.29524	49.1644518	49.340458	49.3215314	49.3055514	
35.30542	49.1644518	49.340458	49.3215314	49.3055514	
35.31587	49.1644518	49.340458	49.3215314	49.3055514	
35.32559	49.1644518	49.340458	49.3215314	49.3055514	
35.33572	49.1644518	49.340458	49.3215314	49.3055514	
35.34584	49.1644518	49.340458	49.3215314	49.3055514	
35.35595	49.1644518	49.340458	49.3215314	49.3055514	
35.36612	49.1644518	49.340458	49.3215314	49.3055514	
35.37629	49.1644518	49.340458	49.3215314	49.3055514	
35.38641	49.1644518	49.340458	49.3215314	49.3055514	
35.39664	49.1644518	49.340458	49.3215314	49.3055514	
35.40667	49.1644518	49.340458	49.3215314	49.3055514	
35.41709	49.1644518	49.340458	49.3215314	49.3055514	
35.42722	49.1644518	49.340458	49.3215314	49.3055514	
35.43736	49.1644518	49.340458	49.3215314	49.3055514	
35.44748	49.1644518	49.340458	49.3215314	49.3055514	
35.45759	49.1644518	49.340458	49.3215314	49.3055514	
35.46775	49.1644518	49.340458	49.3215314	49.3055514	
35.47791	49.1644518	49.340458	49.3215314	49.3055514	
35.48807	49.1644518	49.340458	49.3215314	49.3055514	
35.49822	49.1644518	49.340458	49.3215314	49.3055514	
35.50834	49.1644518	49.340458	49.3215314	49.3055514	
35.51848	49.1644518	49.340458	49.3215314	49.3055514	
35.52862	49.1644518	49.340458	49.3215314	49.3055514	
35.53877	49.1644518	49.340458	49.3215314	49.3055514	
35.54895	49.1644518	49.340458	49.3215314	49.3055514	
35.55902	49.1644518	49.340458	49.3215314	49.3055514	
35.56918	49.1644518	49.340458	49.3215314	49.3055514	
35.57945	49.1644518	49.340458	49.3215314	49.3055514	
35.58953	49.1644518	49.340458	49.3215314	49.3055514	
35.59966	49.1644518	49.340458	49.3215314	49.3055514	
35.60978	49.1644518	49.340458	49.3215314	49.3055514	
35.61988	49.1644518	49.340458	49.3215314	49.3055514	
35.63007	49.1644518	49.340458	49.3215314	49.3055514	
35.64018	49.1644518	49.340458	49.3215314	49.3055514	
35.65036	49.1644518	49.340458	49.3215314	49.3055514	
35.66047	49.1644518	49.340458	49.3215314	49.3055514	
35.67056	49.1644518	49.340458	49.3215314	49.3055514	
35.6823	49.1644518	49.340458	49.3215314	49.3055514	
35.69091	49.1644518	49.340458	49.3215314	49.3055514	
35.70125	49.1644518	49.340458	49.3215314	49.3055514	
35.7112	49.1644518	49.340458	49.3215314	49.3055514	
35.72128	49.1644518	49.340458	49.3215314	49.3055514	
35.73152	49.1644518	49.340458	49.3215314	49.3055514	
35.74159	49.1644518	49.340458	49.3215314	49.3055514	
35.7517	49.1644518	49.340458	49.3215314	49.3055514	
35.7618	49.1644518	49.340458	49.3215314	49.3055514	
35.77193	49.1644518	49.340458	49.3215314	49.3055514	
35.78214	49.1644518	49.340458	49.3215314	49.3055514	
35.79228	49.1644518	49.340458	49.3215314	49.3055514	
35.80256	49.1644518	49.340458	49.3215314	49.3055514	
35.81257	49.1644518	49.340458	49.3215314	49.3055514	
35.82272	49.1644518	49.340458	49.3215314	49.3055514	
35.8331	49.1644518	49.340458	49.3215314	49.3055514	
35.8431	49.1644518	49.340458	49.3215314	49.3055514	
35.85321	49.1644518	49.340458	49.3215314	49.3055514	
35.86333	49.1644518	49.340458	49.3215314	49.3055514	
35.87342	49.1644518	49.340458	49.3215314	49.3055514	
35.88406	49.1644518	49.340458	49.3215314	49.3055514	
35.89377	49.1644518	49.340458	49.3215314	49.3055514	
35.90395	49.1644518	49.340458	49.3215314	49.3055514	
35.91406	49.1644518	49.340458	49.3215314	49.3055514	
35.92433	49.1644518	49.340458	49.3215314	49.3055514	
35.93426	49.1644518	49.340458	49.3215314	49.3055514	
35.94439	49.1644518	49.340458	49.3215314	49.3055514	
35.95452	49.1644518	49.340458	49.3215314	49.3055514	
35.96463	49.1644518	49.340458	49.3215314	49.3055514	
35.97476	49.1644518	49.340458	49.3215314	49.3055514	
35.98503	49.1644518	49.340458	49.3215314	49.3055514	
35.99516	49.1644518	49.340458	49.3215314	49.3055514	
36.00544	49.1644518	49.340458	49.3215314	49.3055514	
36.01549	49.1644518	49.340458	49.3215314	49.3055514	
36.02588	49.1644518	49.340458	49.3215314	49.3055514	
36.03581	49.1644518	49.340458	49.3215314	49.3055514	
36.04589	49.1644518	49.340458	49.3215314	49.3055514	
36.05601	49.1644518	49.340458	49.3215314	49.3055514	
36.06616	49.1644518	49.340458	49.3215314	49.3055514	
36.07626	49.1644518	49.340458	49.3215314	49.3055514	
36.08652	49.1644518	49.340458	49.3215314	49.3055514	
36.09665	49.1644518	49.340458	49.3215314	49.3055514	
36.1067	49.1644518	49.340458	49.3215314	49.3055514	
36.11689	49.1644518	49.340458	49.3215314	49.3055514	
36.12709	49.1644518	49.340458	49.3215314	49.3055514	
36.13731	49.1644518	49.340458	49.3215314	49.3055514	
36.14752	49.1644518	49.340458	49.3215314	49.3055514	
36.15757	49.1644518	49.340458	49.3215314	49.3055514	
36.16768	49.1644518	49.340458	49.3215314	49.3055514	
36.17784	49.1644518	49.340458	49.3215314	49.3055514	
36.18807	49.1644518	49.340458	49.3215314	49.3055514	
36.19817	49.1644518	49.340458	49.3215314	49.3055514	
36.2083	49.1644518	49.340458	49.3215314	49.3055514	
36.21843	49.1644518	49.340458	49.3215314	49.3055514	
36.22859	49.1644518	49.340458	49.3215314	49.3055514	
36.23871	49.1644518	49.340458	49.3215314	49.3055514	
36.24885	49.1644518	49.340458	49.3215314	49.3055514	
36.25897	49.1644518	49.340458	49.3215314	49.3055514	
36.2691	49.1644518	49.340458	49.3215314	49.3055514	
36.27926	49.1644518	49.340458	49.3215314	49.3055514	
36.29021	49.1644518	49.340458	49.3215314	49.3055514	
36.30696	49.1644518	49.340458	49.3215314	49.3055514	
36.31779	49.1644518	49.340458	49.3215314	49.3055514	
