40.38217	39.9872231	39.9854932	39.9784964	39.9767665	
40.38862	39.9881328	39.9854932	39.9794062	39.9767665	
40.39884	39.9903188	39.9854932	39.9815921	39.9767665	
40.40894	39.9930848	39.9854932	39.9843581	39.9854932	
40.41904	39.9964668	39.9854932	39.9877402	39.9854932	
40.42916	40.0004683	39.9854932	39.9917417	39.9854932	
40.43926	40.0050732	39.9854932	39.9963466	39.9854932	
40.44944	40.0103388	39.9854932	40.0016121	39.9854932	
40.45956	40.0161818	39.9854932	40.0074551	39.9854932	
40.46968	40.0226457	39.9854932	40.0139191	39.9854932	
40.48076	40.0305005	39.9854932	40.0217738	39.9854932	
40.49028	40.0377405	39.9854932	40.0290139	39.9854932	
40.50041	40.0460714	39.9854932	40.0373448	39.9854932	
40.51023	40.0547217	39.9854932	40.045995	39.9854932	
40.52037	40.0642814	39.9854932	40.0555548	39.9854932	
40.53053	40.0744778	39.9854932	40.0657511	39.9854932	
40.54063	40.0852193	39.9854932	40.0764926	39.9854932	
40.5508	40.0966682	39.9854932	40.0879415	39.9854932	
40.56101	40.1087854	39.9854932	40.1000587	39.9854932	
40.57104	40.1212951	39.9854932	40.1125685	39.9854932	
40.58203	40.135753	39.9854932	40.1270263	39.9854932	
40.59172	40.149018	39.9854932	40.1402914	39.9854932	
40.60176	40.163394	39.9854932	40.1546673	39.9854932	
40.61159	40.1780233	39.9854932	40.1692967	39.9854932	
40.62176	40.1937958	39.9854932	40.1850692	39.9854932	
40.63189	40.2101136	39.9854932	40.201387	39.9854932	
40.64197	40.2269847	39.9854932	40.2182581	39.9854932	
40.65215	40.2446198	39.9854932	40.2358932	39.9854932	
40.66233	40.2629022	39.9854932	40.2541756	39.9854932	
40.67239	40.2815582	39.9854932	40.2728315	39.9942198	
40.68323	40.3024092	39.9942198	40.2936825	39.9942198	
40.69302	40.3217644	39.9942198	40.3130377	40.0029465	
40.70285	40.3417793	40.0029465	40.3330526	40.0116731	
40.71305	40.363183	40.0116731	40.3544563	40.0203997	
40.72311	40.3848977	40.0291264	40.3761711	40.037853	
40.73322	40.4073465	40.037853	40.3986198	40.0465797	
40.74334	40.4304231	40.0553063	40.4216965	40.0553063	
40.75348	40.4541725	40.0814863	40.4454458	40.0727596	
40.76368	40.4786813	40.1076662	40.4699547	40.0989396	
40.77391	40.5038808	40.1251195	40.4951542	40.1163929	
40.78445	40.5305516	40.1512994	40.521825	40.1425728	
40.79414	40.5555833	40.1774794	40.5468567	40.1687527	
40.80446	40.5829039	40.2036593	40.5741772	40.1949327	
40.81436	40.6096961	40.2298393	40.6009694	40.2211126	
40.82444	40.6375763	40.2647458	40.6288496	40.2560192	
40.83457	40.6662232	40.2996524	40.6574966	40.2909258	
40.84466	40.6953697	40.3258324	40.686643	40.3258324	
40.85483	40.7253703	40.360739	40.7166437	40.360739	
40.865	40.7559793	40.3956455	40.7472526	40.4043722	
40.87513	40.7870946	40.4305521	40.7783679	40.4480054	
40.88565	40.8201132	40.4741854	40.8113865	40.4916386	
40.8954	40.8512171	40.5090919	40.8424905	40.5265452	
40.90572	40.8847898	40.5527252	40.8760631	40.5789051	
40.91581	40.9182405	40.5963584	40.9095139	40.6225383	
40.92593	40.9523958	40.631265	40.9436691	40.6661716	
40.93606	40.9872427	40.6748982	40.9785161	40.7098048	
40.94617	41.0225773	40.7185314	41.0138506	40.7621647	
40.95633	41.0587396	40.7621647	41.050013	40.8057979	
40.9665	41.0955586	40.8057979	41.086832	40.8581578	
40.97661	41.1327571	40.8407045	41.1240304	40.9105177	
40.98688	41.1712317	40.8930644	41.1625051	40.9541509	
40.99718	41.210399	40.9366976	41.2016723	41.0065108	
41.00703	41.2484109	40.9803308	41.2396843	41.050144	
41.01721	41.2883484	41.0326907	41.2796217	41.1025039	
41.02732	41.3286139	41.0763239	41.3198872	41.1548638	
41.03745	41.3696204	41.1199572	41.3608938	41.2072236	
41.04761	41.4113107	41.1723171	41.402584	41.2595835	
41.05772	41.4534704	41.2159503	41.4447437	41.3032167	
41.06787	41.4963911	41.2595835	41.4876645	41.3555766	
41.07799	41.5397464	41.3119434	41.5310197	41.4079365	
41.08926	41.5889086	41.3643033	41.5801819	41.4602964	
41.09832	41.6288425	41.4079365	41.6201159	41.5039296	
41.10866	41.6750899	41.4515697	41.6663632	41.5650161	
41.11873	41.720725	41.5039296	41.7119984	41.6086494	
41.12891	41.7675025	41.5475628	41.7587758	41.6610092	
41.13897	41.8143182	41.5999227	41.8055915	41.7133691	
41.14912	41.8621831	41.643556	41.8534565	41.7744556	
41.15924	41.9105252	41.6959158	41.9017986	41.8180889	
41.16939	41.9595806	41.7395491	41.9508539	41.8791754	
41.17954	42.0093129	41.7919089	42.0005863	41.9228086	
41.19074	42.0649968	41.8442688	42.0562701	41.9751685	
41.1999	42.1109528	41.887902	42.1022262	42.0275284	
41.21131	42.1690138	41.9402619	42.1602872	42.0798883	
41.2204	42.2157553	41.9926218	42.2070287	42.1322481	
41.23021	42.2667595	42.036255	42.2580329	42.1933347	
41.24057	42.3213224	42.0886149	42.3125957	42.2456945	
41.25054	42.374401	42.1322481	42.3656744	42.2980544	
41.26065	42.4287823	42.184608	42.4200556	42.3504143	
41.27076	42.4838587	42.2369679	42.475132	42.4115008	
41.28094	42.5399128	42.2980544	42.5311861	42.4551341	
41.29208	42.6020523	42.3504143	42.5933256	42.5162206	
41.30148	42.6549482	42.4027742	42.6462215	42.5685805	
41.3116	42.7125262	42.4551341	42.7037995	42.6209403	
41.32173	42.7707712	42.5162206	42.7620445	42.6733002	
41.33182	42.8294486	42.5685805	42.820722	42.7256601	
41.34196	42.8889584	42.629667	42.8802318	42.7867466	
41.35212	42.949229	42.6907535	42.9405023	42.8391065	
41.36269	43.0126336	42.7431134	43.0039069	42.900193	
41.37277	43.0737064	42.8041999	43.0649797	42.9612795	
41.38304	43.1365318	42.8652864	43.1278052	43.0136394	
41.39342	43.2007552	42.9176463	43.1920286	43.0747259	
41.41133	43.3137428	43.0310927	43.3050162	43.1794457	
41.41573	43.3414527	43.0572726	43.3327261	43.2143523	
41.42587	43.4061288	43.1183592	43.3974022	43.2667122	
41.43596	43.470998	43.1794457	43.4622714	43.3365253	
41.44614	43.5371817	43.2492589	43.5284551	43.3888852	
41.45628	43.6036554	43.3103454	43.5949288	43.4586984	
41.46648	43.6711751	43.3714319	43.6624484	43.5285115	
41.47658	43.7386485	43.4412451	43.7299219	43.5895981	
41.48671	43.8069323	43.5110583	43.7982057	43.6506846	
41.49739	43.8796876	43.5808714	43.870961	43.7204978	
41.5075	43.949042	43.6506846	43.9403153	43.7903109	
41.51761	44.0190929	43.7204978	44.0103662	43.8513975	
41.528	44.0917542	43.7903109	44.0830275	43.9212106	
41.53808	44.1627212	43.8601241	44.1539946	43.9910238	
41.54824	44.2349734	43.9386639	44.2262467	44.0521103	
41.55838	44.307925	44.0084771	44.2991983	44.1219235	
41.56853	44.3811314	44.0782903	44.3724047	44.1917367	
41.57865	44.4548714	44.1481034	44.4461447	44.2702765	
41.58874	44.5290537	44.2266432	44.5203271	44.3400896	
41.59898	44.6050176	44.3051831	44.596291	44.4099028	
41.60926	44.6818914	44.3749962	44.6731647	44.4884426	
41.61922	44.7569356	44.453536	44.748209	44.5582558	
41.63882	44.9075076	44.601889	44.8987809	44.7066088	
41.64318	44.9409074	44.6367956	44.9321808	44.7415154	
41.65333	45.0194427	44.7153354	45.0107161	44.8200552	
41.66344	45.0983431	44.7938753	45.0896164	44.8898684	
41.67362	45.1783583	44.8724151	45.1696316	44.9684082	
41.68377	45.2588266	44.9596815	45.2500999	45.046948	
41.6944	45.3440508	45.0382213	45.3353241	45.1342145	
41.70425	45.4230135	45.1167612	45.4142868	45.2040276	
41.71417	45.5033899	45.2040276	45.4946632	45.2912941	
41.72428	45.5859497	45.2825674	45.577223	45.3698339	
41.73445	45.6696218	45.3611073	45.6608952	45.4483737	
41.74458	45.7535877	45.4483737	45.7448611	45.5356402	
41.75471	45.8381526	45.5269135	45.8294259	45.6229066	
41.76482	45.923095	45.6229066	45.9143684	45.7014465	
41.77501	46.0094972	45.7014465	46.0007706	45.7887129	
41.78518	46.096265	45.7799863	46.0875384	45.8672527	
41.79563	46.1860856	45.8672527	46.177359	45.9632459	
41.80575	46.2736393	45.9632459	46.2649127	46.0417857	
41.81592	46.362309	46.0417857	46.3535824	46.1290521	
41.82601	46.4508724	46.1377788	46.4421458	46.2163186	
41.83615	46.5404219	46.2163186	46.5316952	46.3123117	
41.84633	46.6310009	46.3123117	46.6222742	46.3995782	
41.85646	46.7217399	46.3995782	46.7130133	46.4955713	
41.8666	46.8132858	46.4955713	46.8045592	46.5828377	
41.87676	46.9054589	46.5828377	46.8967322	46.6701042	
41.88683	46.9975207	46.6701042	46.9887941	46.7573707	
41.89812	47.1016715	46.7660973	47.0929449	46.8533638	
41.90716	47.1852628	46.8620904	47.1765362	46.9406302	
41.9173	47.2798114	46.9580835	47.2710847	47.0366233	
41.92747	47.3752896	47.0540766	47.366563	47.1238898	
41.93761	47.4710454	47.1413431	47.4623188	47.2198829	
41.94776	47.5675714	47.2460629	47.5588447	47.3071494	
41.96004	47.6854088	47.342056	47.6766822	47.4205958	
41.96797	47.761603	47.4380491	47.7528764	47.4904089	
41.9781	47.8597536	47.5340422	47.851027	47.5864021	
41.98822	47.9584609	47.6387619	47.9497343	47.6823952	
41.99956	48.0698965	47.734755	48.0611699	47.7783883	
42.00857	48.1587034	47.8307482	48.1499768	47.8743814	
42.01879	48.2602941	47.9267413	48.2515674	47.9703745	
42.02883	48.3605961	48.0401877	48.3518694	48.0663676	
42.03896	48.4624257	48.1361808	48.453699	48.1710874	
42.04918	48.565871	48.2409005	48.5571444	48.2758071	
42.05923	48.6680956	48.3456203	48.659369	48.3718002	
42.06937	48.7718552	48.45034	48.7631285	48.47652	
42.07951	48.8762831	48.5550598	48.8675565	48.5812397	
42.08961	48.980837	48.6597795	48.9721104	48.6772328	
42.10078	49.0974261	48.7644993	49.0886994	48.7819526	
42.10994	49.1934083	48.8692191	49.1846817	48.8866723	
42.12016	49.301092	48.9739388	49.2923654	48.9913921	
42.13021	49.4075839	49.0873852	49.3988573	49.0961119	
42.14032	49.5154554	49.192105	49.5067287	49.2008316	
42.15051	49.6246764	49.3055514	49.6159498	49.3055514	
42.16062	49.7336715	49.4189978	49.7249449	49.4102711	
42.17075	49.8436076	49.5324442	49.834881	49.5149909	
42.18091	49.9543582	49.6371639	49.9456316	49.6284373	
42.19102	50.0634382	49.7506103	50.0547116	49.733157	
42.20205	50.1817471	49.8727834	50.1730205	49.8466034	
42.21256	50.293688	49.9862298	50.2849613	49.9513232	
42.22148	50.3882667	50.0909495	50.3795401	50.0560429	
42.23168	50.495901	50.2131226	50.4871743	50.1694893	
42.24199	50.6040024	50.326569	50.5952758	50.2829357	
42.25189	50.7072393	50.4400154	50.6985127	50.3876555	
42.26203	50.8123042	50.5534618	50.8035776	50.5011019	
42.27216	50.9167231	50.6669082	50.9079965	50.6058217	
42.28233	51.0210047	50.7803546	51.012278	50.7105414	
42.29241	51.1236764	50.893801	51.1149498	50.8239878	
42.30383	51.2393483	51.0072474	51.2306217	50.9287076	
42.31299	51.3315406	51.1206938	51.3228139	51.0334273	
42.3228	51.4296437	51.2254135	51.4209171	51.1381471	
42.33291	51.5302784	51.3388599	51.5215517	51.2428668	
42.34306	51.6307124	51.4523063	51.6219857	51.3563132	
42.35327	51.7310651	51.5570261	51.7223384	51.4697596	
42.36332	51.8292551	51.6617459	51.8205284	51.5744794	
42.37342	51.927322	51.7751923	51.9185953	51.6791992	
42.38355	52.0251041	51.8886387	52.0163774	51.7926456	
42.39373	52.1227476	52.0020851	52.1140209	51.8973653	
42.40507	52.230797	52.0980782	52.2220704	52.0108117	
42.41405	52.3158312	52.2115246	52.3071046	52.1068048	
42.42414	52.4107892	52.324971	52.4020626	52.2115246	
42.43428	52.5055929	52.4296907	52.4968663	52.3162443	
42.4446	52.6015957	52.5344105	52.5928691	52.4122374	
42.45458	52.6937246	52.6391302	52.6849979	52.5169572	
42.46468	52.7863218	52.74385	52.7775951	52.6129503	
42.4748	52.8785543	52.8485698	52.8698276	52.7089434	
42.48493	52.9703727	52.9445629	52.9616461	52.8136632	
42.49509	53.0617199	53.040556	53.0529932	52.9096563	
42.514	53.2293088	53.2238155	53.2205822	53.0841892	
42.51841	53.2683061	53.2674488	53.2595794	53.1278224	
42.52853	53.3574019	53.3634419	53.3486753	53.2238155	
42.53869	53.4461977	53.459435	53.4374711	53.311082	
42.5488	53.5339656	53.5554281	53.5252389	53.4070751	
42.55898	53.6216954	53.6514212	53.6129687	53.4943416	
42.56917	53.7088925	53.7386877	53.7001659	53.581608	
42.57922	53.7943443	53.8259541	53.7856176	53.6688745	
42.58933	53.8796198	53.9219472	53.8708932	53.756141	
42.59945	53.9644782	54.0092137	53.9557516	53.8434074	
42.61046	54.0561207	54.0877535	54.047394	53.9306739	
42.61979	54.1331564	54.17502	54.1244297	54.0092137	
42.6299	54.2160566	54.2535598	54.20733	54.0964802	
42.64002	54.2985181	54.3408263	54.2897914	54.17502	
42.65016	54.3804573	54.4280927	54.3717307	54.2622864	
42.66028	54.4616504	54.5066325	54.4529237	54.3495529	
42.6704	54.5422581	54.593899	54.5335315	54.4280927	
42.68057	54.6226944	54.6637122	54.6139678	54.5066325	
42.6907	54.7021507	54.7509786	54.693424	54.593899	
42.70076	54.7804892	54.8295185	54.7717626	54.6637122	
42.71188	54.8663675	54.9080583	54.8576408	54.7597053	
42.7212	54.9378379	54.9778714	54.9291112	54.8295185	
42.7312	55.0139093	55.0564113	55.0051826	54.9080583	
42.74132	55.0903194	55.1349511	55.0815927	54.9778714	
42.75165	55.1677192	55.2134909	55.1589925	55.0564113	
42.76161	55.2416372	55.2833041	55.2329105	55.1349511	
42.7717	55.3159871	55.3618439	55.3072605	55.2134909	
42.78185	55.3902316	55.431657	55.381505	55.2833041	
42.79202	55.4639861	55.5014702	55.4552594	55.3618439	
42.80207	55.5362887	55.5712834	55.5275621	55.431657	
42.81318	55.6154576	55.6410966	55.6067309	55.5014702	
42.82241	55.6807485	55.7196364	55.6720218	55.5712834	
42.83254	55.7517594	55.7894495	55.7430328	55.6410966	
42.84267	55.8222522	55.8592627	55.8135256	55.7109097	
42.8533	55.8955305	55.9203492	55.8868038	55.7807229	
42.86294	55.9613957	55.9988891	55.952669	55.8505361	
42.87311	56.0303242	56.0687022	56.0215975	55.9203492	
42.88315	56.0977851	56.1297887	56.0890585	55.9901624	
42.89325	56.1650105	56.1996019	56.1562838	56.0599756	
42.90345	56.2323292	56.2694151	56.2236026	56.1210621	
42.91463	56.30537	56.3392283	56.2966433	56.1908753	
42.92375	56.3644174	56.4003148	56.3556907	56.2519618	
42.93386	56.4294028	56.4701279	56.4206761	56.3130483	
42.94404	56.4941151	56.5312145	56.4853884	56.3741348	
42.95404	56.5571533	56.592301	56.5484266	56.443948	
42.96448	56.622357	56.6533875	56.6136304	56.5137612	
42.97435	56.683358	56.7232007	56.6746314	56.5661211	
42.98448	56.7453966	56.7930139	56.7366699	56.6272076	
42.99468	56.8072479	56.8453737	56.7985212	56.6882941	
43.00473	56.8676216	56.9151869	56.8588949	56.7493806	
43.01597	56.9344127	56.9762734	56.925686	56.8191938	
43.02518	56.9886508	57.03736	56.9799242	56.8715537	
43.03521	57.0470899	57.0897198	57.0383633	56.9326402	
43.04528	57.105175	57.1508064	57.0964484	56.9850001	
43.05539	57.1628934	57.2118929	57.1541668	57.0460866	
43.06574	57.2213837	57.2642528	57.212657	57.1071731	
43.07585	57.2778898	57.3253393	57.2691632	57.159533	
43.08611	57.3346438	57.3864258	57.3259172	57.2206195	
43.09623	57.3900463	57.4387857	57.3813197	57.2817061	
43.10637	57.444931	57.4911456	57.4362044	57.3340659	
43.11725	57.5031449	57.5435054	57.4944183	57.3864258	
43.12675	57.5534177	57.5958653	57.5446911	57.4387857	
43.13679	57.6059896	57.6569518	57.5972629	57.4911456	
43.14695	57.65859	57.7093117	57.6498633	57.5522321	
43.15707	57.710388	57.7616716	57.7016613	57.604592	
43.16724	57.7618431	57.8140315	57.7531164	57.6569518	
43.1774	57.8126321	57.8663913	57.8039054	57.7093117	
43.18753	57.8626459	57.9100246	57.8539192	57.7616716	
43.19765	57.9120731	57.9623845	57.9033465	57.8140315	
43.20778	57.9609279	58.0147443	57.9522013	57.8663913	
43.21967	58.0174298	58.0671042	58.0087031	57.9187512	
43.22837	58.0583408	58.1107374	58.0496141	57.9623845	
43.23848	58.1053095	58.1543707	58.0965828	58.0147443	
43.24863	58.1518506	58.2067306	58.1431239	58.0583776	
43.25875	58.1976248	58.2503638	58.1888982	58.1107374	
43.26896	58.2432523	58.293997	58.2345256	58.1543707	
43.27908	58.2878813	58.3376302	58.2791546	58.2067306	
43.28927	58.3322057	58.3812635	58.323479	58.2503638	
43.29935	58.375453	58.4336234	58.3667264	58.293997	
43.30942	58.4180661	58.4685299	58.4093395	58.3376302	
43.31991	58.4618438	58.5208898	58.4531172	58.3899901	
43.32995	58.5031652	58.5557964	58.4944386	58.4336234	
43.33988	58.5434183	58.6081563	58.5346917	58.4685299	
43.35075	58.5868156	58.6430629	58.5780889	58.5208898	
43.3601	58.6236504	58.6866961	58.6149237	58.5557964	
43.37027	58.6631375	58.7303293	58.6544109	58.5994296	
43.38036	58.7017014	58.7652359	58.6929747	58.6430629	
43.39049	58.739806	58.8001425	58.7310793	58.6779695	
43.40064	58.7774382	58.8437757	58.7687116	58.712876	
43.41076	58.8143363	58.8786823	58.8056097	58.7565093	
43.42121	58.8518088	58.9223155	58.8430822	58.8001425	
43.4314	58.887765	58.9572221	58.8790383	58.8350491	
43.44123	58.9218942	58.9921287	58.9131676	58.8699557	
43.45132	58.9563091	59.0270353	58.9475824	58.9048623	
43.46166	58.9909815	59.0619419	58.9822548	58.9397688	
43.47163	59.0238586	59.0968485	59.0151319	58.9746754	
43.48176	59.0566431	59.1317551	59.0479165	59.009582	
43.49189	59.0888728	59.1666616	59.0801462	59.0444886	
43.50206	59.1205947	59.2015682	59.1118681	59.0793952	
43.51213	59.1514771	59.2277482	59.1427505	59.1055751	
43.53149	59.2081326	59.2975613	59.199406	59.1666616	
43.5359	59.2210887	59.306288	59.212362	59.1753883	
43.54601	59.2501103	59.3411946	59.2413836	59.2015682	
43.55611	59.2784988	59.3673745	59.2697722	59.2364748	
43.5663	59.3065566	59.4022811	59.29783	59.2713814	
43.57649	59.3340383	59.428461	59.3253117	59.2975613	
43.58662	59.3607596	59.454641	59.352033	59.3237413	
43.59674	59.3868673	59.4808209	59.3781406	59.3499212	
43.60682	59.41232	59.5157275	59.4035933	59.3761012	
43.61699	59.4373734	59.5419074	59.4286467	59.4110077	
43.6371	59.4841077	59.5942673	59.475381	59.454641	
43.64146	59.4943376	59.602994	59.485611	59.4633676	
43.65163	59.5173855	59.6291739	59.5086589	59.4895476	
43.6617	59.539684	59.6553538	59.5309573	59.5157275	
43.67222	59.5623326	59.6728071	59.553606	59.5331808	
43.68207	59.5830061	59.6989871	59.5742795	59.5506341	
43.69215	59.6035717	59.725167	59.594845	59.576814	
43.70231	59.6237394	59.7426203	59.6150128	59.5942673	
43.71278	59.6438922	59.7688002	59.6351655	59.6117206	
43.72356	59.6640011	59.7862535	59.6552745	59.6291739	
43.74078	59.6941342	59.8211601	59.6854075	59.6640805	
43.753	59.7148543	59.8473401	59.7061276	59.6902604	
43.75735	59.7222069	59.8560667	59.7134803	59.6902604	
43.76745	59.7385948	59.8647933	59.7298681	59.7077137	
43.7778	59.7547997	59.8822466	59.746073	59.725167	
43.78777	59.7698536	59.8996999	59.7611269	59.7426203	
43.7979	59.7845982	59.9171532	59.7758716	59.7600736	
43.80804	59.7987949	59.9258799	59.7900683	59.7688002	
43.81814	59.8123679	59.9433332	59.8036413	59.7862535	
43.82835	59.8255362	59.9520598	59.8168095	59.7949802	
43.83847	59.8380235	59.9607865	59.8292969	59.8124335	
43.84863	59.8500078	59.9695131	59.8412811	59.8211601	
43.8588	59.8614434	59.9782397	59.8527167	59.8298868	
43.86888	59.8722461	59.9869664	59.8635194	59.8386134	
43.87906	59.8826022	59.995693	59.8738756	59.8473401	
43.88923	59.8923999	60.0044197	59.8836732	59.8560667	
43.89932	59.9015855	60.0131463	59.8928588	59.8647933	
43.9095	59.9103094	60.021873	59.9015828	59.8647933	
43.91958	59.9184319	60.021873	59.9097053	59.87352	
43.92982	59.9261339	60.0305996	59.9174073	59.8822466	
43.93995	59.9332345	60.0393263	59.9245079	59.8822466	
43.95006	59.9398059	60.0393263	59.9310793	59.8822466	
43.96021	59.9458928	60.0393263	59.9371662	59.8909733	
43.9703	59.9514459	60.0393263	59.9427193	59.8909733	
43.98102	59.9567828	60.0393263	59.9480561	59.8909733	
43.9906	59.9611353	60.0305996	59.9524087	59.8909733	
44.00076	59.9652616	60.0305996	59.9565349	59.8909733	
44.01089	59.9689143	60.021873	59.9601876	59.8909733	
44.02103	59.9721204	60.021873	59.9633937	59.8909733	
44.03129	59.9749175	60.021873	59.9661909	59.8909733	
44.04146	59.9772769	60.0131463	59.9685503	59.8909733	
44.05154	59.9792327	60.0131463	59.9705061	59.8909733	
44.06164	59.980834	60.0044197	59.9721073	59.8909733	
44.07174	59.9854932	60.0044197	59.9767665	59.8909733	
44.08192	59.9854932	59.995693	59.9767665	59.8909733	
44.09207	59.9854932	59.9869664	59.9767665	59.8909733	
44.10218	59.9854932	59.9869664	59.9767665	59.8909733	
44.11235	59.9854932	59.9782397	59.9767665	59.8909733	
44.12278	59.9854932	59.9782397	59.9767665	59.8909733	
44.13259	59.9854932	59.9695131	59.9767665	59.8909733	
44.14276	59.9854932	59.9695131	59.9767665	59.8909733	
44.15287	59.9854932	59.9695131	59.9767665	59.8909733	
44.16298	59.9854932	59.9695131	59.9767665	59.8909733	
44.1731	59.9854932	59.9695131	59.9767665	59.8909733	
44.18345	59.9854932	59.9695131	59.9767665	59.8909733	
44.1937	59.9854932	59.9695131	59.9767665	59.8909733	
44.20374	59.9854932	59.9695131	59.9767665	59.8909733	
44.21381	59.9854932	59.9695131	59.9767665	59.8909733	
44.22438	59.9854932	59.9695131	59.9767665	59.8909733	
44.23416	59.9854932	59.9695131	59.9767665	59.8909733	
44.24429	59.9854932	59.9695131	59.9767665	59.8909733	
44.25439	59.9854932	59.9695131	59.9767665	59.8909733	
44.26449	59.9854932	59.9695131	59.9767665	59.8909733	
44.27468	59.9854932	59.9695131	59.9767665	59.8909733	
44.28476	59.9854932	59.9695131	59.9767665	59.8909733	
44.29494	59.9854932	59.9695131	59.9767665	59.8909733	
44.31313	59.9854932	59.9695131	59.9767665	59.8909733	
44.31745	59.9854932	59.9695131	59.9767665	59.8909733	
44.32761	59.9854932	59.9695131	59.9767665	59.8909733	
44.33812	59.9854932	59.9695131	59.9767665	59.8909733	
44.34861	59.9854932	59.9695131	59.9767665	59.8909733	
44.35804	59.9854932	59.9695131	59.9767665	59.8909733	
44.36818	59.9854932	59.9695131	59.9767665	59.8909733	
44.37829	59.9854932	59.9695131	59.9767665	59.8909733	
44.38839	59.9854932	59.9695131	59.9767665	59.8909733	
44.39861	59.9854932	59.9695131	59.9767665	59.8909733	
44.40873	59.9854932	59.9695131	59.9767665	59.8909733	
44.41884	59.9854932	59.9695131	59.9767665	59.8909733	
44.42902	59.9854932	59.9695131	59.9767665	59.8909733	
44.43921	59.9854932	59.9695131	59.9767665	59.8909733	
44.44942	59.9854932	59.9695131	59.9767665	59.8909733	
44.45949	59.9854932	59.9695131	59.9767665	59.8909733	
44.46957	59.9854932	59.9695131	59.9767665	59.8909733	
44.47976	59.9854932	59.9695131	59.9767665	59.8909733	
44.48991	59.9854932	59.9695131	59.9767665	59.8909733	
44.50006	59.9854932	59.9695131	59.9767665	59.8909733	
44.51017	59.9854932	59.9695131	59.9767665	59.8909733	
44.5203	59.9854932	59.9695131	59.9767665	59.8909733	
44.53044	59.9854932	59.9695131	59.9767665	59.8909733	
44.54062	59.9854932	59.9695131	59.9767665	59.8909733	
44.55076	59.9854932	59.9695131	59.9767665	59.8909733	
44.56089	59.9854932	59.9695131	59.9767665	59.8909733	
44.57109	59.9854932	59.9695131	59.9767665	59.8909733	
44.58134	59.9854932	59.9695131	59.9767665	59.8909733	
44.59133	59.9854932	59.9695131	59.9767665	59.8909733	
44.60154	59.9854932	59.9695131	59.9767665	59.8909733	
44.61154	59.9854932	59.9695131	59.9767665	59.8909733	
44.62172	59.9854932	59.9695131	59.9767665	59.8909733	
44.63179	59.9854932	59.9695131	59.9767665	59.8909733	
44.64198	59.9854932	59.9695131	59.9767665	59.8909733	
44.65215	59.9854932	59.9695131	59.9767665	59.8909733	
44.66223	59.9854932	59.9695131	59.9767665	59.8909733	
44.67238	59.9854932	59.9695131	59.9767665	59.8909733	
44.68299	59.9854932	59.9695131	59.9767665	59.8909733	
44.69263	59.9854932	59.9695131	59.9767665	59.8909733	
44.7028	59.9854932	59.9695131	59.9767665	59.8909733	
44.71289	59.9854932	59.9695131	59.9767665	59.8909733	
44.72298	59.9854932	59.9695131	59.9767665	59.8909733	
44.73312	59.9854932	59.9695131	59.9767665	59.8909733	
44.74363	59.9854932	59.9695131	59.9767665	59.8909733	
44.75345	59.9854932	59.9695131	59.9767665	59.8909733	
44.76355	59.9854932	59.9695131	59.9767665	59.8909733	
44.78164	59.9854932	59.9695131	59.9767665	59.8909733	
44.78601	59.9854932	59.9695131	59.9767665	59.8909733	
44.79613	59.9854932	59.9695131	59.9767665	59.8909733	
44.80631	59.9854932	59.9695131	59.9767665	59.8909733	
44.81644	59.9854932	59.9695131	59.9767665	59.8909733	
44.82656	59.9854932	59.9695131	59.9767665	59.8909733	
44.83717	59.9854932	59.9695131	59.9767665	59.8909733	
44.8469	59.9854932	59.9695131	59.9767665	59.8909733	
44.8573	59.9854932	59.9695131	59.9767665	59.8909733	
44.86715	59.9854932	59.9695131	59.9767665	59.8909733	
44.87725	59.9854932	59.9695131	59.9767665	59.8909733	
44.88737	59.9854932	59.9695131	59.9767665	59.8909733	
44.89757	59.9854932	59.9695131	59.9767665	59.8909733	
44.9077	59.9854932	59.9695131	59.9767665	59.8909733	
44.91784	59.9854932	59.9695131	59.9767665	59.8909733	
44.92796	59.9854932	59.9695131	59.9767665	59.8909733	
44.93844	59.9854932	59.9695131	59.9767665	59.8909733	
44.94824	59.9854932	59.9695131	59.9767665	59.8909733	
44.9584	59.9854932	59.9695131	59.9767665	59.8909733	
44.96853	59.9854932	59.9695131	59.9767665	59.8909733	
44.97867	59.9854932	59.9695131	59.9767665	59.8909733	
44.98881	59.9854932	59.9695131	59.9767665	59.8909733	
44.99896	59.9854932	59.9695131	59.9767665	59.8909733	
45.00914	59.9854932	59.9695131	59.9767665	59.8909733	
45.01924	59.9854932	59.9695131	59.9767665	59.8909733	
45.02933	59.9854932	59.9695131	59.9767665	59.8909733	
45.03973	59.9854932	59.9695131	59.9767665	59.8909733	
45.04966	59.9854932	59.9695131	59.9767665	59.8909733	
45.06012	59.9854932	59.9695131	59.9767665	59.8909733	
45.06991	59.9854932	59.9695131	59.9767665	59.8909733	
45.08006	59.9854932	59.9695131	59.9767665	59.8909733	
45.0902	59.9854932	59.9695131	59.9767665	59.8909733	
45.10033	59.9854932	59.9695131	59.9767665	59.8909733	
45.11048	59.9854932	59.9695131	59.9767665	59.8909733	
45.12066	59.9854932	59.9695131	59.9767665	59.8909733	
45.13082	59.9854932	59.9695131	59.9767665	59.8909733	
45.14996	59.9854932	59.9695131	59.9767665	59.8909733	
45.15434	59.9854932	59.9695131	59.9767665	59.8909733	
45.16451	59.9854932	59.9695131	59.9767665	59.8909733	
45.17458	59.9854932	59.9695131	59.9767665	59.8909733	
45.18477	59.9854932	59.9695131	59.9767665	59.8909733	
45.19494	59.9854932	59.9695131	59.9767665	59.8909733	
45.20514	59.9854932	59.9695131	59.9767665	59.8909733	
45.21525	59.9854932	59.9695131	59.9767665	59.8909733	
45.22545	59.9854932	59.9695131	59.9767665	59.8909733	
45.23571	59.9854932	59.9695131	59.9767665	59.8909733	
45.24591	59.9854932	59.9695131	59.9767665	59.8909733	
45.25605	59.9854932	59.9695131	59.9767665	59.8909733	
45.26622	59.9854932	59.9695131	59.9767665	59.8909733	
45.27628	59.9854932	59.9695131	59.9767665	59.8909733	
45.28648	59.9854932	59.9695131	59.9767665	59.8909733	
45.2966	59.9854932	59.9695131	59.9767665	59.8909733	
45.30678	59.9854932	59.9695131	59.9767665	59.8909733	
45.31693	59.9854932	59.9695131	59.9767665	59.8909733	
45.32701	59.9854932	59.9695131	59.9767665	59.8909733	
45.33719	59.9854932	59.9695131	59.9767665	59.8909733	
45.34735	59.9854932	59.9695131	59.9767665	59.8909733	
45.35748	59.9854932	59.9695131	59.9767665	59.8909733	
45.3676	59.9854932	59.9695131	59.9767665	59.8909733	
45.37773	59.9854932	59.9695131	59.9767665	59.8909733	
45.38782	59.9854932	59.9695131	59.9767665	59.8909733	
45.39799	59.9854932	59.9695131	59.9767665	59.8909733	
45.40817	59.9854932	59.9695131	59.9767665	59.8909733	
45.41833	59.9854932	59.9695131	59.9767665	59.8909733	
45.42844	59.9854932	59.9695131	59.9767665	59.8909733	
45.43852	59.9854932	59.9695131	59.9767665	59.8909733	
45.44877	59.9854932	59.9695131	59.9767665	59.8909733	
45.45894	59.9854932	59.9695131	59.9767665	59.8909733	
45.46907	59.9854932	59.9695131	59.9767665	59.8909733	
45.4792	59.9854932	59.9695131	59.9767665	59.8909733	
45.48933	59.9854932	59.9695131	59.9767665	59.8909733	
45.49945	59.9854932	59.9695131	59.9767665	59.8909733	
45.50957	59.9854932	59.9695131	59.9767665	59.8909733	
45.5202	59.9854932	59.9695131	59.9767665	59.8909733	
45.52986	59.9854932	59.9695131	59.9767665	59.8909733	
45.53995	59.9854932	59.9695131	59.9767665	59.8909733	
45.55017	59.9854932	59.9695131	59.9767665	59.8909733	
45.56034	59.9854932	59.9695131	59.9767665	59.8909733	
45.57048	59.9854932	59.9695131	59.9767665	59.8909733	
45.58057	59.9854932	59.9695131	59.9767665	59.8909733	
45.59068	59.9854932	59.9695131	59.9767665	59.8909733	
45.60088	59.9854932	59.9695131	59.9767665	59.8909733	
45.61102	59.9854932	59.9695131	59.9767665	59.8909733	
45.62151	59.9854932	59.9695131	59.9767665	59.8909733	
45.64053	59.9854932	59.9695131	59.9767665	59.8909733	
45.64567	59.9854932	59.9695131	59.9767665	59.8909733	
45.6551	59.9854932	59.9695131	59.9767665	59.8909733	
45.6652	59.9854932	59.9695131	59.9767665	59.8909733	
45.67533	59.9854932	59.9695131	59.9767665	59.8909733	
45.68543	59.9854932	59.9695131	59.9767665	59.8909733	
45.69573	59.9854932	59.9695131	59.9767665	59.8909733	
45.70585	59.9854932	59.9695131	59.9767665	59.8909733	
45.71602	59.9854932	59.9695131	59.9767665	59.8909733	
45.72616	59.9854932	59.9695131	59.9767665	59.8909733	
45.73626	59.9854932	59.9695131	59.9767665	59.8909733	
45.74689	59.9854932	59.9695131	59.9767665	59.8909733	
45.75693	59.9854932	59.9695131	59.9767665	59.8909733	
45.76673	59.9854932	59.9695131	59.9767665	59.8909733	
45.77689	59.9854932	59.9695131	59.9767665	59.8909733	
45.78701	59.9854932	59.9695131	59.9767665	59.8909733	
45.79718	59.9854932	59.9695131	59.9767665	59.8909733	
45.80732	59.9854932	59.9695131	59.9767665	59.8909733	
45.81752	59.9854932	59.9695131	59.9767665	59.8909733	
45.8278	59.9854932	59.9695131	59.9767665	59.8909733	
45.83771	59.9854932	59.9695131	59.9767665	59.8909733	
45.84815	59.9854932	59.9695131	59.9767665	59.8909733	
45.85809	59.9854932	59.9695131	59.9767665	59.8909733	
45.86819	59.9854932	59.9695131	59.9767665	59.8909733	
45.87831	59.9854932	59.9695131	59.9767665	59.8909733	
45.88842	59.9854932	59.9695131	59.9767665	59.8909733	
45.89861	59.9854932	59.9695131	59.9767665	59.8909733	
45.90867	59.9854932	59.9695131	59.9767665	59.8909733	
45.91893	59.9854932	59.9695131	59.9767665	59.8909733	
45.92946	59.9854932	59.9695131	59.9767665	59.8909733	
45.93963	59.9854932	59.9695131	59.9767665	59.8909733	
45.95072	59.9854932	59.9695131	59.9767665	59.8909733	
45.95974	59.9854932	59.9695131	59.9767665	59.8909733	
45.96987	59.9854932	59.9695131	59.9767665	59.8909733	
45.98003	59.9854932	59.9695131	59.9767665	59.8909733	
45.99011	59.9854932	59.9695131	59.9767665	59.8909733	
46.0003	59.9854932	59.9695131	59.9767665	59.8909733	
46.01039	59.9854932	59.9695131	59.9767665	59.8909733	
46.02056	59.9854932	59.9695131	59.9767665	59.8909733	
46.03073	59.9854932	59.9695131	59.9767665	59.8909733	
46.04077	59.9854932	59.9695131	59.9767665	59.8909733	
46.05204	59.9854932	59.9695131	59.9767665	59.8909733	
46.0612	59.9854932	59.9695131	59.9767665	59.8909733	
46.07126	59.9854932	59.9695131	59.9767665	59.8909733	
46.08142	59.9854932	59.9695131	59.9767665	59.8909733	
46.09166	59.9854932	59.9695131	59.9767665	59.8909733	
46.10164	59.9854932	59.9695131	59.9767665	59.8909733	
46.11191	59.9854932	59.9695131	59.9767665	59.8909733	
46.12204	59.9854932	59.9695131	59.9767665	59.8909733	
46.13238	59.9854932	59.9695131	59.9767665	59.8909733	
46.14236	59.9854932	59.9695131	59.9767665	59.8909733	
46.15347	59.9854932	59.9695131	59.9767665	59.8909733	
46.16256	59.9854932	59.9695131	59.9767665	59.8909733	
46.17265	59.9854932	59.9695131	59.9767665	59.8909733	
46.18297	59.9854932	59.9695131	59.9767665	59.8909733	
46.19289	59.9854932	59.9695131	59.9767665	59.8909733	
46.20305	59.9854932	59.9695131	59.9767665	59.8909733	
46.21315	59.9854932	59.9695131	59.9767665	59.8909733	
46.2245	59.9854932	59.9695131	59.9767665	59.8909733	
46.23363	59.9854932	59.9695131	59.9767665	59.8909733	
46.24352	59.9854932	59.9695131	59.9767665	59.8909733	
46.2706	59.9854932	59.9695131	59.9767665	59.8909733	
46.27513	59.9854932	59.9695131	59.9767665	59.8909733	
46.28519	59.9854932	59.9695131	59.9767665	59.8909733	
46.29527	59.9854932	59.9695131	59.9767665	59.8909733	
46.30573	59.9854932	59.9695131	59.9767665	59.8909733	
46.31575	59.9854932	59.9695131	59.9767665	59.8909733	
46.32587	59.9854932	59.9695131	59.9767665	59.8909733	
46.33628	59.9854932	59.9695131	59.9767665	59.8909733	
46.34617	59.9854932	59.9695131	59.9767665	59.8909733	
46.35744	59.9854932	59.9695131	59.9767665	59.8909733	
46.36696	59.9854932	59.9695131	59.9767665	59.8909733	
46.377	59.9854932	59.9695131	59.9767665	59.8909733	
46.38713	59.9854932	59.9695131	59.9767665	59.8909733	
46.39724	59.9854932	59.9695131	59.9767665	59.8909733	
46.40743	59.9854932	59.9695131	59.9767665	59.8909733	
46.41762	59.9854932	59.9695131	59.9767665	59.8909733	
46.42769	59.9854932	59.9695131	59.9767665	59.8909733	
46.43781	59.9854932	59.9695131	59.9767665	59.8909733	
46.44793	59.9854932	59.9695131	59.9767665	59.8909733	
46.45937	59.9854932	59.9695131	59.9767665	59.8909733	
46.46826	59.9854932	59.9695131	59.9767665	59.8909733	
46.47842	59.9854932	59.9695131	59.9767665	59.8909733	
46.48856	59.9854932	59.9695131	59.9767665	59.8909733	
46.49866	59.9854932	59.9695131	59.9767665	59.8909733	
46.50882	59.9854932	59.9695131	59.9767665	59.8909733	
46.519	59.9854932	59.9695131	59.9767665	59.8909733	
46.52911	59.9854932	59.9695131	59.9767665	59.8909733	
46.53947	59.9854932	59.9695131	59.9767665	59.8909733	
46.54936	59.9854932	59.9695131	59.9767665	59.8909733	
46.56057	59.9854932	59.9695131	59.9767665	59.8909733	
46.56973	59.9854932	59.9695131	59.9767665	59.8909733	
46.57979	59.9854932	59.9695131	59.9767665	59.8909733	
46.58989	59.9854932	59.9695131	59.9767665	59.8909733	
46.6	59.9854932	59.9695131	59.9767665	59.8909733	
46.61015	59.9854932	59.9695131	59.9767665	59.8909733	
46.62033	59.9854932	59.9695131	59.9767665	59.8909733	
46.63045	59.9854932	59.9695131	59.9767665	59.8909733	
46.64054	59.9854932	59.9695131	59.9767665	59.8909733	
46.65071	59.9854932	59.9695131	59.9767665	59.8909733	
46.66193	59.9854932	59.9695131	59.9767665	59.8909733	
46.67102	59.9854932	59.9695131	59.9767665	59.8909733	
46.68119	59.9854932	59.9695131	59.9767665	59.8909733	
46.69133	59.9854932	59.9695131	59.9767665	59.8909733	
46.70164	59.9854932	59.9695131	59.9767665	59.8909733	
46.71157	59.9854932	59.9695131	59.9767665	59.8909733	
46.72173	59.9854932	59.9695131	59.9767665	59.8909733	
46.73184	59.9854932	59.9695131	59.9767665	59.8909733	
46.74195	59.9854932	59.9695131	59.9767665	59.8909733	
46.75211	59.9854932	59.9695131	59.9767665	59.8909733	
46.76327	59.9854932	59.9695131	59.9767665	59.8909733	
46.7724	59.9854932	59.9695131	59.9767665	59.8909733	
46.78251	59.9854932	59.9695131	59.9767665	59.8909733	
46.79262	59.9854932	59.9695131	59.9767665	59.8909733	
46.80295	59.9854932	59.9695131	59.9767665	59.8909733	
46.81288	59.9854932	59.9695131	59.9767665	59.8909733	
46.82303	59.9854932	59.9695131	59.9767665	59.8909733	
46.83313	59.9854932	59.9695131	59.9767665	59.8909733	
46.84323	59.9854932	59.9695131	59.9767665	59.8909733	
46.85341	59.9854932	59.9695131	59.9767665	59.8909733	
46.86466	59.9854932	59.9695131	59.9767665	59.8909733	
46.8739	59.9854932	59.9695131	59.9767665	59.8909733	
46.8838	59.9854932	59.9695131	59.9767665	59.8909733	
46.89391	59.9854932	59.9695131	59.9767665	59.8909733	
46.90402	59.9854932	59.9695131	59.9767665	59.8909733	
46.91438	59.9854932	59.9695131	59.9767665	59.8909733	
46.92431	59.9854932	59.9695131	59.9767665	59.8909733	
46.93443	59.9854932	59.9695131	59.9767665	59.8909733	
46.94456	59.9854932	59.9695131	59.9767665	59.8909733	
46.95469	59.9854932	59.9695131	59.9767665	59.8909733	
46.96778	59.9854932	59.9695131	59.9767665	59.8909733	
46.97495	59.9854932	59.9695131	59.9767665	59.8909733	
46.99292	59.9854932	59.9695131	59.9767665	59.8909733	
46.99726	59.9854932	59.9695131	59.9767665	59.8909733	
47.00735	59.9854932	59.9695131	59.9767665	59.8909733	
47.01761	59.9854932	59.9695131	59.9767665	59.8909733	
47.02765	59.9854932	59.9695131	59.9767665	59.8909733	
47.03779	59.9854932	59.9695131	59.9767665	59.8909733	
47.04793	59.9854932	59.9695131	59.9767665	59.8909733	
47.05808	59.9854932	59.9695131	59.9767665	59.8909733	
47.06914	59.9854932	59.9695131	59.9767665	59.8909733	
47.07839	59.9854932	59.9695131	59.9767665	59.8909733	
47.0885	59.9854932	59.9695131	59.9767665	59.8909733	
47.09864	59.9854932	59.9695131	59.9767665	59.8909733	
47.10874	59.9854932	59.9695131	59.9767665	59.8909733	
47.11892	59.9854932	59.9695131	59.9767665	59.8909733	
47.12906	59.9854932	59.9695131	59.9767665	59.8909733	
47.13918	59.9854932	59.9695131	59.9767665	59.8909733	
47.14934	59.9854932	59.9695131	59.9767665	59.8909733	
47.15947	59.9854932	59.9695131	59.9767665	59.8909733	
47.17054	59.9854932	59.9695131	59.9767665	59.8909733	
47.1801	59.9854932	59.9695131	59.9767665	59.8909733	
47.18989	59.9854932	59.9695131	59.9767665	59.8909733	
47.20002	59.9854932	59.9695131	59.9767665	59.8909733	
47.21012	59.9854932	59.9695131	59.9767665	59.8909733	
47.22032	59.9854932	59.9695131	59.9767665	59.8909733	
47.23046	59.9854932	59.9695131	59.9767665	59.8909733	
47.24058	59.9854932	59.9695131	59.9767665	59.8909733	
47.25071	59.9854932	59.9695131	59.9767665	59.8909733	
47.26081	59.9854932	59.9695131	59.9767665	59.8909733	
47.27189	59.9854932	59.9695131	59.9767665	59.8909733	
47.28112	59.9854932	59.9695131	59.9767665	59.8909733	
47.29125	59.9854932	59.9695131	59.9767665	59.8909733	
47.30138	59.9854932	59.9695131	59.9767665	59.8909733	
47.31165	59.9854932	59.9695131	59.9767665	59.8909733	
47.32175	59.9854932	59.9695131	59.9767665	59.8909733	
47.33178	59.9854932	59.9695131	59.9767665	59.8909733	
47.34192	59.9854932	59.9695131	59.9767665	59.8909733	
47.35272	59.9854932	59.9695131	59.9767665	59.8909733	
47.36217	59.9854932	59.9695131	59.9767665	59.8909733	
47.37317	59.9854932	59.9695131	59.9767665	59.8909733	
47.38244	59.9854932	59.9695131	59.9767665	59.8909733	
47.39259	59.9854932	59.9695131	59.9767665	59.8909733	
47.40268	59.9854932	59.9695131	59.9767665	59.8909733	
47.41302	59.9854932	59.9695131	59.9767665	59.8909733	
47.42296	59.9854932	59.9695131	59.9767665	59.8909733	
47.43308	59.9854932	59.9695131	59.9767665	59.8909733	
47.44324	59.9854932	59.9695131	59.9767665	59.8909733	
47.45334	59.9854932	59.9695131	59.9767665	59.8909733	
47.46351	59.9854932	59.9695131	59.9767665	59.8909733	
47.47467	59.9854932	59.9695131	59.9767665	59.8909733	
47.48384	59.9854932	59.9695131	59.9767665	59.8909733	
47.4939	59.9854932	59.9695131	59.9767665	59.8909733	
47.50403	59.9854932	59.9695131	59.9767665	59.8909733	
47.51411	59.9854932	59.9695131	59.9767665	59.8909733	
47.52448	59.9854932	59.9695131	59.9767665	59.8909733	
47.53439	59.9854932	59.9695131	59.9767665	59.8909733	
47.54455	59.9854932	59.9695131	59.9767665	59.8909733	
47.55465	59.9854932	59.9695131	59.9767665	59.8909733	
47.5648	59.9854932	59.9695131	59.9767665	59.8909733	
47.57598	59.9854932	59.9695131	59.9767665	59.8909733	
47.58511	59.9854932	59.9695131	59.9767665	59.8909733	
47.59536	59.9854932	59.9695131	59.9767665	59.8909733	
47.6053	59.9854932	59.9695131	59.9767665	59.8909733	
47.61541	59.9854932	59.9695131	59.9767665	59.8909733	
47.63663	59.9854932	59.9695131	59.9767665	59.8909733	
47.64097	59.9854932	59.9695131	59.9767665	59.8909733	
47.65145	59.9854932	59.9695131	59.9767665	59.8909733	
47.66132	59.9854932	59.9695131	59.9767665	59.8909733	
47.67165	59.9854932	59.9695131	59.9767665	59.8909733	
47.68171	59.9854932	59.9695131	59.9767665	59.8909733	
47.69175	59.9854932	59.9695131	59.9767665	59.8909733	
47.70187	59.9854932	59.9695131	59.9767665	59.8909733	
47.71199	59.9854932	59.9695131	59.9767665	59.8909733	
47.72209	59.9854932	59.9695131	59.9767665	59.8909733	
47.73234	59.9854932	59.9695131	59.9767665	59.8909733	
47.74239	59.9854932	59.9695131	59.9767665	59.8909733	
47.75255	59.9854932	59.9695131	59.9767665	59.8909733	
47.76262	59.9854932	59.9695131	59.9767665	59.8909733	
47.773	59.9854932	59.9695131	59.9767665	59.8909733	
47.78313	59.9854932	59.9695131	59.9767665	59.8909733	
47.7932	59.9854932	59.9695131	59.9767665	59.8909733	
47.80331	59.9854932	59.9695131	59.9767665	59.8909733	
47.8134	59.9854932	59.9695131	59.9767665	59.8909733	
47.82355	59.9854932	59.9695131	59.9767665	59.8909733	
47.8338	59.9854932	59.9695131	59.9767665	59.8909733	
47.84381	59.9854932	59.9695131	59.9767665	59.8909733	
47.85398	59.9854932	59.9695131	59.9767665	59.8909733	
47.86402	59.9854932	59.9695131	59.9767665	59.8909733	
47.87448	59.9854932	59.9695131	59.9767665	59.8909733	
47.88434	59.9854932	59.9695131	59.9767665	59.8909733	
47.89452	59.9854932	59.9695131	59.9767665	59.8909733	
47.90463	59.9854932	59.9695131	59.9767665	59.8909733	
47.91472	59.9854932	59.9695131	59.9767665	59.8909733	
47.92489	59.9854932	59.9695131	59.9767665	59.8909733	
47.93499	59.9854932	59.9695131	59.9767665	59.8909733	
47.95297	59.9854932	59.9695131	59.9767665	59.8909733	
47.95733	59.9854932	59.9695131	59.9767665	59.8909733	
47.96743	59.9854932	59.9695131	59.9767665	59.8909733	
47.97805	59.9854932	59.9695131	59.9767665	59.8909733	
47.98777	59.9854932	59.9695131	59.9767665	59.8909733	
47.99791	59.9854932	59.9695131	59.9767665	59.8909733	
48.00803	59.9854932	59.9695131	59.9767665	59.8909733	
48.01819	59.9854932	59.9695131	59.9767665	59.8909733	
48.02835	59.9854932	59.9695131	59.9767665	59.8909733	
48.03851	59.9854932	59.9695131	59.9767665	59.8909733	
48.04867	59.9854932	59.9695131	59.9767665	59.8909733	
48.05878	59.9854932	59.9695131	59.9767665	59.8909733	
48.0689	59.9854932	59.9695131	59.9767665	59.8909733	
48.08779	59.9854932	59.9695131	59.9767665	59.8909733	
48.09218	59.9854932	59.9695131	59.9767665	59.8909733	
48.10247	59.9854932	59.9695131	59.9767665	59.8909733	
48.11259	59.9854932	59.9695131	59.9767665	59.8909733	
48.12291	59.9854932	59.9695131	59.9767665	59.8909733	
48.13278	59.9854932	59.9695131	59.9767665	59.8909733	
48.1429	59.9854932	59.9695131	59.9767665	59.8909733	
48.15308	59.9854932	59.9695131	59.9767665	59.8909733	
48.16323	59.9854932	59.9695131	59.9767665	59.8909733	
48.17335	59.9854932	59.9695131	59.9767665	59.8909733	
48.18464	59.9854932	59.9695131	59.9767665	59.8909733	
48.19473	59.9854932	59.9695131	59.9767665	59.8909733	
48.20491	59.9854932	59.9695131	59.9767665	59.8909733	
48.21497	59.9854932	59.9695131	59.9767665	59.8909733	
48.23386	59.9854932	59.9695131	59.9767665	59.8909733	
48.23821	59.9854932	59.9695131	59.9767665	59.8909733	
48.24839	59.9854932	59.9695131	59.9767665	59.8909733	
48.25849	59.9854932	59.9695131	59.9767665	59.8909733	
48.26859	59.9854932	59.9695131	59.9767665	59.8909733	
48.2788	59.9854932	59.9695131	59.9767665	59.8909733	
48.28895	59.9854932	59.9695131	59.9767665	59.8909733	
48.29915	59.9854932	59.9695131	59.9767665	59.8909733	
48.30922	59.9854932	59.9695131	59.9767665	59.8909733	
48.31929	59.9854932	59.9695131	59.9767665	59.8909733	
48.32949	59.9854932	59.9695131	59.9767665	59.8909733	
48.33959	59.9854932	59.9695131	59.9767665	59.8909733	
48.34972	59.9854932	59.9695131	59.9767665	59.8909733	
48.35987	59.9854932	59.9695131	59.9767665	59.8909733	
48.37	59.9854932	59.9695131	59.9767665	59.8909733	
48.38011	59.9854932	59.9695131	59.9767665	59.8909733	
48.39026	59.9854932	59.9695131	59.9767665	59.8909733	
48.40049	59.9854932	59.9695131	59.9767665	59.8909733	
48.41077	59.9854932	59.9695131	59.9767665	59.8909733	
48.42074	59.9854932	59.9695131	59.9767665	59.8909733	
48.43082	59.9854932	59.9695131	59.9767665	59.8909733	
48.44096	59.9854932	59.9695131	59.9767665	59.8909733	
48.4512	59.9854932	59.9695131	59.9767665	59.8909733	
48.46125	59.9854932	59.9695131	59.9767665	59.8909733	
48.47137	59.9854932	59.9695131	59.9767665	59.8909733	
48.48164	59.9854932	59.9695131	59.9767665	59.8909733	
48.49171	59.9854932	59.9695131	59.9767665	59.8909733	
48.50198	59.9854932	59.9695131	59.9767665	59.8909733	
48.51195	59.9854932	59.9695131	59.9767665	59.8909733	
48.52211	59.9854932	59.9695131	59.9767665	59.8909733	
48.53217	59.9854932	59.9695131	59.9767665	59.8909733	
48.54237	59.9854932	59.9695131	59.9767665	59.8909733	
48.55249	59.9854932	59.9695131	59.9767665	59.8909733	
48.5626	59.9854932	59.9695131	59.9767665	59.8909733	
48.57269	59.9854932	59.9695131	59.9767665	59.8909733	
48.58302	59.9854932	59.9695131	59.9767665	59.8909733	
48.59305	59.9854932	59.9695131	59.9767665	59.8909733	
48.60321	59.9854932	59.9695131	59.9767665	59.8909733	
48.61324	59.9854932	59.9695131	59.9767665	59.8909733	
48.62338	59.9854932	59.9695131	59.9767665	59.8909733	
48.63349	59.9854932	59.9695131	59.9767665	59.8909733	
48.64369	59.9854932	59.9695131	59.9767665	59.8909733	
48.6538	59.9854932	59.9695131	59.9767665	59.8909733	
48.66389	59.9854932	59.9695131	59.9767665	59.8909733	
48.67404	59.9854932	59.9695131	59.9767665	59.8909733	
48.68461	59.9854932	59.9695131	59.9767665	59.8909733	
48.69435	59.9854932	59.9695131	59.9767665	59.8909733	
48.70466	59.9854932	59.9695131	59.9767665	59.8909733	
48.71473	59.9854932	59.9695131	59.9767665	59.8909733	
48.7248	59.9854932	59.9695131	59.9767665	59.8909733	
48.73499	59.9854932	59.9695131	59.9767665	59.8909733	
48.74517	59.9854932	59.9695131	59.9767665	59.8909733	
48.7553	59.9854932	59.9695131	59.9767665	59.8909733	
48.76542	59.9854932	59.9695131	59.9767665	59.8909733	
48.77551	59.9854932	59.9695131	59.9767665	59.8909733	
48.78581	59.9854932	59.9695131	59.9767665	59.8909733	
48.79645	59.9854932	59.9695131	59.9767665	59.8909733	
48.80606	59.9854932	59.9695131	59.9767665	59.8909733	
48.81618	59.9854932	59.9695131	59.9767665	59.8909733	
48.8263	59.9854932	59.9695131	59.9767665	59.8909733	
48.83661	59.9854932	59.9695131	59.9767665	59.8909733	
48.84662	59.9854932	59.9695131	59.9767665	59.8909733	
48.85677	59.9854932	59.9695131	59.9767665	59.8909733	
48.86691	59.9854932	59.9695131	59.9767665	59.8909733	
48.877	59.9854932	59.9695131	59.9767665	59.8909733	
48.88713	59.9854932	59.9695131	59.9767665	59.8909733	
48.89786	59.9854932	59.9695131	59.9767665	59.8909733	
48.90744	59.9854932	59.9695131	59.9767665	59.8909733	
48.91758	59.9854932	59.9695131	59.9767665	59.8909733	
48.92768	59.9854932	59.9695131	59.9767665	59.8909733	
48.9379	59.9854932	59.9695131	59.9767665	59.8909733	
48.94798	59.9854932	59.9695131	59.9767665	59.8909733	
48.9581	59.9854932	59.9695131	59.9767665	59.8909733	
48.96825	59.9854932	59.9695131	59.9767665	59.8909733	
48.97836	59.9854932	59.9695131	59.9767665	59.8909733	
48.98851	59.9854932	59.9695131	59.9767665	59.8909733	
48.99873	59.9854932	59.9695131	59.9767665	59.8909733	
49.00884	59.9854932	59.9695131	59.9767665	59.8909733	
49.01897	59.9854932	59.9695131	59.9767665	59.8909733	
49.02905	59.9854932	59.9695131	59.9767665	59.8909733	
49.03926	59.9854932	59.9695131	59.9767665	59.8909733	
49.04936	59.9854932	59.9695131	59.9767665	59.8909733	
49.05949	59.9854932	59.9695131	59.9767665	59.8909733	
49.06961	59.9854932	59.9695131	59.9767665	59.8909733	
49.07972	59.9854932	59.9695131	59.9767665	59.8909733	
49.08991	59.9854932	59.9695131	59.9767665	59.8909733	
49.1001	59.9854932	59.9695131	59.9767665	59.8909733	
49.11016	59.9854932	59.9695131	59.9767665	59.8909733	
49.12033	59.9854932	59.9695131	59.9767665	59.8909733	
49.13044	59.9854932	59.9695131	59.9767665	59.8909733	
49.14053	59.9854932	59.9695131	59.9767665	59.8909733	
49.15071	59.9854932	59.9695131	59.9767665	59.8909733	
49.16082	59.9854932	59.9695131	59.9767665	59.8909733	
49.17095	59.9854932	59.9695131	59.9767665	59.8909733	
49.18107	59.9854932	59.9695131	59.9767665	59.8909733	
49.19157	59.9854932	59.9695131	59.9767665	59.8909733	
49.20142	59.9854932	59.9695131	59.9767665	59.8909733	
49.21157	59.9854932	59.9695131	59.9767665	59.8909733	
49.22166	59.9854932	59.9695131	59.9767665	59.8909733	
49.24088	59.9854932	59.9695131	59.9767665	59.8909733	
49.24572	59.9854932	59.9695131	59.9767665	59.8909733	
49.25586	59.9854932	59.9695131	59.9767665	59.8909733	
49.26604	59.9854932	59.9695131	59.9767665	59.8909733	
49.27613	59.9854932	59.9695131	59.9767665	59.8909733	
49.28623	59.9854932	59.9695131	59.9767665	59.8909733	
49.29728	59.9854932	59.9695131	59.9767665	59.8909733	
49.30688	59.9854932	59.9695131	59.9767665	59.8909733	
49.31671	59.9854932	59.9695131	59.9767665	59.8909733	
49.32684	59.9854932	59.9695131	59.9767665	59.8909733	
49.33695	59.9854932	59.9695131	59.9767665	59.8909733	
49.34716	59.9854932	59.9695131	59.9767665	59.8909733	
49.35795	59.9854932	59.9695131	59.9767665	59.8909733	
49.36737	59.9854932	59.9695131	59.9767665	59.8909733	
49.37744	59.9854932	59.9695131	59.9767665	59.8909733	
49.38757	59.9854932	59.9695131	59.9767665	59.8909733	
49.39862	59.9854932	59.9695131	59.9767665	59.8909733	
49.40819	59.9854932	59.9695131	59.9767665	59.8909733	
49.41808	59.9854932	59.9695131	59.9767665	59.8909733	
49.42818	59.9854932	59.9695131	59.9767665	59.8909733	
49.43831	59.9854932	59.9695131	59.9767665	59.8909733	
49.44853	59.9854932	59.9695131	59.9767665	59.8909733	
49.45864	59.9854932	59.9695131	59.9767665	59.8909733	
49.46875	59.9854932	59.9695131	59.9767665	59.8909733	
49.47888	59.9854932	59.9695131	59.9767665	59.8909733	
49.48899	59.9854932	59.9695131	59.9767665	59.8909733	
49.49997	59.9854932	59.9695131	59.9767665	59.8909733	
49.50966	59.9854932	59.9695131	59.9767665	59.8909733	
49.51945	59.9854932	59.9695131	59.9767665	59.8909733	
49.52959	59.9854932	59.9695131	59.9767665	59.8909733	
49.53968	59.9854932	59.9695131	59.9767665	59.8909733	
49.54987	59.9854932	59.9695131	59.9767665	59.8909733	
49.55998	59.9854932	59.9695131	59.9767665	59.8909733	
49.57017	59.9854932	59.9695131	59.9767665	59.8909733	
49.58024	59.9854932	59.9695131	59.9767665	59.8909733	
49.59034	59.9854932	59.9695131	59.9767665	59.8909733	
49.6013	59.9854932	59.9695131	59.9767665	59.8909733	
49.61068	59.9854932	59.9695131	59.9767665	59.8909733	
49.62077	59.9854932	59.9695131	59.9767665	59.8909733	
49.64015	59.9854932	59.9695131	59.9767665	59.8909733	
49.64453	59.9854932	59.9695131	59.9767665	59.8909733	
49.65463	59.9854932	59.9695131	59.9767665	59.8909733	
49.66477	59.9854932	59.9695131	59.9767665	59.8909733	
49.67487	59.9854932	59.9695131	59.9767665	59.8909733	
49.68497	59.9854932	59.9695131	59.9767665	59.8909733	
49.70377	59.9854932	59.9695131	59.9767665	59.8909733	
49.70817	59.9854932	59.9695131	59.9767665	59.8909733	
49.71833	59.9854932	59.9695131	59.9767665	59.8909733	
49.72852	59.9854932	59.9695131	59.9767665	59.8909733	
49.73857	59.9854932	59.9695131	59.9767665	59.8909733	
49.74874	59.9854932	59.9695131	59.9767665	59.8909733	
49.75885	59.9854932	59.9695131	59.9767665	59.8909733	
49.769	59.9854932	59.9695131	59.9767665	59.8909733	
49.77915	59.9854932	59.9695131	59.9767665	59.8909733	
49.78924	59.9854932	59.9695131	59.9767665	59.8909733	
49.79943	59.9854932	59.9695131	59.9767665	59.8909733	
49.81892	59.9854932	59.9695131	59.9767665	59.8909733	
49.82334	59.9854932	59.9695131	59.9767665	59.8909733	
49.83343	59.9854932	59.9695131	59.9767665	59.8909733	
49.84356	59.9854932	59.9695131	59.9767665	59.8909733	
49.85375	59.9854932	59.9695131	59.9767665	59.8909733	
49.86383	59.9854932	59.9695131	59.9767665	59.8909733	
49.87403	59.9854932	59.9695131	59.9767665	59.8909733	
49.88404	59.9854932	59.9695131	59.9767665	59.8909733	
49.89447	59.9854932	59.9695131	59.9767665	59.8909733	
49.90512	59.9854932	59.9695131	59.9767665	59.8909733	
49.91473	59.9854932	59.9695131	59.9767665	59.8909733	
49.92475	59.9854932	59.9695131	59.9767665	59.8909733	
49.93485	59.9854932	59.9695131	59.9767665	59.8909733	
49.94495	59.9854932	59.9695131	59.9767665	59.8909733	
49.95749	59.9854932	59.9695131	59.9767665	59.8909733	
49.96526	59.9854932	59.9695131	59.9767665	59.8909733	
49.97538	59.9854932	59.9695131	59.9767665	59.8909733	
49.98553	59.9854932	59.9695131	59.9767665	59.8909733	
49.9956	59.9854932	59.9695131	59.9767665	59.8909733	
50.00641	59.9854932	59.9695131	59.9767665	59.8909733	
50.01597	59.9854932	59.9695131	59.9767665	59.8909733	
50.02614	59.9854932	59.9695131	59.9767665	59.8909733	
50.03623	59.9854932	59.9695131	59.9767665	59.8909733	
50.04634	59.9854932	59.9695131	59.9767665	59.8909733	
50.05657	59.9854932	59.9695131	59.9767665	59.8909733	
50.06665	59.9854932	59.9695131	59.9767665	59.8909733	
50.07678	59.9854932	59.9695131	59.9767665	59.8909733	
50.08692	59.9854932	59.9695131	59.9767665	59.8909733	
50.09704	59.9854932	59.9695131	59.9767665	59.8909733	
50.10769	59.9854932	59.9695131	59.9767665	59.8909733	
50.11737	59.9854932	59.9695131	59.9767665	59.8909733	
50.12789	59.9854932	59.9695131	59.9767665	59.8909733	
50.13761	59.9854932	59.9695131	59.9767665	59.8909733	
50.14773	59.9854932	59.9695131	59.9767665	59.8909733	
50.1579	59.9854932	59.9695131	59.9767665	59.8909733	
50.16805	59.9854932	59.9695131	59.9767665	59.8909733	
50.17819	59.9854932	59.9695131	59.9767665	59.8909733	
50.18832	59.9854932	59.9695131	59.9767665	59.8909733	
50.19841	59.9854932	59.9695131	59.9767665	59.8909733	
50.20898	59.9854932	59.9695131	59.9767665	59.8909733	
50.21888	59.9854932	59.9695131	59.9767665	59.8909733	
50.22894	59.9854932	59.9695131	59.9767665	59.8909733	
50.23903	59.9854932	59.9695131	59.9767665	59.8909733	
50.24916	59.9854932	59.9695131	59.9767665	59.8909733	
50.25939	59.9854932	59.9695131	59.9767665	59.8909733	
50.26946	59.9854932	59.9695131	59.9767665	59.8909733	
50.27958	59.9854932	59.9695131	59.9767665	59.8909733	
50.28972	59.9854932	59.9695131	59.9767665	59.8909733	
50.29982	59.9854932	59.9695131	59.9767665	59.8909733	
50.31027	59.9854932	59.9695131	59.9767665	59.8909733	
50.32017	59.9854932	59.9695131	59.9767665	59.8909733	
50.33031	59.9854932	59.9695131	59.9767665	59.8909733	
50.34042	59.9854932	59.9695131	59.9767665	59.8909733	
50.3505	59.9854932	59.9695131	59.9767665	59.8909733	
50.36087	59.9854932	59.9695131	59.9767665	59.8909733	
50.37096	59.9854932	59.9695131	59.9767665	59.8909733	
50.38107	59.9854932	59.9695131	59.9767665	59.8909733	
50.39124	59.9854932	59.9695131	59.9767665	59.8909733	
50.40162	59.9854932	59.9695131	59.9767665	59.8909733	
50.4127	59.9854932	59.9695131	59.9767665	59.8909733	
50.42299	59.9854932	59.9695131	59.9767665	59.8909733	
50.44085	59.9854932	59.9695131	59.9767665	59.8909733	
50.45334	59.9854932	59.9695131	59.9767665	59.8909733	
50.45771	59.9854932	59.9695131	59.9767665	59.8909733	
50.46784	59.9854932	59.9695131	59.9767665	59.8909733	
50.47796	59.9854932	59.9695131	59.9767665	59.8909733	
50.48811	59.9854932	59.9695131	59.9767665	59.8909733	
50.49825	59.9854932	59.9695131	59.9767665	59.8909733	
50.50837	59.9854932	59.9695131	59.9767665	59.8909733	
50.5197	59.9854932	59.9695131	59.9767665	59.8909733	
50.52992	59.9854932	59.9695131	59.9767665	59.8909733	
50.53999	59.9854932	59.9695131	59.9767665	59.8909733	
50.55007	59.9854932	59.9695131	59.9767665	59.8909733	
50.56024	59.9854932	59.9695131	59.9767665	59.8909733	
50.57038	59.9854932	59.9695131	59.9767665	59.8909733	
50.58053	59.9854932	59.9695131	59.9767665	59.8909733	
50.5906	59.9854932	59.9695131	59.9767665	59.8909733	
50.60074	59.9854932	59.9695131	59.9767665	59.8909733	
50.61103	59.9854932	59.9695131	59.9767665	59.8909733	
50.62108	59.9854932	59.9695131	59.9767665	59.8909733	
50.63121	59.9854932	59.9695131	59.9767665	59.8909733	
50.64131	59.9854932	59.9695131	59.9767665	59.8909733	
50.65158	59.9854932	59.9695131	59.9767665	59.8909733	
50.66161	59.9854932	59.9695131	59.9767665	59.8909733	
50.67171	59.9854932	59.9695131	59.9767665	59.8909733	
50.68192	59.9854932	59.9695131	59.9767665	59.8909733	
50.69202	59.9854932	59.9695131	59.9767665	59.8909733	
50.70209	59.9854932	59.9695131	59.9767665	59.8909733	
50.71353	59.9854932	59.9695131	59.9767665	59.8909733	
50.72242	59.9854932	59.9695131	59.9767665	59.8909733	
50.73256	59.9854932	59.9695131	59.9767665	59.8909733	
50.74271	59.9854932	59.9695131	59.9767665	59.8909733	
50.75281	59.9854932	59.9695131	59.9767665	59.8909733	
50.76305	59.9854932	59.9695131	59.9767665	59.8909733	
50.77305	59.9854932	59.9695131	59.9767665	59.8909733	
50.7833	59.9854932	59.9695131	59.9767665	59.8909733	
50.79332	59.9854932	59.9695131	59.9767665	59.8909733	
50.80349	59.9854932	59.9695131	59.9767665	59.8909733	
50.82168	59.9854932	59.9695131	59.9767665	59.8909733	
50.82614	59.9854932	59.9695131	59.9767665	59.8909733	
50.83621	59.9854932	59.9695131	59.9767665	59.8909733	
50.84633	59.9854932	59.9695131	59.9767665	59.8909733	
50.85643	59.9854932	59.9695131	59.9767665	59.8909733	
50.86656	59.9854932	59.9695131	59.9767665	59.8909733	
50.87672	59.9854932	59.9695131	59.9767665	59.8909733	
50.88681	59.9854932	59.9695131	59.9767665	59.8909733	
50.89698	59.9854932	59.9695131	59.9767665	59.8909733	
50.90709	59.9854932	59.9695131	59.9767665	59.8909733	
50.91769	59.9854932	59.9695131	59.9767665	59.8909733	
50.92746	59.9854932	59.9695131	59.9767665	59.8909733	
50.93754	59.9854932	59.9695131	59.9767665	59.8909733	
50.94794	59.9854932	59.9695131	59.9767665	59.8909733	
50.95781	59.9854932	59.9695131	59.9767665	59.8909733	
50.96799	59.9854932	59.9695131	59.9767665	59.8909733	
50.97814	59.9854932	59.9695131	59.9767665	59.8909733	
50.98823	59.9854932	59.9695131	59.9767665	59.8909733	
50.99837	59.9854932	59.9695131	59.9767665	59.8909733	
51.0085	59.9854932	59.9695131	59.9767665	59.8909733	
51.01905	59.9854932	59.9695131	59.9767665	59.8909733	
51.02882	59.9854932	59.9695131	59.9767665	59.8909733	
51.03894	59.9854932	59.9695131	59.9767665	59.8909733	
51.04911	59.9854932	59.9695131	59.9767665	59.8909733	
51.0592	59.9854932	59.9695131	59.9767665	59.8909733	
51.06936	59.9854932	59.9695131	59.9767665	59.8909733	
51.07949	59.9854932	59.9695131	59.9767665	59.8909733	
51.08964	59.9854932	59.9695131	59.9767665	59.8909733	
51.09976	59.9854932	59.9695131	59.9767665	59.8909733	
51.10986	59.9854932	59.9695131	59.9767665	59.8909733	
51.12034	59.9854932	59.9695131	59.9767665	59.8909733	
51.13024	59.9854932	59.9695131	59.9767665	59.8909733	
51.14027	59.9854932	59.9695131	59.9767665	59.8909733	
51.15053	59.9854932	59.9695131	59.9767665	59.8909733	
51.16061	59.9854932	59.9695131	59.9767665	59.8909733	
51.17075	59.9854932	59.9695131	59.9767665	59.8909733	
51.18086	59.9854932	59.9695131	59.9767665	59.8909733	
51.19102	59.9854932	59.9695131	59.9767665	59.8909733	
51.20114	59.9854932	59.9695131	59.9767665	59.8909733	
51.21151	59.9854932	59.9695131	59.9767665	59.8909733	
51.22166	59.9854932	59.9695131	59.9767665	59.8909733	
51.23156	59.9854932	59.9695131	59.9767665	59.8909733	
51.24172	59.9854932	59.9695131	59.9767665	59.8909733	
51.25183	59.9854932	59.9695131	59.9767665	59.8909733	
51.26192	59.9854932	59.9695131	59.9767665	59.8909733	
51.27207	59.9854932	59.9695131	59.9767665	59.8909733	
51.28234	59.9854932	59.9695131	59.9767665	59.8909733	
51.29235	59.9854932	59.9695131	59.9767665	59.8909733	
51.30252	59.9854932	59.9695131	59.9767665	59.8909733	
51.31292	59.9854932	59.9695131	59.9767665	59.8909733	
51.323	59.9854932	59.9695131	59.9767665	59.8909733	
51.33287	59.9854932	59.9695131	59.9767665	59.8909733	
51.34304	59.9854932	59.9695131	59.9767665	59.8909733	
51.35333	59.9854932	59.9695131	59.9767665	59.8909733	
51.37169	59.9854932	59.9695131	59.9767665	59.8909733	
51.37603	59.9854932	59.9695131	59.9767665	59.8909733	
51.3862	59.9854932	59.9695131	59.9767665	59.8909733	
51.39632	59.9854932	59.9695131	59.9767665	59.8909733	
51.40642	59.9854932	59.9695131	59.9767665	59.8909733	
51.41663	59.9854932	59.9695131	59.9767665	59.8909733	
51.42679	59.9854932	59.9695131	59.9767665	59.8909733	
51.43686	59.9854932	59.9695131	59.9767665	59.8909733	
51.44705	59.9854932	59.9695131	59.9767665	59.8909733	
51.45717	59.9854932	59.9695131	59.9767665	59.8909733	
51.46736	59.9854932	59.9695131	59.9767665	59.8909733	
51.47744	59.9854932	59.9695131	59.9767665	59.8909733	
51.48761	59.9854932	59.9695131	59.9767665	59.8909733	
51.49782	59.9854932	59.9695131	59.9767665	59.8909733	
51.50789	59.9854932	59.9695131	59.9767665	59.8909733	
51.51806	59.9854932	59.9695131	59.9767665	59.8909733	
51.52826	59.9854932	59.9695131	59.9767665	59.8909733	
51.53841	59.9854932	59.9695131	59.9767665	59.8909733	
51.54856	59.9854932	59.9695131	59.9767665	59.8909733	
51.55869	59.9854932	59.9695131	59.9767665	59.8909733	
51.56883	59.9854932	59.9695131	59.9767665	59.8909733	
51.57898	59.9854932	59.9695131	59.9767665	59.8909733	
51.5891	59.9854932	59.9695131	59.9767665	59.8909733	
51.59926	59.9854932	59.9695131	59.9767665	59.8909733	
51.60939	59.9854932	59.9695131	59.9767665	59.8909733	
51.61964	59.9854932	59.9695131	59.9767665	59.8909733	
51.63315	59.9854932	59.9695131	59.9767665	59.8909733	
51.64326	59.9854932	59.9695131	59.9767665	59.8909733	
51.65343	59.9854932	59.9695131	59.9767665	59.8909733	
51.66397	59.9854932	59.9695131	59.9767665	59.8909733	
51.6742	59.9854932	59.9695131	59.9767665	59.8909733	
51.68383	59.9854932	59.9695131	59.9767665	59.8909733	
51.69399	59.9854932	59.9695131	59.9767665	59.8909733	
51.70412	59.9854932	59.9695131	59.9767665	59.8909733	
51.71426	59.9854932	59.9695131	59.9767665	59.8909733	
51.72452	59.9854932	59.9695131	59.9767665	59.8909733	
51.73456	59.9854932	59.9695131	59.9767665	59.8909733	
51.74476	59.9854932	59.9695131	59.9767665	59.8909733	
51.75482	59.9854932	59.9695131	59.9767665	59.8909733	
51.76492	59.9854932	59.9695131	59.9767665	59.8909733	
51.7835	59.9854932	59.9695131	59.9767665	59.8909733	
51.78792	59.9854932	59.9695131	59.9767665	59.8909733	
51.79804	59.9854932	59.9695131	59.9767665	59.8909733	
51.80818	59.9854932	59.9695131	59.9767665	59.8909733	
51.8183	59.9854932	59.9695131	59.9767665	59.8909733	
51.82844	59.9854932	59.9695131	59.9767665	59.8909733	
51.83863	59.9854932	59.9695131	59.9767665	59.8909733	
51.8488	59.9854932	59.9695131	59.9767665	59.8909733	
51.85893	59.9854932	59.9695131	59.9767665	59.8909733	
51.86917	59.9854932	59.9695131	59.9767665	59.8909733	
51.87918	59.9854932	59.9695131	59.9767665	59.8909733	
51.88934	59.9854932	59.9695131	59.9767665	59.8909733	
51.89955	59.9854932	59.9695131	59.9767665	59.8909733	
51.90958	59.9854932	59.9695131	59.9767665	59.8909733	
51.91975	59.9854932	59.9695131	59.9767665	59.8909733	
51.92994	59.9854932	59.9695131	59.9767665	59.8909733	
51.9401	59.9854932	59.9695131	59.9767665	59.8909733	
51.95021	59.9854932	59.9695131	59.9767665	59.8909733	
51.96032	59.9854932	59.9695131	59.9767665	59.8909733	
51.97312	59.9854932	59.9695131	59.9767665	59.8909733	
51.9832	59.9854932	59.9695131	59.9767665	59.8909733	
51.99333	59.9854932	59.9695131	59.9767665	59.8909733	
52.00354	59.9854932	59.9695131	59.9767665	59.8909733	
52.01367	59.9854932	59.9695131	59.9767665	59.8909733	
52.02378	59.9854932	59.9695131	59.9767665	59.8909733	
52.03539	59.9854932	59.9695131	59.9767665	59.8909733	
52.04406	59.9854932	59.9695131	59.9767665	59.8909733	
52.05412	59.9854932	59.9695131	59.9767665	59.8909733	
52.06424	59.9854932	59.9695131	59.9767665	59.8909733	
52.07471	59.9854932	59.9695131	59.9767665	59.8909733	
52.08456	59.9854932	59.9695131	59.9767665	59.8909733	
52.09466	59.9854932	59.9695131	59.9767665	59.8909733	
52.10481	59.9854932	59.9695131	59.9767665	59.8909733	
52.11493	59.9854932	59.9695131	59.9767665	59.8909733	
52.12506	59.9854932	59.9695131	59.9767665	59.8909733	
52.1367	59.9854932	59.9695131	59.9767665	59.8909733	
52.14586	59.9854932	59.9695131	59.9767665	59.8909733	
52.15594	59.9854932	59.9695131	59.9767665	59.8909733	
52.16608	59.9854932	59.9695131	59.9767665	59.8909733	
52.17624	59.9854932	59.9695131	59.9767665	59.8909733	
52.18641	59.9854932	59.9695131	59.9767665	59.8909733	
52.19652	59.9854932	59.9695131	59.9767665	59.8909733	
52.20666	59.9854932	59.9695131	59.9767665	59.8909733	
52.21682	59.9854932	59.9695131	59.9767665	59.8909733	
52.22691	59.9854932	59.9695131	59.9767665	59.8909733	
52.23969	59.9854932	59.9695131	59.9767665	59.8909733	
52.24744	59.9854932	59.9695131	59.9767665	59.8909733	
52.25736	59.9854932	59.9695131	59.9767665	59.8909733	
52.26758	59.9854932	59.9695131	59.9767665	59.8909733	
52.27761	59.9854932	59.9695131	59.9767665	59.8909733	
52.28778	59.9854932	59.9695131	59.9767665	59.8909733	
52.2979	59.9854932	59.9695131	59.9767665	59.8909733	
52.30803	59.9854932	59.9695131	59.9767665	59.8909733	
52.31816	59.9854932	59.9695131	59.9767665	59.8909733	
52.32826	59.9854932	59.9695131	59.9767665	59.8909733	
52.33959	59.9854932	59.9695131	59.9767665	59.8909733	
52.34894	59.9854932	59.9695131	59.9767665	59.8909733	
52.35938	59.9854932	59.9695131	59.9767665	59.8909733	
52.36884	59.9854932	59.9695131	59.9767665	59.8909733	
52.37923	59.9854932	59.9695131	59.9767665	59.8909733	
52.38905	59.9854932	59.9695131	59.9767665	59.8909733	
52.39923	59.9854932	59.9695131	59.9767665	59.8909733	
52.40935	59.9854932	59.9695131	59.9767665	59.8909733	
52.41956	59.9854932	59.9695131	59.9767665	59.8909733	
52.42957	59.9854932	59.9695131	59.9767665	59.8909733	
52.44084	59.9854932	59.9695131	59.9767665	59.8909733	
52.45037	59.9854932	59.9695131	59.9767665	59.8909733	
52.4601	59.9854932	59.9695131	59.9767665	59.8909733	
52.47023	59.9854932	59.9695131	59.9767665	59.8909733	
52.48032	59.9854932	59.9695131	59.9767665	59.8909733	
52.49056	59.9854932	59.9695131	59.9767665	59.8909733	
52.50064	59.9854932	59.9695131	59.9767665	59.8909733	
52.51078	59.9854932	59.9695131	59.9767665	59.8909733	
52.52094	59.9854932	59.9695131	59.9767665	59.8909733	
52.53099	59.9854932	59.9695131	59.9767665	59.8909733	
52.54217	59.9854932	59.9695131	59.9767665	59.8909733	
52.55164	59.9854932	59.9695131	59.9767665	59.8909733	
52.56146	59.9854932	59.9695131	59.9767665	59.8909733	
52.57164	59.9854932	59.9695131	59.9767665	59.8909733	
52.58166	59.9854932	59.9695131	59.9767665	59.8909733	
52.59178	59.9854932	59.9695131	59.9767665	59.8909733	
52.60196	59.9854932	59.9695131	59.9767665	59.8909733	
52.61202	59.9854932	59.9695131	59.9767665	59.8909733	
52.62219	59.9854932	59.9695131	59.9767665	59.8909733	
52.63277	59.9854932	59.9695131	59.9767665	59.8909733	
52.64354	59.9854932	59.9695131	59.9767665	59.8909733	
52.65258	59.9854932	59.9695131	59.9767665	59.8909733	
52.66283	59.9854932	59.9695131	59.9767665	59.8909733	
52.67287	59.9854932	59.9695131	59.9767665	59.8909733	
52.68293	59.9854932	59.9695131	59.9767665	59.8909733	
52.69313	59.9854932	59.9695131	59.9767665	59.8909733	
52.70322	59.9854932	59.9695131	59.9767665	59.8909733	
52.71335	59.9854932	59.9695131	59.9767665	59.8909733	
52.72351	59.9854932	59.9695131	59.9767665	59.8909733	
52.73364	59.9854932	59.9695131	59.9767665	59.8909733	
52.74487	59.9854932	59.9695131	59.9767665	59.8909733	
52.75407	59.9854932	59.9695131	59.9767665	59.8909733	
52.76412	59.9854932	59.9695131	59.9767665	59.8909733	
52.77423	59.9854932	59.9695131	59.9767665	59.8909733	
52.78445	59.9854932	59.9695131	59.9767665	59.8909733	
52.79466	59.9854932	59.9695131	59.9767665	59.8909733	
52.80474	59.9854932	59.9695131	59.9767665	59.8909733	
52.81486	59.9854932	59.9695131	59.9767665	59.8909733	
52.82499	59.9854932	59.9695131	59.9767665	59.8909733	
52.8352	59.9854932	59.9695131	59.9767665	59.8909733	
52.84614	59.9854932	59.9695131	59.9767665	59.8909733	
52.85577	59.9854932	59.9695131	59.9767665	59.8909733	
52.86589	59.9854932	59.9695131	59.9767665	59.8909733	
52.87602	59.9854932	59.9695131	59.9767665	59.8909733	
52.88611	59.9854932	59.9695131	59.9767665	59.8909733	
52.89631	59.9854932	59.9695131	59.9767665	59.8909733	
52.90643	59.9854932	59.9695131	59.9767665	59.8909733	
52.91655	59.9854932	59.9695131	59.9767665	59.8909733	
52.9267	59.9854932	59.9695131	59.9767665	59.8909733	
52.93683	59.9854932	59.9695131	59.9767665	59.8909733	
52.94742	59.9854932	59.9695131	59.9767665	59.8909733	
52.95713	59.9854932	59.9695131	59.9767665	59.8909733	
52.96724	59.9854932	59.9695131	59.9767665	59.8909733	
52.97737	59.9854932	59.9695131	59.9767665	59.8909733	
52.98752	59.9854932	59.9695131	59.9767665	59.8909733	
52.99767	59.9854932	59.9695131	59.9767665	59.8909733	
53.00779	59.9854932	59.9695131	59.9767665	59.8909733	
53.01793	59.9854932	59.9695131	59.9767665	59.8909733	
53.02805	59.9854932	59.9695131	59.9767665	59.8909733	
53.03815	59.9854932	59.9695131	59.9767665	59.8909733	
53.04875	59.9854932	59.9695131	59.9767665	59.8909733	
53.05854	59.9854932	59.9695131	59.9767665	59.8909733	
53.06859	59.9854932	59.9695131	59.9767665	59.8909733	
53.07873	59.9854932	59.9695131	59.9767665	59.8909733	
53.08886	59.9854932	59.9695131	59.9767665	59.8909733	
53.09905	59.9854932	59.9695131	59.9767665	59.8909733	
53.10915	59.9854932	59.9695131	59.9767665	59.8909733	
53.11927	59.9854932	59.9695131	59.9767665	59.8909733	
53.12942	59.9854932	59.9695131	59.9767665	59.8909733	
53.13958	59.9854932	59.9695131	59.9767665	59.8909733	
53.14999	59.9854932	59.9695131	59.9767665	59.8909733	
53.15981	59.9854932	59.9695131	59.9767665	59.8909733	
53.17	59.9854932	59.9695131	59.9767665	59.8909733	
53.1801	59.9854932	59.9695131	59.9767665	59.8909733	
53.19037	59.9854932	59.9695131	59.9767665	59.8909733	
53.20043	59.9854932	59.9695131	59.9767665	59.8909733	
53.21059	59.9854932	59.9695131	59.9767665	59.8909733	
53.22068	59.9854932	59.9695131	59.9767665	59.8909733	
53.23081	59.9854932	59.9695131	59.9767665	59.8909733	
53.25132	59.9854932	59.9695131	59.9767665	59.8909733	
53.2557	59.9854932	59.9695131	59.9767665	59.8909733	
53.26615	59.9854932	59.9695131	59.9767665	59.8909733	
53.27621	59.9854932	59.9695131	59.9767665	59.8909733	
53.28631	59.9854932	59.9695131	59.9767665	59.8909733	
53.29649	59.9854932	59.9695131	59.9767665	59.8909733	
53.30666	59.9854932	59.9695131	59.9767665	59.8909733	
53.31676	59.9854932	59.9695131	59.9767665	59.8909733	
53.3269	59.9854932	59.9695131	59.9767665	59.8909733	
53.33701	59.9854932	59.9695131	59.9767665	59.8909733	
53.3472	59.9854932	59.9695131	59.9767665	59.8909733	
53.35735	59.9854932	59.9695131	59.9767665	59.8909733	
53.36746	59.9854932	59.9695131	59.9767665	59.8909733	
53.37755	59.9854932	59.9695131	59.9767665	59.8909733	
53.38773	59.9854932	59.9695131	59.9767665	59.8909733	
53.39792	59.9854932	59.9695131	59.9767665	59.8909733	
53.40808	59.9854932	59.9695131	59.9767665	59.8909733	
53.41827	59.9854932	59.9695131	59.9767665	59.8909733	
53.42831	59.9854932	59.9695131	59.9767665	59.8909733	
53.43841	59.9854932	59.9695131	59.9767665	59.8909733	
53.44858	59.9854932	59.9695131	59.9767665	59.8909733	
53.45906	59.9854932	59.9695131	59.9767665	59.8909733	
53.46888	59.9854932	59.9695131	59.9767665	59.8909733	
53.47899	59.9854932	59.9695131	59.9767665	59.8909733	
53.48917	59.9854932	59.9695131	59.9767665	59.8909733	
53.49926	59.9854932	59.9695131	59.9767665	59.8909733	
53.50947	59.9854932	59.9695131	59.9767665	59.8909733	
53.51958	59.9854932	59.9695131	59.9767665	59.8909733	
53.52973	59.9854932	59.9695131	59.9767665	59.8909733	
53.53987	59.9854932	59.9695131	59.9767665	59.8909733	
53.54997	59.9854932	59.9695131	59.9767665	59.8909733	
53.5602	59.9854932	59.9695131	59.9767665	59.8909733	
53.57041	59.9854932	59.9695131	59.9767665	59.8909733	
53.58046	59.9854932	59.9695131	59.9767665	59.8909733	
53.59055	59.9854932	59.9695131	59.9767665	59.8909733	
53.6007	59.9854932	59.9695131	59.9767665	59.8909733	
53.61088	59.9854932	59.9695131	59.9767665	59.8909733	
53.62096	59.9854932	59.9695131	59.9767665	59.8909733	
53.64048	59.9854932	59.9695131	59.9767665	59.8909733	
53.64481	59.9854932	59.9695131	59.9767665	59.8909733	
53.65612	59.9854932	59.9695131	59.9767665	59.8909733	
53.66539	59.9854932	59.9695131	59.9767665	59.8909733	
53.67525	59.9854932	59.9695131	59.9767665	59.8909733	
53.68537	59.9854932	59.9695131	59.9767665	59.8909733	
53.69549	59.9854932	59.9695131	59.9767665	59.8909733	
53.70574	59.9854932	59.9695131	59.9767665	59.8909733	
53.71591	59.9854932	59.9695131	59.9767665	59.8909733	
53.72604	59.9854932	59.9695131	59.9767665	59.8909733	
53.73616	59.9854932	59.9695131	59.9767665	59.8909733	
53.74633	59.9854932	59.9695131	59.9767665	59.8909733	
53.75744	59.9854932	59.9695131	59.9767665	59.8909733	
53.76663	59.9854932	59.9695131	59.9767665	59.8909733	
53.77676	59.9854932	59.9695131	59.9767665	59.8909733	
53.787	59.9854932	59.9695131	59.9767665	59.8909733	
53.79697	59.9854932	59.9695131	59.9767665	59.8909733	
53.80714	59.9854932	59.9695131	59.9767665	59.8909733	
53.81733	59.9854932	59.9695131	59.9767665	59.8909733	
53.82745	59.9854932	59.9695131	59.9767665	59.8909733	
53.83757	59.9854932	59.9695131	59.9767665	59.8909733	
53.8477	59.9854932	59.9695131	59.9767665	59.8909733	
53.85876	59.9854932	59.9695131	59.9767665	59.8909733	
53.86799	59.9854932	59.9695131	59.9767665	59.8909733	
53.8781	59.9854932	59.9695131	59.9767665	59.8909733	
53.88821	59.9854932	59.9695131	59.9767665	59.8909733	
53.89837	59.9854932	59.9695131	59.9767665	59.8909733	
53.90851	59.9854932	59.9695131	59.9767665	59.8909733	
53.91863	59.9854932	59.9695131	59.9767665	59.8909733	
53.9291	59.9854932	59.9695131	59.9767665	59.8909733	
53.93893	59.9854932	59.9695131	59.9767665	59.8909733	
53.949	59.9854932	59.9695131	59.9767665	59.8909733	
53.96008	59.9854932	59.9695131	59.9767665	59.8909733	
53.96932	59.9854932	59.9695131	59.9767665	59.8909733	
53.9795	59.9854932	59.9695131	59.9767665	59.8909733	
53.98959	59.9854932	59.9695131	59.9767665	59.8909733	
53.99972	59.9854932	59.9695131	59.9767665	59.8909733	
54.00988	59.9854932	59.9695131	59.9767665	59.8909733	
54.02005	59.9854932	59.9695131	59.9767665	59.8909733	
54.03016	59.9854932	59.9695131	59.9767665	59.8909733	
54.04028	59.9854932	59.9695131	59.9767665	59.8909733	
54.05042	59.9854932	59.9695131	59.9767665	59.8909733	
54.06143	59.9854932	59.9695131	59.9767665	59.8909733	
54.07081	59.9854932	59.9695131	59.9767665	59.8909733	
54.08096	59.9854932	59.9695131	59.9767665	59.8909733	
54.09102	59.9854932	59.9695131	59.9767665	59.8909733	
54.10111	59.9854932	59.9695131	59.9767665	59.8909733	
54.1113	59.9854932	59.9695131	59.9767665	59.8909733	
54.12149	59.9854932	59.9695131	59.9767665	59.8909733	
54.13162	59.9854932	59.9695131	59.9767665	59.8909733	
54.14166	59.9854932	59.9695131	59.9767665	59.8909733	
54.15178	59.9854932	59.9695131	59.9767665	59.8909733	
54.16296	59.9854932	59.9695131	59.9767665	59.8909733	
54.17208	59.9854932	59.9695131	59.9767665	59.8909733	
54.18224	59.9854932	59.9695131	59.9767665	59.8909733	
54.19252	59.9854932	59.9695131	59.9767665	59.8909733	
54.20289	59.9854932	59.9695131	59.9767665	59.8909733	
54.2126	59.9854932	59.9695131	59.9767665	59.8909733	
54.22276	59.9854932	59.9695131	59.9767665	59.8909733	
54.23293	59.9854932	59.9695131	59.9767665	59.8909733	
54.24616	59.9854932	59.9695131	59.9767665	59.8909733	
54.25348	59.9854932	59.9695131	59.9767665	59.8909733	
54.26425	59.9854932	59.9695131	59.9767665	59.8909733	
54.27381	59.9854932	59.9695131	59.9767665	59.8909733	
54.284	59.9854932	59.9695131	59.9767665	59.8909733	
54.29405	59.9854932	59.9695131	59.9767665	59.8909733	
54.30415	59.9854932	59.9695131	59.9767665	59.8909733	
54.31454	59.9854932	59.9695131	59.9767665	59.8909733	
54.32478	59.9854932	59.9695131	59.9767665	59.8909733	
54.33456	59.9854932	59.9695131	59.9767665	59.8909733	
54.34468	59.9854932	59.9695131	59.9767665	59.8909733	
54.35479	59.9854932	59.9695131	59.9767665	59.8909733	
54.36551	59.9854932	59.9695131	59.9767665	59.8909733	
54.37511	59.9854932	59.9695131	59.9767665	59.8909733	
54.38557	59.9854932	59.9695131	59.9767665	59.8909733	
54.4035	59.9854932	59.9695131	59.9767665	59.8909733	
54.40781	59.9854932	59.9695131	59.9767665	59.8909733	
54.41801	59.9854932	59.9695131	59.9767665	59.8909733	
54.42856	59.9854932	59.9695131	59.9767665	59.8909733	
54.43864	59.9854932	59.9695131	59.9767665	59.8909733	
54.44879	59.9854932	59.9695131	59.9767665	59.8909733	
54.4589	59.9854932	59.9695131	59.9767665	59.8909733	
54.46946	59.9854932	59.9695131	59.9767665	59.8909733	
54.47956	59.9854932	59.9695131	59.9767665	59.8909733	
54.48975	59.9854932	59.9695131	59.9767665	59.8909733	
54.49991	59.9854932	59.9695131	59.9767665	59.8909733	
54.50997	59.9854932	59.9695131	59.9767665	59.8909733	
54.52016	59.9854932	59.9695131	59.9767665	59.8909733	
54.53041	59.9854932	59.9695131	59.9767665	59.8909733	
54.54042	59.9854932	59.9695131	59.9767665	59.8909733	
54.55057	59.9854932	59.9695131	59.9767665	59.8909733	
54.56065	59.9854932	59.9695131	59.9767665	59.8909733	
54.57089	59.9854932	59.9695131	59.9767665	59.8909733	
54.58099	59.9854932	59.9695131	59.9767665	59.8909733	
54.59111	59.9854932	59.9695131	59.9767665	59.8909733	
54.6013	59.9854932	59.9695131	59.9767665	59.8909733	
54.61166	59.9854932	59.9695131	59.9767665	59.8909733	
54.62155	59.9854932	59.9695131	59.9767665	59.8909733	
54.63195	59.9854932	59.9695131	59.9767665	59.8909733	
54.64175	59.9854932	59.9695131	59.9767665	59.8909733	
54.65194	59.9854932	59.9695131	59.9767665	59.8909733	
54.66199	59.9854932	59.9695131	59.9767665	59.8909733	
54.67227	59.9854932	59.9695131	59.9767665	59.8909733	
54.6824	59.9854932	59.9695131	59.9767665	59.8909733	
54.69273	59.9854932	59.9695131	59.9767665	59.8909733	
54.70258	59.9854932	59.9695131	59.9767665	59.8909733	
54.71306	59.9854932	59.9695131	59.9767665	59.8909733	
54.72285	59.9854932	59.9695131	59.9767665	59.8909733	
54.733	59.9854932	59.9695131	59.9767665	59.8909733	
54.74312	59.9854932	59.9695131	59.9767665	59.8909733	
54.75325	59.9854932	59.9695131	59.9767665	59.8909733	
54.76334	59.9854932	59.9695131	59.9767665	59.8909733	
54.77354	59.9854932	59.9695131	59.9767665	59.8909733	
54.78372	59.9854932	59.9695131	59.9767665	59.8909733	
54.79385	59.9854932	59.9695131	59.9767665	59.8909733	
54.80395	59.9854932	59.9695131	59.9767665	59.8909733	
54.81437	59.9854932	59.9695131	59.9767665	59.8909733	
54.82423	59.9854932	59.9695131	59.9767665	59.8909733	
54.83444	59.9854932	59.9695131	59.9767665	59.8909733	
54.84452	59.9854932	59.9695131	59.9767665	59.8909733	
54.85459	59.9854932	59.9695131	59.9767665	59.8909733	
54.86472	59.9854932	59.9695131	59.9767665	59.8909733	
54.87493	59.9854932	59.9695131	59.9767665	59.8909733	
54.88504	59.9854932	59.9695131	59.9767665	59.8909733	
54.89525	59.9854932	59.9695131	59.9767665	59.8909733	
54.90528	59.9854932	59.9695131	59.9767665	59.8909733	
54.91575	59.9854932	59.9695131	59.9767665	59.8909733	
54.92578	59.9854932	59.9695131	59.9767665	59.8909733	
54.93596	59.9854932	59.9695131	59.9767665	59.8909733	
54.9461	59.9854932	59.9695131	59.9767665	59.8909733	
54.95617	59.9854932	59.9695131	59.9767665	59.8909733	
54.96633	59.9854932	59.9695131	59.9767665	59.8909733	
54.97651	59.9854932	59.9695131	59.9767665	59.8909733	
54.98666	59.9854932	59.9695131	59.9767665	59.8909733	
54.9968	59.9854932	59.9695131	59.9767665	59.8909733	
55.00689	59.9854932	59.9695131	59.9767665	59.8909733	
55.01711	59.9854932	59.9695131	59.9767665	59.8909733	
55.0272	59.9854932	59.9695131	59.9767665	59.8909733	
55.03732	59.9854932	59.9695131	59.9767665	59.8909733	
55.0475	59.9854932	59.9695131	59.9767665	59.8909733	
55.05759	59.9854932	59.9695131	59.9767665	59.8909733	
55.06782	59.9854932	59.9695131	59.9767665	59.8909733	
55.07795	59.9854932	59.9695131	59.9767665	59.8909733	
55.08806	59.9854932	59.9695131	59.9767665	59.8909733	
55.0982	59.9854932	59.9695131	59.9767665	59.8909733	
55.10832	59.9854932	59.9695131	59.9767665	59.8909733	
55.11847	59.9854932	59.9695131	59.9767665	59.8909733	
55.12863	59.9854932	59.9695131	59.9767665	59.8909733	
55.13875	59.9854932	59.9695131	59.9767665	59.8909733	
55.14892	59.9854932	59.9695131	59.9767665	59.8909733	
55.15902	59.9854932	59.9695131	59.9767665	59.8909733	
55.16917	59.9854932	59.9695131	59.9767665	59.8909733	
55.17936	59.9854932	59.9695131	59.9767665	59.8909733	
55.1895	59.9854932	59.9695131	59.9767665	59.8909733	
55.19963	59.9854932	59.9695131	59.9767665	59.8909733	
55.20976	59.9854932	59.9695131	59.9767665	59.8909733	
55.21993	59.9854932	59.9695131	59.9767665	59.8909733	
55.2301	59.9854932	59.9695131	59.9767665	59.8909733	
55.2402	59.9854932	59.9695131	59.9767665	59.8909733	
55.25048	59.9854932	59.9695131	59.9767665	59.8909733	
55.26049	59.9854932	59.9695131	59.9767665	59.8909733	
55.27059	59.9854932	59.9695131	59.9767665	59.8909733	
55.28082	59.9854932	59.9695131	59.9767665	59.8909733	
55.29094	59.9854932	59.9695131	59.9767665	59.8909733	
55.30105	59.9854932	59.9695131	59.9767665	59.8909733	
55.31124	59.9854932	59.9695131	59.9767665	59.8909733	
55.32155	59.9854932	59.9695131	59.9767665	59.8909733	
55.3315	59.9854932	59.9695131	59.9767665	59.8909733	
55.34161	59.9854932	59.9695131	59.9767665	59.8909733	
55.35178	59.9854932	59.9695131	59.9767665	59.8909733	
55.36259	59.9854932	59.9695131	59.9767665	59.8909733	
55.37204	59.9854932	59.9695131	59.9767665	59.8909733	
55.3822	59.9854932	59.9695131	59.9767665	59.8909733	
55.39258	59.9854932	59.9695131	59.9767665	59.8909733	
55.40266	59.9854932	59.9695131	59.9767665	59.8909733	
55.41275	59.9854932	59.9695131	59.9767665	59.8909733	
55.42304	59.9854932	59.9695131	59.9767665	59.8909733	
55.43303	59.9854932	59.9695131	59.9767665	59.8909733	
55.44312	59.9854932	59.9695131	59.9767665	59.8909733	
55.4533	59.9854932	59.9695131	59.9767665	59.8909733	
55.46344	59.9854932	59.9695131	59.9767665	59.8909733	
55.47354	59.9854932	59.9695131	59.9767665	59.8909733	
55.48383	59.9854932	59.9695131	59.9767665	59.8909733	
55.49391	59.9854932	59.9695131	59.9767665	59.8909733	
55.50402	59.9854932	59.9695131	59.9767665	59.8909733	
55.51409	59.9854932	59.9695131	59.9767665	59.8909733	
55.5244	59.9854932	59.9695131	59.9767665	59.8909733	
55.53436	59.9854932	59.9695131	59.9767665	59.8909733	
55.54449	59.9854932	59.9695131	59.9767665	59.8909733	
55.55497	59.9854932	59.9695131	59.9767665	59.8909733	
55.56509	59.9854932	59.9695131	59.9767665	59.8909733	
55.58403	59.9854932	59.9695131	59.9767665	59.8909733	
55.58865	59.9854932	59.9695131	59.9767665	59.8909733	
55.59856	59.9854932	59.9695131	59.9767665	59.8909733	
55.60869	59.9854932	59.9695131	59.9767665	59.8909733	
55.6188	59.9854932	59.9695131	59.9767665	59.8909733	
55.63936	59.9854932	59.9695131	59.9767665	59.8909733	
55.64377	59.9854932	59.9695131	59.9767665	59.8909733	
55.65389	59.9854932	59.9695131	59.9767665	59.8909733	
55.66404	59.9854932	59.9695131	59.9767665	59.8909733	
55.67449	59.9854932	59.9695131	59.9767665	59.8909733	
55.68432	59.9854932	59.9695131	59.9767665	59.8909733	
55.69448	59.9854932	59.9695131	59.9767665	59.8909733	
55.70459	59.9854932	59.9695131	59.9767665	59.8909733	
55.71469	59.9854932	59.9695131	59.9767665	59.8909733	
55.72484	59.9854932	59.9695131	59.9767665	59.8909733	
55.73495	59.9854932	59.9695131	59.9767665	59.8909733	
55.74518	59.9854932	59.9695131	59.9767665	59.8909733	
55.75557	59.9854932	59.9695131	59.9767665	59.8909733	
55.76537	59.9854932	59.9695131	59.9767665	59.8909733	
55.77569	59.9854932	59.9695131	59.9767665	59.8909733	
55.786	59.9854932	59.9695131	59.9767665	59.8909733	
55.79609	59.9854932	59.9695131	59.9767665	59.8909733	
55.80621	59.9854932	59.9695131	59.9767665	59.8909733	
55.81632	59.9854932	59.9695131	59.9767665	59.8909733	
55.82656	59.9854932	59.9695131	59.9767665	59.8909733	
55.83662	59.9854932	59.9695131	59.9767665	59.8909733	
55.84675	59.9854932	59.9695131	59.9767665	59.8909733	
55.85689	59.9854932	59.9695131	59.9767665	59.8909733	
55.86705	59.9854932	59.9695131	59.9767665	59.8909733	
55.8772	59.9854932	59.9695131	59.9767665	59.8909733	
55.88734	59.9854932	59.9695131	59.9767665	59.8909733	
55.89754	59.9854932	59.9695131	59.9767665	59.8909733	
55.90763	59.9854932	59.9695131	59.9767665	59.8909733	
55.91775	59.9854932	59.9695131	59.9767665	59.8909733	
55.92786	59.9854932	59.9695131	59.9767665	59.8909733	
55.93804	59.9854932	59.9695131	59.9767665	59.8909733	
55.94819	59.9854932	59.9695131	59.9767665	59.8909733	
55.95831	59.9854932	59.9695131	59.9767665	59.8909733	
55.96849	59.9854932	59.9695131	59.9767665	59.8909733	
55.97862	59.9854932	59.9695131	59.9767665	59.8909733	
55.98879	59.9854932	59.9695131	59.9767665	59.8909733	
55.99909	59.9854932	59.9695131	59.9767665	59.8909733	
56.00907	59.9854932	59.9695131	59.9767665	59.8909733	
56.0192	59.9854932	59.9695131	59.9767665	59.8909733	
56.02928	59.9854932	59.9695131	59.9767665	59.8909733	
56.03947	59.9854932	59.9695131	59.9767665	59.8909733	
56.04959	59.9854932	59.9695131	59.9767665	59.8909733	
56.05973	59.9854932	59.9695131	59.9767665	59.8909733	
56.06991	59.9854932	59.9695131	59.9767665	59.8909733	
56.07997	59.9854932	59.9695131	59.9767665	59.8909733	
56.0902	59.9854932	59.9695131	59.9767665	59.8909733	
56.10034	59.9854932	59.9695131	59.9767665	59.8909733	
56.11045	59.9854932	59.9695131	59.9767665	59.8909733	
56.1206	59.9854932	59.9695131	59.9767665	59.8909733	
56.13073	59.9854932	59.9695131	59.9767665	59.8909733	
56.14083	59.9854932	59.9695131	59.9767665	59.8909733	
56.15099	59.9854932	59.9695131	59.9767665	59.8909733	
56.16121	59.9854932	59.9695131	59.9767665	59.8909733	
56.1713	59.9854932	59.9695131	59.9767665	59.8909733	
56.18166	59.9854932	59.9695131	59.9767665	59.8909733	
56.19158	59.9854932	59.9695131	59.9767665	59.8909733	
56.2018	59.9854932	59.9695131	59.9767665	59.8909733	
56.21196	59.9854932	59.9695131	59.9767665	59.8909733	
56.22202	59.9854932	59.9695131	59.9767665	59.8909733	
56.23212	59.9854932	59.9695131	59.9767665	59.8909733	
56.24231	59.9854932	59.9695131	59.9767665	59.8909733	
56.25243	59.9854932	59.9695131	59.9767665	59.8909733	
56.26255	59.9854932	59.9695131	59.9767665	59.8909733	
56.27267	59.9854932	59.9695131	59.9767665	59.8909733	
56.28301	59.9854932	59.9695131	59.9767665	59.8909733	
56.293	59.9854932	59.9695131	59.9767665	59.8909733	
56.30315	59.9854932	59.9695131	59.9767665	59.8909733	
56.31328	59.9854932	59.9695131	59.9767665	59.8909733	
56.32336	59.9854932	59.9695131	59.9767665	59.8909733	
56.33351	59.9854932	59.9695131	59.9767665	59.8909733	
56.34368	59.9854932	59.9695131	59.9767665	59.8909733	
56.3538	59.9854932	59.9695131	59.9767665	59.8909733	
56.36505	59.9854932	59.9695131	59.9767665	59.8909733	
56.37403	59.9854932	59.9695131	59.9767665	59.8909733	
56.38445	59.9854932	59.9695131	59.9767665	59.8909733	
56.39429	59.9854932	59.9695131	59.9767665	59.8909733	
56.40448	59.9854932	59.9695131	59.9767665	59.8909733	
56.41457	59.9854932	59.9695131	59.9767665	59.8909733	
56.42466	59.9854932	59.9695131	59.9767665	59.8909733	
56.43486	59.9854932	59.9695131	59.9767665	59.8909733	
56.44497	59.9854932	59.9695131	59.9767665	59.8909733	
56.45515	59.9854932	59.9695131	59.9767665	59.8909733	
56.4653	59.9854932	59.9695131	59.9767665	59.8909733	
56.47541	59.9854932	59.9695131	59.9767665	59.8909733	
56.48592	59.9854932	59.9695131	59.9767665	59.8909733	
56.4959	59.9854932	59.9695131	59.9767665	59.8909733	
56.50607	59.9854932	59.9695131	59.9767665	59.8909733	
56.51619	59.9854932	59.9695131	59.9767665	59.8909733	
56.52629	59.9854932	59.9695131	59.9767665	59.8909733	
56.53647	59.9854932	59.9695131	59.9767665	59.8909733	
56.54667	59.9854932	59.9695131	59.9767665	59.8909733	
56.55674	59.9854932	59.9695131	59.9767665	59.8909733	
56.56688	59.9854932	59.9695131	59.9767665	59.8909733	
56.57702	59.9854932	59.9695131	59.9767665	59.8909733	
56.58717	59.9854932	59.9695131	59.9767665	59.8909733	
56.59737	59.9854932	59.9695131	59.9767665	59.8909733	
56.60746	59.9854932	59.9695131	59.9767665	59.8909733	
56.61771	59.9854932	59.9695131	59.9767665	59.8909733	
56.62771	59.9854932	59.9695131	59.9767665	59.8909733	
56.63785	59.9854932	59.9695131	59.9767665	59.8909733	
56.64804	59.9854932	59.9695131	59.9767665	59.8909733	
56.65816	59.9854932	59.9695131	59.9767665	59.8909733	
56.66829	59.9854932	59.9695131	59.9767665	59.8909733	
56.67855	59.9854932	59.9695131	59.9767665	59.8909733	
56.68855	59.9854932	59.9695131	59.9767665	59.8909733	
56.69877	59.9854932	59.9695131	59.9767665	59.8909733	
56.70887	59.9854932	59.9695131	59.9767665	59.8909733	
56.71898	59.9854932	59.9695131	59.9767665	59.8909733	
56.72917	59.9854932	59.9695131	59.9767665	59.8909733	
56.73923	59.9854932	59.9695131	59.9767665	59.8909733	
56.7494	59.9854932	59.9695131	59.9767665	59.8909733	
56.75953	59.9854932	59.9695131	59.9767665	59.8909733	
56.76967	59.9854932	59.9695131	59.9767665	59.8909733	
56.77998	59.9854932	59.9695131	59.9767665	59.8909733	
56.78995	59.9854932	59.9695131	59.9767665	59.8909733	
56.80016	59.9854932	59.9695131	59.9767665	59.8909733	
56.81028	59.9854932	59.9695131	59.9767665	59.8909733	
56.82038	59.9854932	59.9695131	59.9767665	59.8909733	
56.83052	59.9854932	59.9695131	59.9767665	59.8909733	
56.8406	59.9854932	59.9695131	59.9767665	59.8909733	
56.85085	59.9854932	59.9695131	59.9767665	59.8909733	
56.8609	59.9854932	59.9695131	59.9767665	59.8909733	
56.87104	59.9854932	59.9695131	59.9767665	59.8909733	
56.8812	59.9854932	59.9695131	59.9767665	59.8909733	
56.89156	59.9854932	59.9695131	59.9767665	59.8909733	
56.90155	59.9854932	59.9695131	59.9767665	59.8909733	
56.91163	59.9854932	59.9695131	59.9767665	59.8909733	
56.92175	59.9854932	59.9695131	59.9767665	59.8909733	
56.93191	59.9854932	59.9695131	59.9767665	59.8909733	
56.94196	59.9854932	59.9695131	59.9767665	59.8909733	
56.95216	59.9854932	59.9695131	59.9767665	59.8909733	
56.96231	59.9854932	59.9695131	59.9767665	59.8909733	
56.97437	59.9854932	59.9695131	59.9767665	59.8909733	
56.98449	59.9854932	59.9695131	59.9767665	59.8909733	
56.99465	59.9854932	59.9695131	59.9767665	59.8909733	
57.00481	59.9854932	59.9695131	59.9767665	59.8909733	
57.01489	59.9854932	59.9695131	59.9767665	59.8909733	
57.025	59.9854932	59.9695131	59.9767665	59.8909733	
57.04301	59.9854932	59.9695131	59.9767665	59.8909733	
57.04735	59.9854932	59.9695131	59.9767665	59.8909733	
57.05752	59.9854932	59.9695131	59.9767665	59.8909733	
57.06763	59.9854932	59.9695131	59.9767665	59.8909733	
57.07776	59.9854932	59.9695131	59.9767665	59.8909733	
57.0882	59.9854932	59.9695131	59.9767665	59.8909733	
57.09864	59.9854932	59.9695131	59.9767665	59.8909733	
57.10824	59.9854932	59.9695131	59.9767665	59.8909733	
57.11835	59.9854932	59.9695131	59.9767665	59.8909733	
57.12848	59.9854932	59.9695131	59.9767665	59.8909733	
57.13868	59.9854932	59.9695131	59.9767665	59.8909733	
57.14877	59.9854932	59.9695131	59.9767665	59.8909733	
57.17621	59.9854932	59.9695131	59.9767665	59.8909733	
