6.542178	140.116768	140.115032	140.046955	140.045219	
6.548636	140.11768	140.115032	140.047867	140.045219	
6.558689	140.119815	140.115032	140.050002	140.045219	
6.568775	140.12257	140.115032	140.052757	140.045219	
6.578988	140.125991	140.115032	140.056178	140.053946	
6.589108	140.129989	140.115032	140.060176	140.053946	
6.599228	140.134604	140.115032	140.064791	140.062672	
6.609358	140.139838	140.115032	140.070025	140.062672	
6.619542	140.145724	140.115032	140.075911	140.062672	
6.62982	140.152357	140.115032	140.082544	140.062672	
6.64077	140.160057	140.115032	140.090244	140.062672	
6.650213	140.167227	140.115032	140.097414	140.062672	
6.660304	140.175525	140.115032	140.105712	140.062672	
6.670431	140.184467	140.115032	140.114654	140.062672	
6.68083	140.194313	140.115032	140.1245	140.062672	
6.690708	140.204228	140.115032	140.134415	140.062672	
6.700865	140.215053	140.115032	140.14524	140.062672	
6.710954	140.226415	140.115032	140.156602	140.062672	
6.721056	140.23841	140.115032	140.168597	140.062672	
6.731295	140.251197	140.123759	140.181384	140.062672	
6.742037	140.265323	140.123759	140.19551	140.062672	
6.751519	140.278286	140.132486	140.208473	140.062672	
6.761678	140.292818	140.149939	140.223005	140.062672	
6.771765	140.307858	140.158666	140.238045	140.062672	
6.781961	140.323693	140.176119	140.25388	140.062672	
6.79248	140.340699	140.193572	140.270886	140.062672	
6.802157	140.356877	140.211025	140.287064	140.071399	
6.812288	140.374444	140.228479	140.304631	140.071399	
6.82238	140.392557	140.254659	140.322744	140.080126	
6.832478	140.411291	140.272112	140.341477	140.080126	
6.843327	140.43217	140.289565	140.362357	140.080126	
6.852797	140.450861	140.315745	140.381048	140.097579	
6.862892	140.471435	140.341925	140.401622	140.106306	
6.87297	140.49258	140.359378	140.422766	140.115032	
6.883201	140.514689	140.394285	140.444876	140.132486	
6.893286	140.537075	140.411738	140.467262	140.141212	
6.911282	140.579407	140.464098	140.509594	140.158666	
6.915641	140.589583	140.481551	140.51977	140.167392	
6.925801	140.614122	140.507731	140.544309	140.184846	
6.935906	140.639144	140.542638	140.569331	140.202299	
6.947344	140.668308	140.577545	140.598495	140.211025	
6.957374	140.694421	140.603725	140.624608	140.228479	
6.967486	140.721369	140.638631	140.651556	140.245932	
6.977623	140.749006	140.673538	140.679193	140.254659	
6.987735	140.777185	140.708444	140.707372	140.272112	
6.997921	140.806206	140.734624	140.736393	140.289565	
7.008024	140.835584	140.769531	140.765771	140.307019	
7.018148	140.86565	140.795711	140.795836	140.324472	
7.028307	140.896443	140.830617	140.82663	140.350652	
7.038387	140.927585	140.856797	140.857772	140.368105	
7.048663	140.960002	140.891704	140.890189	140.385558	
7.05879	140.99254	140.917884	140.922727	140.411738	
7.068902	141.025633	140.95279	140.95582	140.429192	
7.079057	141.059513	140.987697	140.9897	140.446645	
7.08914	141.093759	141.022604	141.023946	140.472825	
7.099615	141.129978	141.05751	141.060165	140.499005	
7.10968	141.165391	141.08369	141.095578	140.516458	
7.119747	141.201424	141.118597	141.13161	140.533911	
7.1299	141.238377	141.153503	141.168564	140.560091	
7.140025	141.275866	141.18841	141.206053	140.586271	
7.150253	141.314341	141.223316	141.244528	140.603725	
7.160399	141.353122	141.258223	141.283309	140.638631	
7.170486	141.392297	141.29313	141.322484	140.656084	
7.180677	141.432483	141.328036	141.36267	140.682264	
7.191226	141.474813	141.362943	141.405	140.708444	
7.200885	141.514044	141.406576	141.44423	140.734624	
7.210988	141.555733	141.441483	141.48592	140.760804	
7.221111	141.598125	141.485116	141.528312	140.786984	
7.231231	141.64111	141.528749	141.571297	140.813164	
7.241374	141.684828	141.563656	141.615015	140.848071	
7.251609	141.72957	141.607289	141.659757	140.874251	
7.261695	141.774235	141.650922	141.704422	140.900431	
7.271803	141.819629	141.685829	141.749816	140.935337	
7.28991	141.903365	141.729462	141.833552	140.961517	
7.294283	141.92352	141.790548	141.853707	141.00515	
7.304427	141.971062	141.834182	141.901249	141.03133	
7.314529	142.019023	141.886542	141.94921	141.066237	
7.324742	142.068151	141.930175	141.998337	141.101143	
7.334791	142.117075	141.982535	142.047262	141.13605	
7.345159	142.169043	142.034895	142.099229	141.170957	
7.35516	142.218151	142.087254	142.148338	141.205863	
7.365201	142.268848	142.130888	142.199035	141.249496	
7.375309	142.320519	142.183248	142.250706	141.284403	
7.385435	142.372903	142.235607	142.30309	141.31931	
7.395782	142.4271	142.287967	142.357287	141.354216	
7.405732	142.479753	142.349054	142.40994	141.397849	
7.415867	142.534062	142.401414	142.464248	141.432756	
7.42604	142.589146	142.453774	142.519333	141.476389	
7.436113	142.644312	142.506133	142.574499	141.511296	
7.446281	142.700643	142.56722	142.63083	141.554929	
7.456496	142.757891	142.628306	142.688078	141.598562	
7.466599	142.815018	142.680666	142.745205	141.642195	
7.47681	142.873454	142.741753	142.80364	141.685829	
7.486848	142.93147	142.802839	142.861657	141.720735	
7.497111	142.991485	142.855199	142.921672	141.773095	
7.507236	143.051245	142.907559	142.981432	141.816728	
7.525356	143.160643	143.012279	143.09083	141.895268	
7.529749	143.187067	143.047185	143.117253	141.912721	
7.539947	143.249323	143.099545	143.179509	141.965081	
7.550932	143.317093	143.160632	143.24728	142.008715	
7.560193	143.374689	143.221718	143.304876	142.061074	
7.570291	143.43807	143.282805	143.368257	142.104708	
7.580406	143.502236	143.343891	143.432423	142.157068	
7.590507	143.566944	143.404978	143.497131	142.209427	
7.601743	143.639717	143.466065	143.569903	142.261787	
7.610834	143.69898	143.535878	143.629167	142.314147	
7.620933	143.765506	143.605691	143.695693	142.366507	
7.631089	143.832995	143.666777	143.763182	142.418867	
7.641202	143.900838	143.727864	143.831025	142.471227	
7.652655	143.978564	143.78895	143.908751	142.523587	
7.661821	144.041107	143.858764	143.971294	142.584673	
7.67162	144.108581	143.928577	144.038768	142.637033	
7.681726	144.178848	143.99839	144.109035	142.69812	
7.69193	144.250381	144.07693	144.180568	142.759206	
7.702529	144.325457	144.138016	144.255644	142.811566	
7.71211	144.393713	144.207829	144.3239	142.872653	
7.722369	144.467543	144.277643	144.39773	142.933739	
7.732357	144.539992	144.356182	144.470179	142.994826	
7.742435	144.613713	144.434722	144.5439	143.047185	
7.753937	144.698769	144.504535	144.628955	143.116999	
7.762807	144.764683	144.574349	144.69487	143.169359	
7.772929	144.840534	144.652888	144.770721	143.230445	
7.783024	144.916823	144.722702	144.84701	143.291532	
7.793125	144.993793	144.801241	144.92398	143.361345	
7.803381	145.072619	144.879781	145.002806	143.422431	
7.821308	145.212646	145.019408	145.142833	143.527151	
7.825659	145.246556	145.045587	145.176743	143.553331	
7.835818	145.326549	145.132854	145.256735	143.623144	
7.845888	145.406454	145.211394	145.33664	143.684231	
7.85658	145.492081	145.289934	145.422268	143.745317	
7.866257	145.570015	145.368473	145.500201	143.81513	
7.876351	145.651931	145.447013	145.582118	143.876217	
7.886503	145.734979	145.525553	145.665166	143.937303	
7.896609	145.818255	145.604093	145.748442	144.007117	
7.906817	145.902999	145.691359	145.833186	144.068203	
7.916903	145.987328	145.769899	145.917515	144.12929	
7.927092	146.073162	145.848439	146.003349	144.199103	
7.937232	146.159182	145.935705	146.089368	144.260189	
7.947386	146.245939	146.014245	146.176126	144.321276	
7.957852	146.336125	146.101512	146.266311	144.382362	
7.967675	146.421196	146.188778	146.351383	144.443449	
7.977841	146.509905	146.267318	146.440092	144.513262	
7.987948	146.598727	146.354584	146.528914	144.574349	
7.99807	146.688297	146.441851	146.618484	144.635435	
8.008244	146.778985	146.529117	146.709172	144.696522	
8.01837	146.869788	146.616384	146.799975	144.757608	
8.028525	146.961497	146.70365	146.891684	144.827421	
8.038658	147.053632	146.790917	146.983818	144.888508	
8.048756	147.14605	146.88691	147.076237	144.949594	
8.059221	147.242607	146.974176	147.172794	145.019408	
8.069137	147.33453	147.061443	147.264717	145.080494	
8.079216	147.428606	147.157436	147.358793	145.141581	
8.089308	147.523415	147.253429	147.453602	145.211394	
8.099799	147.623382	147.340695	147.553568	145.27248	
8.858293	151.704192	152.044358	151.634379	147.235976	
8.868996	151.775796	152.044358	151.705983	147.244702	
8.878523	151.839254	152.061811	151.769441	147.270882	
8.88866	151.906499	152.070538	151.836685	147.305789	
8.898864	151.973913	152.079264	151.9041	147.340695	
8.909336	152.042832	152.087991	151.973018	147.393055	
8.919183	152.107359	152.096718	152.037546	147.445415	
8.929684	152.175874	152.096718	152.10606	147.506502	
8.939855	152.241948	152.114171	152.172135	147.567588	
8.949691	152.305602	152.122898	152.235789	147.619948	
8.960096	152.372639	152.140351	152.302826	147.681035	
8.970659	152.440405	152.157804	152.370591	147.742121	
8.980182	152.501224	152.192711	152.431411	147.803208	
8.990613	152.567559	152.227617	152.497746	147.864294	
9.000465	152.62997	152.262524	152.560157	147.925381	
9.011049	152.696694	152.314884	152.626881	147.986467	
9.020848	152.758226	152.367244	152.688413	148.047554	
9.031368	152.823991	152.419604	152.754178	148.10864	
9.041366	152.886199	152.471963	152.816386	148.169727	
9.051222	152.947296	152.541777	152.877483	148.23954	
9.061718	153.012041	152.602863	152.942228	148.300627	
9.081347	153.13187	152.681403	153.062056	148.361713	
9.086519	153.163404	152.786123	153.093591	148.457706	
9.096738	153.2255	152.864663	153.155687	148.527519	
9.106891	153.286918	152.943202	153.217105	148.588606	
9.125087	153.395858	153.030469	153.326045	148.658419	
9.130215	153.426571	153.135189	153.356758	148.745686	
9.140459	153.487613	153.222455	153.417799	148.806772	
9.150858	153.549261	153.309721	153.479448	148.876585	
9.161064	153.609511	153.396988	153.539698	148.946398	
9.17177	153.672391	153.484254	153.602578	149.016212	
9.181436	153.728903	153.562794	153.659089	149.086025	
9.191239	153.785967	153.650061	153.716153	149.155838	
9.201651	153.846264	153.728601	153.776451	149.225651	
9.211594	153.903597	153.80714	153.833784	149.295464	
9.221983	153.963205	153.88568	153.893392	149.365277	
9.231833	154.019456	153.96422	153.949643	149.435091	
9.24212	154.077929	154.04276	154.008116	149.504904	
9.252158	154.134719	154.112573	154.064906	149.56599	
9.262673	154.19391	154.182386	154.124097	149.635803	
9.273053	154.252069	154.243473	154.182256	149.705617	
9.28279	154.306331	154.304559	154.236518	149.766703	
9.300828	154.405807	154.374372	154.335993	149.836516	
9.30596	154.434097	154.452912	154.364284	149.923783	
9.316158	154.490052	154.513999	154.420239	149.993596	
9.326287	154.545332	154.566359	154.475519	150.063409	
9.336767	154.602228	154.627445	154.532415	150.124496	
9.346842	154.656647	154.679805	154.586834	150.194309	
9.357374	154.713262	154.732165	154.643449	150.255395	
9.367191	154.765759	154.784525	154.695946	150.325208	
9.38071	154.837492	154.845611	154.767679	150.412475	
9.39087	154.891178	154.897971	154.821365	150.473561	
9.401285	154.945922	154.941604	154.876108	150.534648	
9.419373	155.039942	154.985238	154.970129	150.604461	
9.424594	155.067061	155.046324	154.997248	150.691728	
9.434964	155.120631	155.089957	155.050818	150.752814	
9.453103	155.213267	155.177224	155.143454	150.866261	
9.458233	155.23945	155.194677	155.169637	150.901167	
9.468457	155.291373	155.23831	155.22156	150.962254	
9.479264	155.345913	155.281944	155.2761	151.02334	
9.488935	155.39445	155.334303	155.324637	151.084427	
9.507165	155.484893	155.377937	155.415079	151.145513	
9.512627	155.511998	155.439023	155.442185	151.23278	
9.522503	155.560706	155.47393	155.490893	151.293866	
9.532982	155.61208	155.52629	155.542266	151.354953	
9.543135	155.661563	155.569923	155.59175	151.424766	
9.552933	155.709093	155.613556	155.639279	151.485852	
9.563443	155.759754	155.657189	155.68994	151.546939	
9.573259	155.806811	155.709549	155.736997	151.608025	
9.591685	155.894051	155.788089	155.824238	151.721472	
9.596916	155.918805	155.814269	155.848992	151.756378	
9.60701	155.966301	155.866629	155.896488	151.817465	
9.617405	156.014918	155.910262	155.945105	151.878552	
9.627322	156.06102	155.962622	155.991207	151.948365	
9.63782	156.109525	156.006255	156.039712	152.009451	
9.647639	156.154656	156.058615	156.084843	152.070538	
9.658078	156.202317	156.110975	156.132504	152.140351	
9.676043	156.283317	156.163335	156.213504	152.201437	
9.681771	156.309165	156.224421	156.239352	152.279977	
9.691585	156.35309	156.276781	156.283276	152.34979	
9.709825	156.434006	156.320414	156.364193	152.410877	
9.715019	156.456593	156.381501	156.38678	152.498143	
9.725249	156.501496	156.433861	156.431683	152.55923	
9.7357	156.547047	156.486221	156.477234	152.629043	
9.74558	156.58985	156.538581	156.520037	152.69013	
9.755737	156.633587	156.59094	156.563774	152.751216	
9.766152	156.678123	156.634574	156.60831	152.821029	
9.776061	156.720247	156.686934	156.650434	152.890842	
9.786295	156.76348	156.730567	156.693667	152.951929	
9.796423	156.805955	156.7742	156.736142	153.013016	
9.80655	156.848189	156.817833	156.778375	153.082829	
9.817055	156.891693	156.870193	156.82188	153.143915	
9.826939	156.932361	156.913826	156.862547	153.205002	
9.837451	156.975308	156.95746	156.905494	153.274815	
9.847282	157.01523	157.001093	156.945417	153.344628	
9.857432	157.05616	157.044726	156.986347	153.405715	
9.867942	157.09825	157.088359	157.028436	153.475528	
9.877725	157.137177	157.131993	157.067364	153.536614	
9.888332	157.17907	157.166899	157.109257	153.606427	
9.898183	157.217717	157.210532	157.147903	153.667514	
9.90826	157.256987	157.245439	157.187174	153.728601	
9.918434	157.29636	157.289072	157.226547	153.798414	
9.928539	157.335187	157.323979	157.265374	153.868227	
9.938692	157.373922	157.358885	157.304109	153.929313	
9.956717	157.441638	157.428699	157.371825	154.04276	
9.962062	157.46174	157.446152	157.391927	154.077666	
9.97209	157.499115	157.481058	157.429302	154.14748	
9.982494	157.537593	157.515965	157.46778	154.217293	
9.992371	157.573865	157.550872	157.504052	154.278379	
10.00247	157.610669	157.585778	157.540856	154.339466	
10.01312	157.649168	157.620685	157.579355	154.409279	
10.02277	157.68385	157.655591	157.614037	154.479092	
10.03323	157.721088	157.690498	157.651275	154.540179	
10.04318	157.756283	157.725405	157.68647	154.601265	
10.05358	157.792778	157.760311	157.722965	154.671078	
10.06417	157.82963	157.803944	157.759817	154.740891	
10.07366	157.862404	157.830124	157.792591	154.801978	
10.08388	157.897457	157.865031	157.827644	154.871791	
10.09434	157.933012	157.899937	157.863199	154.932878	
10.10412	157.965997	157.934844	157.896184	155.002691	
10.11453	158.000819	157.969751	157.931006	155.072504	
10.12471	158.034608	157.995931	157.964795	155.133591	
10.13461	158.067213	158.030837	157.9974	155.203404	
10.1451	158.10142	158.065744	158.031607	155.26449	
10.1549	158.133177	158.10065	158.063364	155.334303	
10.17711	158.20342	158.170463	158.133607	155.482656	
10.18263	158.220908	158.187917	158.151094	155.517563	
10.20065	158.2769	158.222823	158.207087	155.57865	
10.20643	158.294825	158.266457	158.225011	155.674643	
10.21687	158.326901	158.301363	158.257088	155.744456	
10.22672	158.356908	158.327543	158.287095	155.805542	
10.23684	158.38748	158.36245	158.317667	155.875355	
10.24694	158.417701	158.397356	158.347888	155.936442	
10.2571	158.447818	158.423536	158.378005	155.997529	
10.2672	158.47751	158.458443	158.407697	156.067342	
10.2773	158.506928	158.484623	158.437114	156.137155	
10.28843	158.539016	158.519529	158.469203	156.198241	
10.29792	158.566141	158.545709	158.496328	156.259328	
10.30781	158.59411	158.580616	158.524297	156.329141	
10.31784	158.62224	158.615522	158.552427	156.390228	
10.32795	158.650327	158.641702	158.580514	156.451314	
10.3382	158.678505	158.667882	158.608692	156.512401	
10.34827	158.70591	158.694062	158.636097	156.582214	
10.35892	158.734623	158.728969	158.66481	156.6433	
10.36901	158.761555	158.755149	158.691742	156.704387	
10.37913	158.788272	158.781329	158.718459	156.765473	
10.38976	158.816068	158.807509	158.746254	156.82656	
10.39954	158.841366	158.824962	158.771553	156.887646	
10.40961	158.867126	158.851142	158.797313	156.940006	
10.41978	158.892883	158.877322	158.82307	157.001093	
10.42986	158.91836	158.903502	158.848547	157.062179	
10.43998	158.943255	158.929682	158.873442	157.114539	
10.45016	158.968226	158.955862	158.898413	157.166899	
10.46026	158.992736	158.973315	158.922923	157.227986	
10.4704	159.017051	158.999495	158.947238	157.280346	
10.48048	159.040989	159.025675	158.971176	157.323979	
10.49099	159.065634	159.043128	158.995821	157.385065	
10.50085	159.088472	159.069308	159.018659	157.428699	
10.51092	159.111542	159.086761	159.041729	157.481058	
10.52105	159.134493	159.112941	159.064679	157.533418	
10.53119	159.157185	159.130395	159.087372	157.577052	
10.54135	159.17965	159.156574	159.109837	157.620685	
10.55143	159.201678	159.174028	159.131865	157.673045	
10.56155	159.223507	159.191481	159.153693	157.707951	
10.57178	159.245309	159.208934	159.175496	157.760311	
10.5819	159.266596	159.235114	159.196783	157.803944	
10.60065	159.304924	159.252568	159.235111	157.847578	
10.61295	159.329746	159.287474	159.259933	157.934844	
10.61728	159.338481	159.296201	159.268668	157.952297	
10.62743	159.358624	159.313654	159.288811	157.995931	
10.63753	159.378389	159.339834	159.308576	158.030837	
10.64769	159.398013	159.357287	159.3282	158.07447	
10.65784	159.417326	159.383467	159.347513	158.109377	
10.668	159.436385	159.400921	159.366572	158.15301	
10.67814	159.455161	159.418374	159.385348	158.187917	
10.68821	159.473524	159.435827	159.40371	158.222823	
10.69857	159.492143	159.45328	159.42233	158.266457	
10.7086	159.509888	159.47946	159.440075	158.301363	
10.71866	159.527435	159.496914	159.457622	158.33627	
10.72884	159.544905	159.523094	159.475091	158.371176	
10.73896	159.562014	159.540547	159.4922	158.406083	
10.74916	159.578984	159.558	159.509171	158.432263	
10.75924	159.595494	159.575454	159.525681	158.467169	
10.76937	159.611809	159.592907	159.541995	158.493349	
10.77963	159.628047	159.61036	159.558234	158.528256	
10.78982	159.644035	159.627813	159.574222	158.554436	
10.79984	159.659268	159.645267	159.589455	158.589342	
10.80999	159.674534	159.66272	159.604721	158.615522	
10.8201	159.689466	159.680173	159.619653	158.650429	
10.83021	159.70415	159.697627	159.634337	158.676609	
10.84032	159.718559	159.71508	159.648745	158.702789	
10.85054	159.732849	159.732533	159.663035	158.737695	
10.86061	159.746668	159.749986	159.676855	158.763875	
10.87071	159.760252	159.76744	159.690439	158.790055	
10.88082	159.773604	159.784893	159.703791	158.816235	
10.89124	159.787074	159.802346	159.717261	158.842415	
10.90121	159.799704	159.8198	159.72989	158.868595	
10.91134	159.812269	159.837253	159.742456	158.894775	
10.92145	159.824533	159.84598	159.75472	158.920955	
10.93164	159.836637	159.863433	159.766823	158.938408	
10.94171	159.848341	159.880886	159.778528	158.964588	
10.9519	159.859905	159.889613	159.790092	158.990768	
10.96202	159.871134	159.907066	159.801321	159.008222	
10.97211	159.882061	159.915793	159.812248	159.034401	
10.98228	159.892803	159.933246	159.82299	159.051855	
10.99273	159.903568	159.941973	159.833755	159.069308	
11.00259	159.913472	159.950699	159.843658	159.095488	
11.01275	159.923418	159.968153	159.853605	159.112941	
11.02284	159.933029	159.976879	159.863216	159.130395	
11.03297	159.942417	159.985606	159.872604	159.147848	
11.04312	159.951562	159.994333	159.881749	159.174028	
11.05328	159.960451	159.994333	159.890638	159.191481	
11.06343	159.96907	159.994333	159.899257	159.208934	
11.07353	159.977383	159.994333	159.90757	159.217661	
11.0837	159.985493	159.994333	159.91568	159.243841	
11.09398	159.99342	159.994333	159.923607	159.252568	
11.10418	160.001031	159.994333	159.931218	159.270021	
11.11434	160.008343	159.994333	159.93853	159.287474	
11.12444	160.015359	159.994333	159.945546	159.304927	
11.13453	160.022117	160.003059	159.952304	159.313654	
11.14472	160.028679	160.003059	159.958866	159.331107	
11.15485	160.034943	160.011786	159.96513	159.348561	
11.16503	160.040983	160.011786	159.97117	159.357287	
11.17511	160.046716	160.011786	159.976902	159.374741	
11.18522	160.052208	160.020512	159.982395	159.383467	
11.1954	160.057491	160.020512	159.987678	159.392194	
11.20556	160.062508	160.020512	159.992695	159.400921	
11.21573	160.067273	160.029239	159.99746	159.409647	
11.22585	160.071771	160.029239	160.001958	159.418374	
11.23611	160.076078	160.029239	160.006264	159.435827	
11.24628	160.0801	160.037966	160.010287	159.444554	
11.25639	160.083857	160.037966	160.014044	159.45328	
11.26655	160.087387	160.046692	160.017574	159.462007	
11.27664	160.090659	160.046692	160.020846	159.470734	
11.28698	160.093764	160.055419	160.023951	159.47946	
11.29692	160.096524	160.064146	160.026711	159.488187	
11.30713	160.099126	160.064146	160.029313	159.496914	
11.31727	160.101481	160.072872	160.031668	159.50564	
11.32741	160.103615	160.072872	160.033801	159.514367	
11.33755	160.105528	160.081599	160.035715	159.514367	
11.34771	160.107232	160.081599	160.037419	159.523094	
11.35986	160.108948	160.081599	160.039135	159.523094	
11.36788	160.109992	160.090326	160.040179	159.53182	
11.378	160.115032	160.099052	160.045219	159.540547	
11.38835	160.115032	160.099052	160.045219	159.549274	
11.39829	160.115032	160.099052	160.045219	159.558	
11.40858	160.115032	160.107779	160.045219	159.558	
11.41864	160.115032	160.107779	160.045219	159.566727	
11.42875	160.115032	160.107779	160.045219	159.575454	
11.43887	160.115032	160.107779	160.045219	159.575454	
11.44898	160.115032	160.107779	160.045219	159.575454	
11.45915	160.115032	160.107779	160.045219	159.58418	
11.46934	160.115032	160.107779	160.045219	159.58418	
11.47946	160.115032	160.107779	160.045219	159.58418	
11.4896	160.115032	160.107779	160.045219	159.592907	
11.49993	160.115032	160.107779	160.045219	159.592907	
11.5099	160.115032	160.107779	160.045219	159.592907	
11.52002	160.115032	160.107779	160.045219	159.601633	
11.53041	160.115032	160.107779	160.045219	159.601633	
11.54046	160.115032	160.107779	160.045219	159.61036	
11.55104	160.115032	160.107779	160.045219	159.61036	
11.56073	160.115032	160.107779	160.045219	159.61036	
11.57086	160.115032	160.107779	160.045219	159.619087	
11.58097	160.115032	160.107779	160.045219	159.619087	
11.59106	160.115032	160.107779	160.045219	159.627813	
11.60129	160.115032	160.107779	160.045219	159.627813	
11.61144	160.115032	160.107779	160.045219	159.627813	
11.62156	160.115032	160.107779	160.045219	159.627813	
11.63164	160.115032	160.107779	160.045219	159.627813	
11.64175	160.115032	160.107779	160.045219	159.627813	
11.66024	160.115032	160.107779	160.045219	159.627813	
11.66461	160.115032	160.107779	160.045219	159.627813	
11.67477	160.115032	160.107779	160.045219	159.627813	
11.6849	160.115032	160.107779	160.045219	159.627813	
11.69502	160.115032	160.107779	160.045219	159.627813	
11.7056	160.115032	160.107779	160.045219	159.627813	
11.71536	160.115032	160.107779	160.045219	159.627813	
11.72547	160.115032	160.107779	160.045219	159.627813	
11.73561	160.115032	160.107779	160.045219	159.627813	
11.74571	160.115032	160.107779	160.045219	159.627813	
11.75591	160.115032	160.107779	160.045219	159.627813	
11.766	160.115032	160.107779	160.045219	159.627813	
11.77613	160.115032	160.107779	160.045219	159.627813	
11.7863	160.115032	160.107779	160.045219	159.627813	
11.7964	160.115032	160.107779	160.045219	159.627813	
11.80682	160.115032	160.107779	160.045219	159.627813	
11.81675	160.115032	160.107779	160.045219	159.627813	
11.82684	160.115032	160.107779	160.045219	159.627813	
11.83698	160.115032	160.107779	160.045219	159.627813	
11.84707	160.115032	160.107779	160.045219	159.627813	
11.85727	160.115032	160.107779	160.045219	159.627813	
11.86738	160.115032	160.107779	160.045219	159.627813	
11.87747	160.115032	160.107779	160.045219	159.627813	
11.88764	160.115032	160.107779	160.045219	159.627813	
11.89773	160.115032	160.107779	160.045219	159.627813	
11.9091	160.115032	160.107779	160.045219	159.627813	
11.91803	160.115032	160.107779	160.045219	159.627813	
11.92816	160.115032	160.107779	160.045219	159.627813	
11.93832	160.115032	160.107779	160.045219	159.627813	
11.9484	160.115032	160.107779	160.045219	159.627813	
11.95858	160.115032	160.107779	160.045219	159.627813	
11.96869	160.115032	160.107779	160.045219	159.627813	
11.97885	160.115032	160.107779	160.045219	159.627813	
11.98898	160.115032	160.107779	160.045219	159.627813	
11.99906	160.115032	160.107779	160.045219	159.627813	
12.01043	160.115032	160.107779	160.045219	159.627813	
12.0198	160.115032	160.107779	160.045219	159.627813	
12.02986	160.115032	160.107779	160.045219	159.627813	
12.03995	160.115032	160.107779	160.045219	159.627813	
12.05003	160.115032	160.107779	160.045219	159.627813	
12.06022	160.115032	160.107779	160.045219	159.627813	
12.07032	160.115032	160.107779	160.045219	159.627813	
12.08046	160.115032	160.107779	160.045219	159.627813	
12.09061	160.115032	160.107779	160.045219	159.627813	
12.10107	160.115032	160.107779	160.045219	159.627813	
12.11173	160.115032	160.107779	160.045219	159.627813	
12.12904	160.115032	160.107779	160.045219	159.627813	
12.13364	160.115032	160.107779	160.045219	159.627813	
12.14374	160.115032	160.107779	160.045219	159.627813	
12.15384	160.115032	160.107779	160.045219	159.627813	
12.17502	160.115032	160.107779	160.045219	159.627813	
12.1794	160.115032	160.107779	160.045219	159.627813	
12.18953	160.115032	160.107779	160.045219	159.627813	
12.19966	160.115032	160.107779	160.045219	159.627813	
12.21783	160.115032	160.107779	160.045219	159.627813	
12.22253	160.115032	160.107779	160.045219	159.627813	
12.23237	160.115032	160.107779	160.045219	159.627813	
12.24253	160.115032	160.107779	160.045219	159.627813	
12.25258	160.115032	160.107779	160.045219	159.627813	
12.2628	160.115032	160.107779	160.045219	159.627813	
12.27282	160.115032	160.107779	160.045219	159.627813	
12.28301	160.115032	160.107779	160.045219	159.627813	
12.29313	160.115032	160.107779	160.045219	159.627813	
12.3032	160.115032	160.107779	160.045219	159.627813	
12.3227	160.115032	160.107779	160.045219	159.627813	
12.32707	160.115032	160.107779	160.045219	159.627813	
12.3372	160.115032	160.107779	160.045219	159.627813	
12.34735	160.115032	160.107779	160.045219	159.627813	
12.35789	160.115032	160.107779	160.045219	159.627813	
12.3676	160.115032	160.107779	160.045219	159.627813	
12.3777	160.115032	160.107779	160.045219	159.627813	
12.38786	160.115032	160.107779	160.045219	159.627813	
12.39798	160.115032	160.107779	160.045219	159.627813	
12.40808	160.115032	160.107779	160.045219	159.627813	
12.41835	160.115032	160.107779	160.045219	159.627813	
12.42846	160.115032	160.107779	160.045219	159.627813	
12.43859	160.115032	160.107779	160.045219	159.627813	
12.4487	160.115032	160.107779	160.045219	159.627813	
12.4588	160.115032	160.107779	160.045219	159.627813	
12.46898	160.115032	160.107779	160.045219	159.627813	
12.4791	160.115032	160.107779	160.045219	159.627813	
12.48923	160.115032	160.107779	160.045219	159.627813	
12.49935	160.115032	160.107779	160.045219	159.627813	
12.50964	160.115032	160.107779	160.045219	159.627813	
12.51966	160.115032	160.107779	160.045219	159.627813	
12.52998	160.115032	160.107779	160.045219	159.627813	
12.53994	160.115032	160.107779	160.045219	159.627813	
12.55003	160.115032	160.107779	160.045219	159.627813	
12.56011	160.115032	160.107779	160.045219	159.627813	
12.57031	160.115032	160.107779	160.045219	159.627813	
12.58042	160.115032	160.107779	160.045219	159.627813	
12.59052	160.115032	160.107779	160.045219	159.627813	
12.60065	160.115032	160.107779	160.045219	159.627813	
12.61113	160.115032	160.107779	160.045219	159.627813	
12.62125	160.115032	160.107779	160.045219	159.627813	
12.63106	160.115032	160.107779	160.045219	159.627813	
12.64122	160.115032	160.107779	160.045219	159.627813	
12.65131	160.115032	160.107779	160.045219	159.627813	
12.66144	160.115032	160.107779	160.045219	159.627813	
12.67156	160.115032	160.107779	160.045219	159.627813	
12.68168	160.115032	160.107779	160.045219	159.627813	
12.69193	160.115032	160.107779	160.045219	159.627813	
12.70205	160.115032	160.107779	160.045219	159.627813	
12.71252	160.115032	160.107779	160.045219	159.627813	
12.72249	160.115032	160.107779	160.045219	159.627813	
12.73248	160.115032	160.107779	160.045219	159.627813	
12.7426	160.115032	160.107779	160.045219	159.627813	
12.75269	160.115032	160.107779	160.045219	159.627813	
12.76288	160.115032	160.107779	160.045219	159.627813	
12.77297	160.115032	160.107779	160.045219	159.627813	
12.78309	160.115032	160.107779	160.045219	159.627813	
12.79325	160.115032	160.107779	160.045219	159.627813	
12.80337	160.115032	160.107779	160.045219	159.627813	
12.82196	160.115032	160.107779	160.045219	159.627813	
12.82646	160.115032	160.107779	160.045219	159.627813	
12.83653	160.115032	160.107779	160.045219	159.627813	
12.84665	160.115032	160.107779	160.045219	159.627813	
12.85675	160.115032	160.107779	160.045219	159.627813	
12.86693	160.115032	160.107779	160.045219	159.627813	
12.87701	160.115032	160.107779	160.045219	159.627813	
12.88719	160.115032	160.107779	160.045219	159.627813	
12.89735	160.115032	160.107779	160.045219	159.627813	
12.90743	160.115032	160.107779	160.045219	159.627813	
12.91755	160.115032	160.107779	160.045219	159.627813	
12.9278	160.115032	160.107779	160.045219	159.627813	
12.9379	160.115032	160.107779	160.045219	159.627813	
12.94808	160.115032	160.107779	160.045219	159.627813	
12.95816	160.115032	160.107779	160.045219	159.627813	
12.96825	160.115032	160.107779	160.045219	159.627813	
12.97848	160.115032	160.107779	160.045219	159.627813	
12.98858	160.115032	160.107779	160.045219	159.627813	
12.99871	160.115032	160.107779	160.045219	159.627813	
13.00883	160.115032	160.107779	160.045219	159.627813	
13.01892	160.115032	160.107779	160.045219	159.627813	
13.02924	160.115032	160.107779	160.045219	159.627813	
13.03926	160.115032	160.107779	160.045219	159.627813	
13.04941	160.115032	160.107779	160.045219	159.627813	
13.05953	160.115032	160.107779	160.045219	159.627813	
13.06983	160.115032	160.107779	160.045219	159.627813	
13.07978	160.115032	160.107779	160.045219	159.627813	
13.0899	160.115032	160.107779	160.045219	159.627813	
13.10005	160.115032	160.107779	160.045219	159.627813	
13.11014	160.115032	160.107779	160.045219	159.627813	
13.12023	160.115032	160.107779	160.045219	159.627813	
13.13075	160.115032	160.107779	160.045219	159.627813	
13.14061	160.115032	160.107779	160.045219	159.627813	
13.15068	160.115032	160.107779	160.045219	159.627813	
13.16079	160.115032	160.107779	160.045219	159.627813	
13.17117	160.115032	160.107779	160.045219	159.627813	
13.18105	160.115032	160.107779	160.045219	159.627813	
13.19116	160.115032	160.107779	160.045219	159.627813	
13.2013	160.115032	160.107779	160.045219	159.627813	
13.21141	160.115032	160.107779	160.045219	159.627813	
13.22153	160.115032	160.107779	160.045219	159.627813	
13.23189	160.115032	160.107779	160.045219	159.627813	
13.2419	160.115032	160.107779	160.045219	159.627813	
13.25206	160.115032	160.107779	160.045219	159.627813	
13.2621	160.115032	160.107779	160.045219	159.627813	
13.27254	160.115032	160.107779	160.045219	159.627813	
13.28249	160.115032	160.107779	160.045219	159.627813	
13.29242	160.115032	160.107779	160.045219	159.627813	
13.30259	160.115032	160.107779	160.045219	159.627813	
13.31268	160.115032	160.107779	160.045219	159.627813	
13.32285	160.115032	160.107779	160.045219	159.627813	
13.3334	160.115032	160.107779	160.045219	159.627813	
13.34312	160.115032	160.107779	160.045219	159.627813	
13.35327	160.115032	160.107779	160.045219	159.627813	
13.37391	160.115032	160.107779	160.045219	159.627813	
13.37826	160.115032	160.107779	160.045219	159.627813	
13.38839	160.115032	160.107779	160.045219	159.627813	
13.39849	160.115032	160.107779	160.045219	159.627813	
13.40871	160.115032	160.107779	160.045219	159.627813	
13.41878	160.115032	160.107779	160.045219	159.627813	
13.42938	160.115032	160.107779	160.045219	159.627813	
13.43912	160.115032	160.107779	160.045219	159.627813	
13.44929	160.115032	160.107779	160.045219	159.627813	
13.45937	160.115032	160.107779	160.045219	159.627813	
13.46965	160.115032	160.107779	160.045219	159.627813	
13.47968	160.115032	160.107779	160.045219	159.627813	
13.48978	160.115032	160.107779	160.045219	159.627813	
13.49999	160.115032	160.107779	160.045219	159.627813	
13.51003	160.115032	160.107779	160.045219	159.627813	
13.52013	160.115032	160.107779	160.045219	159.627813	
13.53086	160.115032	160.107779	160.045219	159.627813	
13.54047	160.115032	160.107779	160.045219	159.627813	
13.55062	160.115032	160.107779	160.045219	159.627813	
13.56069	160.115032	160.107779	160.045219	159.627813	
13.57112	160.115032	160.107779	160.045219	159.627813	
13.58095	160.115032	160.107779	160.045219	159.627813	
13.5911	160.115032	160.107779	160.045219	159.627813	
13.60121	160.115032	160.107779	160.045219	159.627813	
13.61132	160.115032	160.107779	160.045219	159.627813	
13.62147	160.115032	160.107779	160.045219	159.627813	
13.63991	160.115032	160.107779	160.045219	159.627813	
13.64432	160.115032	160.107779	160.045219	159.627813	
13.65444	160.115032	160.107779	160.045219	159.627813	
13.66456	160.115032	160.107779	160.045219	159.627813	
13.67479	160.115032	160.107779	160.045219	159.627813	
13.68489	160.115032	160.107779	160.045219	159.627813	
13.69502	160.115032	160.107779	160.045219	159.627813	
13.70519	160.115032	160.107779	160.045219	159.627813	
13.71529	160.115032	160.107779	160.045219	159.627813	
13.72547	160.115032	160.107779	160.045219	159.627813	
13.73564	160.115032	160.107779	160.045219	159.627813	
13.74603	160.115032	160.107779	160.045219	159.627813	
13.75622	160.115032	160.107779	160.045219	159.627813	
13.76629	160.115032	160.107779	160.045219	159.627813	
13.77637	160.115032	160.107779	160.045219	159.627813	
13.7866	160.115032	160.107779	160.045219	159.627813	
13.79669	160.115032	160.107779	160.045219	159.627813	
13.80683	160.115032	160.107779	160.045219	159.627813	
13.81697	160.115032	160.107779	160.045219	159.627813	
13.8272	160.115032	160.107779	160.045219	159.627813	
13.83751	160.115032	160.107779	160.045219	159.627813	
13.84759	160.115032	160.107779	160.045219	159.627813	
13.85772	160.115032	160.107779	160.045219	159.627813	
13.86793	160.115032	160.107779	160.045219	159.627813	
13.87795	160.115032	160.107779	160.045219	159.627813	
13.88812	160.115032	160.107779	160.045219	159.627813	
13.89825	160.115032	160.107779	160.045219	159.627813	
13.90839	160.115032	160.107779	160.045219	159.627813	
13.91847	160.115032	160.107779	160.045219	159.627813	
13.9286	160.115032	160.107779	160.045219	159.627813	
13.93883	160.115032	160.107779	160.045219	159.627813	
13.94899	160.115032	160.107779	160.045219	159.627813	
13.95908	160.115032	160.107779	160.045219	159.627813	
13.9692	160.115032	160.107779	160.045219	159.627813	
13.9793	160.115032	160.107779	160.045219	159.627813	
13.98951	160.115032	160.107779	160.045219	159.627813	
13.99959	160.115032	160.107779	160.045219	159.627813	
14.0097	160.115032	160.107779	160.045219	159.627813	
14.01991	160.115032	160.107779	160.045219	159.627813	
14.03012	160.115032	160.107779	160.045219	159.627813	
14.04016	160.115032	160.107779	160.045219	159.627813	
14.0503	160.115032	160.107779	160.045219	159.627813	
14.06043	160.115032	160.107779	160.045219	159.627813	
14.07058	160.115032	160.107779	160.045219	159.627813	
14.0815	160.115032	160.107779	160.045219	159.627813	
14.09085	160.115032	160.107779	160.045219	159.627813	
14.10092	160.115032	160.107779	160.045219	159.627813	
14.111	160.115032	160.107779	160.045219	159.627813	
14.12113	160.115032	160.107779	160.045219	159.627813	
14.13132	160.115032	160.107779	160.045219	159.627813	
14.14157	160.115032	160.107779	160.045219	159.627813	
14.1517	160.115032	160.107779	160.045219	159.627813	
14.16348	160.115032	160.107779	160.045219	159.627813	
14.17215	160.115032	160.107779	160.045219	159.627813	
14.18264	160.115032	160.107779	160.045219	159.627813	
14.19238	160.115032	160.107779	160.045219	159.627813	
14.20254	160.115032	160.107779	160.045219	159.627813	
14.21265	160.115032	160.107779	160.045219	159.627813	
14.22274	160.115032	160.107779	160.045219	159.627813	
14.2329	160.115032	160.107779	160.045219	159.627813	
14.24307	160.115032	160.107779	160.045219	159.627813	
14.25335	160.115032	160.107779	160.045219	159.627813	
14.26339	160.115032	160.107779	160.045219	159.627813	
14.2735	160.115032	160.107779	160.045219	159.627813	
14.28411	160.115032	160.107779	160.045219	159.627813	
14.29417	160.115032	160.107779	160.045219	159.627813	
14.30434	160.115032	160.107779	160.045219	159.627813	
14.31447	160.115032	160.107779	160.045219	159.627813	
14.32457	160.115032	160.107779	160.045219	159.627813	
14.33472	160.115032	160.107779	160.045219	159.627813	
14.34495	160.115032	160.107779	160.045219	159.627813	
14.35507	160.115032	160.107779	160.045219	159.627813	
14.37715	160.115032	160.107779	160.045219	159.627813	
14.38167	160.115032	160.107779	160.045219	159.627813	
14.39175	160.115032	160.107779	160.045219	159.627813	
14.40197	160.115032	160.107779	160.045219	159.627813	
14.41212	160.115032	160.107779	160.045219	159.627813	
14.42216	160.115032	160.107779	160.045219	159.627813	
14.43264	160.115032	160.107779	160.045219	159.627813	
14.44318	160.115032	160.107779	160.045219	159.627813	
14.46151	160.115032	160.107779	160.045219	159.627813	
14.4659	160.115032	160.107779	160.045219	159.627813	
14.47605	160.115032	160.107779	160.045219	159.627813	
14.48617	160.115032	160.107779	160.045219	159.627813	
14.4963	160.115032	160.107779	160.045219	159.627813	
14.50643	160.115032	160.107779	160.045219	159.627813	
14.51656	160.115032	160.107779	160.045219	159.627813	
14.52666	160.115032	160.107779	160.045219	159.627813	
14.53683	160.115032	160.107779	160.045219	159.627813	
14.54715	160.115032	160.107779	160.045219	159.627813	
14.55718	160.115032	160.107779	160.045219	159.627813	
14.56733	160.115032	160.107779	160.045219	159.627813	
14.57744	160.115032	160.107779	160.045219	159.627813	
14.58754	160.115032	160.107779	160.045219	159.627813	
14.59773	160.115032	160.107779	160.045219	159.627813	
14.60784	160.115032	160.107779	160.045219	159.627813	
14.61798	160.115032	160.107779	160.045219	159.627813	
14.6281	160.115032	160.107779	160.045219	159.627813	
14.63819	160.115032	160.107779	160.045219	159.627813	
14.64843	160.115032	160.107779	160.045219	159.627813	
14.6586	160.115032	160.107779	160.045219	159.627813	
14.66868	160.115032	160.107779	160.045219	159.627813	
14.67878	160.115032	160.107779	160.045219	159.627813	
14.68889	160.115032	160.107779	160.045219	159.627813	
14.69905	160.115032	160.107779	160.045219	159.627813	
14.7092	160.115032	160.107779	160.045219	159.627813	
14.71926	160.115032	160.107779	160.045219	159.627813	
14.72947	160.115032	160.107779	160.045219	159.627813	
14.73965	160.115032	160.107779	160.045219	159.627813	
14.74978	160.115032	160.107779	160.045219	159.627813	
14.75988	160.115032	160.107779	160.045219	159.627813	
14.78382	160.115032	160.107779	160.045219	159.627813	
