32.8714	0.00103060261	0	-0.00769604365	-0.00872664626	
32.88109	0.00249758503	0	-0.00622906123	-0.00872664626	
32.89119	0.00464948452	0	-0.00407716174	-0.00872664626	
32.90129	0.00741636388	0	-0.00131028238	-0.00872664626	
32.91154	0.0108585164	0	0.00213187015	-0.00872664626	
32.92158	0.0148263293	0	0.00609968304	-0.00872664626	
32.93172	0.0194597234	0	0.0107330772	0	
32.94183	0.0246848472	0	0.0159582009	0	
32.95196	0.0305380209	0	0.0218113747	0	
32.96205	0.0369811196	0.00872664626	0.0282544733	0	
32.97289	0.0446344253	0.00872664626	0.035907779	0.00872664626	
32.98248	0.0519160894	0.0174532925	0.0431894431	0.0174532925	
32.99253	0.0601594515	0.0174532925	0.0514328052	0.0174532925	
33.00269	0.0691262986	0.0261799388	0.0603996524	0.0261799388	
33.01288	0.078748973	0.034906585	0.0700223268	0.034906585	
33.02289	0.0887809261	0.034906585	0.0800542798	0.034906585	
33.03304	0.0995896357	0.0436332313	0.0908629895	0.034906585	
33.04315	0.110963446	0.0523598776	0.1022368	0.0436332313	
33.05332	0.123024606	0.0523598776	0.11429796	0.0523598776	
33.06341	0.135608417	0.0698131701	0.126881771	0.0523598776	
33.0737	0.149079431	0.0698131701	0.140352784	0.0610865238	
33.08382	0.162934581	0.0785398163	0.154207935	0.0698131701	
33.09386	0.177279566	0.0872664626	0.168552919	0.0698131701	
33.10395	0.192303382	0.0959931089	0.183576735	0.0785398163	
33.11429	0.208372937	0.0959931089	0.19964629	0.0872664626	
33.12424	0.224398419	0.104719755	0.215671773	0.0872664626	
33.13445	0.241474078	0.104719755	0.232747431	0.0959931089	
33.14449	0.258882751	0.113446401	0.250156105	0.104719755	
33.15466	0.27711746	0.122173048	0.268390813	0.104719755	
33.1648	0.295925173	0.122173048	0.287198526	0.113446401	
33.17505	0.315582623	0.130899694	0.306855977	0.113446401	
33.18511	0.335463487	0.13962634	0.326736841	0.122173048	
33.19531	0.356260007	0.148352986	0.347533361	0.130899694	
33.20541	0.377438009	0.157079633	0.368711362	0.13962634	
33.21555	0.399341868	0.165806279	0.390615222	0.13962634	
33.2257	0.421886127	0.174532925	0.413159481	0.148352986	
33.23588	0.445098719	0.183259571	0.436372072	0.157079633	
33.24616	0.469197803	0.200712864	0.460471157	0.165806279	
33.25608	0.493030784	0.20943951	0.484304138	0.174532925	
33.26626	0.518110609	0.226892803	0.509383963	0.183259571	
33.27647	0.543887993	0.235619449	0.535161347	0.191986218	
33.28669	0.57032006	0.253072742	0.561593414	0.200712864	
33.29678	0.597036355	0.270526034	0.588309708	0.20943951	
33.30689	0.62440036	0.287979327	0.615673714	0.226892803	
33.31728	0.653178509	0.305432619	0.644451863	0.244346095	
33.32735	0.681671392	0.331612558	0.672944746	0.253072742	
33.33751	0.711088557	0.34906585	0.702361911	0.270526034	
33.34766	0.741035471	0.375245789	0.732308825	0.27925268	
33.35774	0.771385633	0.401425728	0.762658986	0.296705973	
33.36789	0.800797298	0.41887902	0.792070652	0.314159265	
33.3781	0.829809464	0.453785606	0.821082818	0.331612558	
33.38828	0.85815819	0.479965544	0.849431544	0.34906585	
33.39843	0.885830697	0.506145483	0.877104051	0.375245789	
33.40854	0.912854572	0.532325422	0.904127926	0.392699082	
33.41864	0.939351802	0.558505361	0.930625156	0.41887902	
33.42885	0.965391981	0.593411946	0.956665335	0.436332313	
33.43894	0.990653634	0.628318531	0.981926987	0.453785606	
33.44908	1.01545408	0.663225116	1.00672744	0.479965544	
33.45921	1.03968288	0.689405055	1.03095623	0.497418837	
33.46937	1.06341526	0.72431164	1.05468861	0.523598776	
33.47986	1.08730431	0.750491578	1.07857766	0.541052068	
33.4897	1.10917459	0.785398163	1.10044794	0.567232007	
33.49985	1.1311728	0.811578102	1.12244616	0.593411946	
33.50995	1.15251646	0.846484687	1.14378981	0.610865238	
33.52005	1.17327678	0.881391272	1.16455014	0.637045177	
33.53023	1.19365222	0.907571211	1.18492557	0.663225116	
33.54037	1.21337724	0.942477796	1.2046506	0.680678408	
33.55058	1.23268248	0.977384381	1.22395583	0.698131701	
33.58068	1.2829989	1.06465084	1.27427225	0.767944871	
33.58712	1.29395663	1.07337749	1.28522999	0.776671517	
33.59682	1.30986479	1.09955743	1.30113814	0.802851456	
33.6069	1.3258644	1.13446401	1.31713776	0.820304748	
33.61701	1.34135434	1.16064395	1.33262769	0.837758041	
33.6272	1.35641481	1.18682389	1.34768816	0.86393798	
33.63737	1.37089985	1.20427718	1.36217321	0.881391272	
33.64748	1.38475343	1.23045712	1.37602679	0.898844565	
33.6576	1.39809167	1.25663706	1.38936503	0.916297857	
33.66776	1.41094307	1.282817	1.40221642	0.942477796	
33.67868	1.42410252	1.30899694	1.41537587	0.959931089	
33.68875	1.43573005	1.32645023	1.4270034	0.977384381	
33.69889	1.44691391	1.34390352	1.43818726	0.994837674	
33.70907	1.45759148	1.37008346	1.44886484	1.00356432	
33.71912	1.46762341	1.38753676	1.45889676	1.02101761	
33.72929	1.47725053	1.40499005	1.46852389	1.0384709	
33.73944	1.48632385	1.43116999	1.47759721	1.04719755	
33.74958	1.4948796	1.44862328	1.48615296	1.06465084	
33.7597	1.50290262	1.45734993	1.49417598	1.08210414	
33.76979	1.51039533	1.47480322	1.50166869	1.09083078	
33.78007	1.51750522	1.49225651	1.50877857	1.09955743	
33.79022	1.52402478	1.50098316	1.51529813	1.11701072	
33.80033	1.53002863	1.51843645	1.52130199	1.12573737	
33.81041	1.53552967	1.53588974	1.52680302	1.13446401	
33.82058	1.54059828	1.54461639	1.53187163	1.15191731	
33.83079	1.54520428	1.55334303	1.53647764	1.15191731	
33.8409	1.54930716	1.57079633	1.54058052	1.16064395	
33.85942	1.55496488	1.58824962	1.54623823	1.17809725	
33.86374	1.55634834	1.58824962	1.5476217	1.17809725	
33.87418	1.55913798	1.60570291	1.55041133	1.18682389	
33.88409	1.56142889	1.60570291	1.55270224	1.19555054	
33.89424	1.56340393	1.61442956	1.55467728	1.20427718	
33.90433	1.56502643	1.6231562	1.55629978	1.20427718	
33.91647	1.57	1.61442956	1.56127335	1.21300383	
33.9266	1.57	1.61442956	1.56127335	1.22173048	
33.93665	1.57	1.61442956	1.56127335	1.22173048	
33.94678	1.57	1.60570291	1.56127335	1.22173048	
33.95694	1.57	1.60570291	1.56127335	1.22173048	
33.96704	1.57	1.59697627	1.56127335	1.22173048	
33.97812	1.57	1.59697627	1.56127335	1.22173048	
33.98752	1.57	1.58824962	1.56127335	1.22173048	
33.99814	1.57	1.57952297	1.56127335	1.22173048	
34.00767	1.57	1.57079633	1.56127335	1.22173048	
34.01777	1.57	1.57079633	1.56127335	1.22173048	
34.02799	1.57	1.56206968	1.56127335	1.22173048	
34.03811	1.57	1.56206968	1.56127335	1.22173048	
34.04823	1.57	1.55334303	1.56127335	1.22173048	
34.05834	1.57	1.55334303	1.56127335	1.22173048	
34.06851	1.57	1.55334303	1.56127335	1.22173048	
34.07935	1.57	1.54461639	1.56127335	1.22173048	
34.08887	1.57	1.54461639	1.56127335	1.22173048	
34.09899	1.57	1.54461639	1.56127335	1.22173048	
34.10927	1.57	1.54461639	1.56127335	1.22173048	
34.11925	1.57	1.54461639	1.56127335	1.22173048	
34.13018	1.57	1.54461639	1.56127335	1.22173048	
34.1398	1.57	1.55334303	1.56127335	1.22173048	
34.14967	1.57	1.55334303	1.56127335	1.22173048	
34.15976	1.57	1.55334303	1.56127335	1.22173048	
34.17006	1.57	1.55334303	1.56127335	1.22173048	
34.18057	1.57	1.56206968	1.56127335	1.22173048	
34.19047	1.57	1.56206968	1.56127335	1.22173048	
34.20039	1.57	1.56206968	1.56127335	1.22173048	
34.2105	1.57	1.56206968	1.56127335	1.22173048	
34.22062	1.57	1.55334303	1.56127335	1.22173048	
34.23082	1.57	1.55334303	1.56127335	1.22173048	
34.24097	1.57	1.55334303	1.56127335	1.22173048	
34.25112	1.57	1.55334303	1.56127335	1.22173048	
34.26136	1.57	1.55334303	1.56127335	1.22173048	
34.27152	1.57	1.55334303	1.56127335	1.22173048	
34.28185	1.57	1.55334303	1.56127335	1.22173048	
34.2917	1.57	1.55334303	1.56127335	1.22173048	
34.30177	1.57	1.55334303	1.56127335	1.22173048	
34.31188	1.57	1.55334303	1.56127335	1.22173048	
34.32205	1.57	1.55334303	1.56127335	1.22173048	
34.33231	1.57	1.55334303	1.56127335	1.22173048	
34.34232	1.57	1.55334303	1.56127335	1.22173048	
34.35242	1.57	1.55334303	1.56127335	1.22173048	
34.36255	1.57	1.55334303	1.56127335	1.22173048	
34.37267	1.57	1.55334303	1.56127335	1.22173048	
34.38307	1.57	1.55334303	1.56127335	1.22173048	
34.41086	1.57	1.55334303	1.56127335	1.22173048	
34.41529	1.57	1.55334303	1.56127335	1.22173048	
34.42542	1.57	1.55334303	1.56127335	1.22173048	
34.43561	1.57	1.55334303	1.56127335	1.22173048	
34.44573	1.57	1.55334303	1.56127335	1.22173048	
34.45587	1.57	1.55334303	1.56127335	1.22173048	
34.46605	1.57	1.55334303	1.56127335	1.22173048	
34.47615	1.57	1.55334303	1.56127335	1.22173048	
34.48722	1.57	1.55334303	1.56127335	1.22173048	
34.49649	1.57	1.55334303	1.56127335	1.22173048	
34.50666	1.57	1.55334303	1.56127335	1.22173048	
34.51682	1.57	1.55334303	1.56127335	1.22173048	
34.52689	1.57	1.55334303	1.56127335	1.22173048	
34.53707	1.57	1.55334303	1.56127335	1.22173048	
34.54721	1.57	1.55334303	1.56127335	1.22173048	
34.55735	1.57	1.55334303	1.56127335	1.22173048	
34.56748	1.57	1.55334303	1.56127335	1.22173048	
34.57758	1.57	1.55334303	1.56127335	1.22173048	
34.58849	1.57	1.55334303	1.56127335	1.22173048	
34.59794	1.57	1.55334303	1.56127335	1.22173048	
34.60803	1.57	1.55334303	1.56127335	1.22173048	
34.61813	1.57	1.55334303	1.56127335	1.22173048	
34.62826	1.57	1.55334303	1.56127335	1.22173048	
34.63843	1.57	1.55334303	1.56127335	1.22173048	
34.64856	1.57	1.55334303	1.56127335	1.22173048	
34.65871	1.57	1.55334303	1.56127335	1.22173048	
34.66883	1.57	1.55334303	1.56127335	1.22173048	
34.67894	1.57	1.55334303	1.56127335	1.22173048	
34.69026	1.57	1.55334303	1.56127335	1.22173048	
34.6996	1.57	1.55334303	1.56127335	1.22173048	
34.70941	1.57	1.55334303	1.56127335	1.22173048	
34.7195	1.57	1.55334303	1.56127335	1.22173048	
34.72958	1.57	1.55334303	1.56127335	1.22173048	
34.73981	1.57	1.55334303	1.56127335	1.22173048	
34.74991	1.57	1.55334303	1.56127335	1.22173048	
34.76003	1.57	1.55334303	1.56127335	1.22173048	
34.77018	1.57	1.55334303	1.56127335	1.22173048	
34.78028	1.57	1.55334303	1.56127335	1.22173048	
34.79155	1.57	1.55334303	1.56127335	1.22173048	
34.80083	1.57	1.55334303	1.56127335	1.22173048	
34.81091	1.57	1.55334303	1.56127335	1.22173048	
34.82136	1.57	1.55334303	1.56127335	1.22173048	
34.83141	1.57	1.55334303	1.56127335	1.22173048	
34.84137	1.57	1.55334303	1.56127335	1.22173048	
34.85276	1.57	1.55334303	1.56127335	1.22173048	
34.86166	1.57	1.55334303	1.56127335	1.22173048	
34.87177	1.57	1.55334303	1.56127335	1.22173048	
34.88186	1.57	1.55334303	1.56127335	1.22173048	
34.89288	1.57	1.55334303	1.56127335	1.22173048	
34.90221	1.57	1.55334303	1.56127335	1.22173048	
34.91231	1.57	1.55334303	1.56127335	1.22173048	
34.92249	1.57	1.55334303	1.56127335	1.22173048	
34.93285	1.57	1.55334303	1.56127335	1.22173048	
34.94281	1.57	1.55334303	1.56127335	1.22173048	
34.95288	1.57	1.55334303	1.56127335	1.22173048	
34.96301	1.57	1.55334303	1.56127335	1.22173048	
34.97318	1.57	1.55334303	1.56127335	1.22173048	
34.98327	1.57	1.55334303	1.56127335	1.22173048	
34.99426	1.57	1.55334303	1.56127335	1.22173048	
35.00374	1.57	1.55334303	1.56127335	1.22173048	
35.0139	1.57	1.55334303	1.56127335	1.22173048	
35.02391	1.57	1.55334303	1.56127335	1.22173048	
35.03424	1.57	1.55334303	1.56127335	1.22173048	
35.04409	1.57	1.55334303	1.56127335	1.22173048	
35.05415	1.57	1.55334303	1.56127335	1.22173048	
35.06431	1.57	1.55334303	1.56127335	1.22173048	
35.07439	1.57	1.55334303	1.56127335	1.22173048	
35.08458	1.57	1.55334303	1.56127335	1.22173048	
35.09559	1.57	1.55334303	1.56127335	1.22173048	
35.10486	1.57	1.55334303	1.56127335	1.22173048	
35.12287	1.57	1.55334303	1.56127335	1.22173048	
35.1272	1.57	1.55334303	1.56127335	1.22173048	
35.13733	1.57	1.55334303	1.56127335	1.22173048	
35.14745	1.57	1.55334303	1.56127335	1.22173048	
35.1576	1.57	1.55334303	1.56127335	1.22173048	
35.16772	1.57	1.55334303	1.56127335	1.22173048	
35.17787	1.57	1.55334303	1.56127335	1.22173048	
35.18801	1.57	1.55334303	1.56127335	1.22173048	
35.19823	1.57	1.55334303	1.56127335	1.22173048	
35.20835	1.57	1.55334303	1.56127335	1.22173048	
35.21844	1.57	1.55334303	1.56127335	1.22173048	
35.22865	1.57	1.55334303	1.56127335	1.22173048	
35.2388	1.57	1.55334303	1.56127335	1.22173048	
35.24896	1.57	1.55334303	1.56127335	1.22173048	
35.25909	1.57	1.55334303	1.56127335	1.22173048	
35.26929	1.57	1.55334303	1.56127335	1.22173048	
35.27935	1.57	1.55334303	1.56127335	1.22173048	
35.28948	1.57	1.55334303	1.56127335	1.22173048	
35.2997	1.57	1.55334303	1.56127335	1.22173048	
35.30982	1.57	1.55334303	1.56127335	1.22173048	
35.31996	1.57	1.55334303	1.56127335	1.22173048	
35.3302	1.57	1.55334303	1.56127335	1.22173048	
35.3403	1.57	1.55334303	1.56127335	1.22173048	
35.35048	1.57	1.55334303	1.56127335	1.22173048	
35.3606	1.57	1.55334303	1.56127335	1.22173048	
35.37075	1.57	1.55334303	1.56127335	1.22173048	
35.38086	1.57	1.55334303	1.56127335	1.22173048	
35.39095	1.57	1.55334303	1.56127335	1.22173048	
35.40118	1.57	1.55334303	1.56127335	1.22173048	
35.41133	1.57	1.55334303	1.56127335	1.22173048	
35.42144	1.57	1.55334303	1.56127335	1.22173048	
35.43186	1.57	1.55334303	1.56127335	1.22173048	
35.44166	1.57	1.55334303	1.56127335	1.22173048	
35.45184	1.57	1.55334303	1.56127335	1.22173048	
35.46196	1.57	1.55334303	1.56127335	1.22173048	
35.47207	1.57	1.55334303	1.56127335	1.22173048	
35.4822	1.57	1.55334303	1.56127335	1.22173048	
35.49265	1.57	1.55334303	1.56127335	1.22173048	
35.50255	1.57	1.55334303	1.56127335	1.22173048	
35.51266	1.57	1.55334303	1.56127335	1.22173048	
35.52279	1.57	1.55334303	1.56127335	1.22173048	
35.53292	1.57	1.55334303	1.56127335	1.22173048	
35.54303	1.57	1.55334303	1.56127335	1.22173048	
35.55314	1.57	1.55334303	1.56127335	1.22173048	
35.56327	1.57	1.55334303	1.56127335	1.22173048	
35.57352	1.57	1.55334303	1.56127335	1.22173048	
35.58357	1.57	1.55334303	1.56127335	1.22173048	
35.59408	1.57	1.55334303	1.56127335	1.22173048	
35.60392	1.57	1.55334303	1.56127335	1.22173048	
35.61399	1.57	1.55334303	1.56127335	1.22173048	
35.62412	1.57	1.55334303	1.56127335	1.22173048	
35.63452	1.57	1.55334303	1.56127335	1.22173048	
35.64442	1.57	1.55334303	1.56127335	1.22173048	
35.65451	1.57	1.55334303	1.56127335	1.22173048	
35.66475	1.57	1.55334303	1.56127335	1.22173048	
35.67493	1.57	1.55334303	1.56127335	1.22173048	
35.68491	1.57	1.55334303	1.56127335	1.22173048	
35.70403	1.57	1.55334303	1.56127335	1.22173048	
35.70839	1.57	1.55334303	1.56127335	1.22173048	
35.71852	1.57	1.55334303	1.56127335	1.22173048	
35.72862	1.57	1.55334303	1.56127335	1.22173048	
35.73881	1.57	1.55334303	1.56127335	1.22173048	
35.74893	1.57	1.55334303	1.56127335	1.22173048	
35.75906	1.57	1.55334303	1.56127335	1.22173048	
35.76917	1.57	1.55334303	1.56127335	1.22173048	
35.77932	1.57	1.55334303	1.56127335	1.22173048	
35.78947	1.57	1.55334303	1.56127335	1.22173048	
35.7996	1.57	1.55334303	1.56127335	1.22173048	
35.81004	1.57	1.55334303	1.56127335	1.22173048	
35.81984	1.57	1.55334303	1.56127335	1.22173048	
35.83001	1.57	1.55334303	1.56127335	1.22173048	
35.84012	1.57	1.55334303	1.56127335	1.22173048	
35.85064	1.57	1.55334303	1.56127335	1.22173048	
35.86042	1.57	1.55334303	1.56127335	1.22173048	
35.87056	1.57	1.55334303	1.56127335	1.22173048	
35.88069	1.57	1.55334303	1.56127335	1.22173048	
35.89081	1.57	1.55334303	1.56127335	1.22173048	
35.90096	1.57	1.55334303	1.56127335	1.22173048	
35.9123	1.57	1.55334303	1.56127335	1.22173048	
35.9224	1.57	1.55334303	1.56127335	1.22173048	
35.93253	1.57	1.55334303	1.56127335	1.22173048	
35.94269	1.57	1.55334303	1.56127335	1.22173048	
35.95292	1.57	1.55334303	1.56127335	1.22173048	
35.96295	1.57	1.55334303	1.56127335	1.22173048	
35.97305	1.57	1.55334303	1.56127335	1.22173048	
35.98318	1.57	1.55334303	1.56127335	1.22173048	
35.99329	1.57	1.55334303	1.56127335	1.22173048	
36.01222	1.57	1.55334303	1.56127335	1.22173048	
36.01653	1.57	1.55334303	1.56127335	1.22173048	
36.02669	1.57	1.55334303	1.56127335	1.22173048	
36.03685	1.57	1.55334303	1.56127335	1.22173048	
36.04711	1.57	1.55334303	1.56127335	1.22173048	
36.05722	1.57	1.55334303	1.56127335	1.22173048	
36.06738	1.57	1.55334303	1.56127335	1.22173048	
36.07757	1.57	1.55334303	1.56127335	1.22173048	
36.08766	1.57	1.55334303	1.56127335	1.22173048	
36.09776	1.57	1.55334303	1.56127335	1.22173048	
36.10901	1.57	1.55334303	1.56127335	1.22173048	
36.11914	1.57	1.55334303	1.56127335	1.22173048	
36.12926	1.57	1.55334303	1.56127335	1.22173048	
36.13941	1.57	1.55334303	1.56127335	1.22173048	
36.14958	1.57	1.55334303	1.56127335	1.22173048	
36.15964	1.57	1.55334303	1.56127335	1.22173048	
36.16975	1.57	1.55334303	1.56127335	1.22173048	
36.17998	1.57	1.55334303	1.56127335	1.22173048	
36.19008	1.57	1.55334303	1.56127335	1.22173048	
36.20018	1.57	1.55334303	1.56127335	1.22173048	
36.21039	1.57	1.55334303	1.56127335	1.22173048	
36.22053	1.57	1.55334303	1.56127335	1.22173048	
36.23071	1.57	1.55334303	1.56127335	1.22173048	
36.24079	1.57	1.55334303	1.56127335	1.22173048	
36.2509	1.57	1.55334303	1.56127335	1.22173048	
36.26109	1.57	1.55334303	1.56127335	1.22173048	
36.2712	1.57	1.55334303	1.56127335	1.22173048	
36.28132	1.57	1.55334303	1.56127335	1.22173048	
36.29145	1.57	1.55334303	1.56127335	1.22173048	
36.30156	1.57	1.55334303	1.56127335	1.22173048	
36.31173	1.57	1.55334303	1.56127335	1.22173048	
36.3219	1.57	1.55334303	1.56127335	1.22173048	
36.33203	1.57	1.55334303	1.56127335	1.22173048	
36.34221	1.57	1.55334303	1.56127335	1.22173048	
36.36058	1.57	1.55334303	1.56127335	1.22173048	
36.36496	1.57	1.55334303	1.56127335	1.22173048	
36.37509	1.57	1.55334303	1.56127335	1.22173048	
36.3852	1.57	1.55334303	1.56127335	1.22173048	
36.40555	1.57	1.55334303	1.56127335	1.22173048	
36.41889	1.57	1.55334303	1.56127335	1.22173048	
36.42325	1.57	1.55334303	1.56127335	1.22173048	
36.43349	1.57	1.55334303	1.56127335	1.22173048	
36.45145	1.57	1.55334303	1.56127335	1.22173048	
36.45588	1.57	1.55334303	1.56127335	1.22173048	
36.46599	1.57	1.55334303	1.56127335	1.22173048	
36.47619	1.57	1.55334303	1.56127335	1.22173048	
36.48628	1.57	1.55334303	1.56127335	1.22173048	
36.49641	1.57	1.55334303	1.56127335	1.22173048	
36.50655	1.57	1.55334303	1.56127335	1.22173048	
36.51677	1.57	1.55334303	1.56127335	1.22173048	
36.527	1.57	1.55334303	1.56127335	1.22173048	
36.53709	1.57	1.55334303	1.56127335	1.22173048	
36.54719	1.57	1.55334303	1.56127335	1.22173048	
36.55769	1.57	1.55334303	1.56127335	1.22173048	
36.56748	1.57	1.55334303	1.56127335	1.22173048	
36.57762	1.57	1.55334303	1.56127335	1.22173048	
36.58777	1.57	1.55334303	1.56127335	1.22173048	
36.59788	1.57	1.55334303	1.56127335	1.22173048	
36.60804	1.57	1.55334303	1.56127335	1.22173048	
36.61851	1.57	1.55334303	1.56127335	1.22173048	
36.62834	1.57	1.55334303	1.56127335	1.22173048	
36.63849	1.57	1.55334303	1.56127335	1.22173048	
36.64857	1.57	1.55334303	1.56127335	1.22173048	
36.6588	1.57	1.55334303	1.56127335	1.22173048	
36.6689	1.57	1.55334303	1.56127335	1.22173048	
36.67905	1.57	1.55334303	1.56127335	1.22173048	
36.68914	1.57	1.55334303	1.56127335	1.22173048	
36.69926	1.57	1.55334303	1.56127335	1.22173048	
36.7095	1.57	1.55334303	1.56127335	1.22173048	
36.71991	1.57	1.55334303	1.56127335	1.22173048	
36.72973	1.57	1.55334303	1.56127335	1.22173048	
36.73987	1.57	1.55334303	1.56127335	1.22173048	
36.75001	1.57	1.55334303	1.56127335	1.22173048	
36.76014	1.57	1.55334303	1.56127335	1.22173048	
36.77029	1.57	1.55334303	1.56127335	1.22173048	
36.78043	1.57	1.55334303	1.56127335	1.22173048	
36.79056	1.57	1.55334303	1.56127335	1.22173048	
36.80068	1.57	1.55334303	1.56127335	1.22173048	
36.81078	1.57	1.55334303	1.56127335	1.22173048	
36.82125	1.57	1.55334303	1.56127335	1.22173048	
36.83114	1.57	1.55334303	1.56127335	1.22173048	
36.84137	1.57	1.55334303	1.56127335	1.22173048	
36.85138	1.57	1.55334303	1.56127335	1.22173048	
36.86154	1.57	1.55334303	1.56127335	1.22173048	
36.8717	1.57	1.55334303	1.56127335	1.22173048	
36.8818	1.57	1.55334303	1.56127335	1.22173048	
36.89198	1.57	1.55334303	1.56127335	1.22173048	
36.90206	1.57	1.55334303	1.56127335	1.22173048	
36.91265	1.57	1.55334303	1.56127335	1.22173048	
36.92266	1.57	1.55334303	1.56127335	1.22173048	
36.93253	1.57	1.55334303	1.56127335	1.22173048	
36.94262	1.57	1.55334303	1.56127335	1.22173048	
36.95272	1.57	1.55334303	1.56127335	1.22173048	
36.96293	1.57	1.55334303	1.56127335	1.22173048	
36.97305	1.57	1.55334303	1.56127335	1.22173048	
36.98317	1.57	1.55334303	1.56127335	1.22173048	
36.99329	1.57	1.55334303	1.56127335	1.22173048	
37.01151	1.57	1.55334303	1.56127335	1.22173048	
37.01692	1.57	1.55334303	1.56127335	1.22173048	
37.02628	1.57	1.55334303	1.56127335	1.22173048	
37.0364	1.57	1.55334303	1.56127335	1.22173048	
37.04657	1.57	1.55334303	1.56127335	1.22173048	
37.05666	1.57	1.55334303	1.56127335	1.22173048	
37.06684	1.57	1.55334303	1.56127335	1.22173048	
37.07702	1.57	1.55334303	1.56127335	1.22173048	
37.08714	1.57	1.55334303	1.56127335	1.22173048	
37.09728	1.57	1.55334303	1.56127335	1.22173048	
37.10739	1.57	1.55334303	1.56127335	1.22173048	
37.11888	1.57	1.55334303	1.56127335	1.22173048	
37.12773	1.57	1.55334303	1.56127335	1.22173048	
37.13786	1.57	1.55334303	1.56127335	1.22173048	
37.14796	1.57	1.55334303	1.56127335	1.22173048	
37.15807	1.57	1.55334303	1.56127335	1.22173048	
37.16822	1.57	1.55334303	1.56127335	1.22173048	
37.17843	1.57	1.55334303	1.56127335	1.22173048	
37.18857	1.57	1.55334303	1.56127335	1.22173048	
37.19869	1.57	1.55334303	1.56127335	1.22173048	
37.20878	1.57	1.55334303	1.56127335	1.22173048	
37.22011	1.57	1.55334303	1.56127335	1.22173048	
37.22948	1.57	1.55334303	1.56127335	1.22173048	
37.23923	1.57	1.55334303	1.56127335	1.22173048	
37.24935	1.57	1.55334303	1.56127335	1.22173048	
37.25945	1.57	1.55334303	1.56127335	1.22173048	
37.26966	1.57	1.55334303	1.56127335	1.22173048	
37.27975	1.57	1.55334303	1.56127335	1.22173048	
37.28988	1.57	1.55334303	1.56127335	1.22173048	
37.3	1.57	1.55334303	1.56127335	1.22173048	
37.31012	1.57	1.55334303	1.56127335	1.22173048	
37.3213	1.57	1.55334303	1.56127335	1.22173048	
37.33063	1.57	1.55334303	1.56127335	1.22173048	
37.34076	1.57	1.55334303	1.56127335	1.22173048	
37.35107	1.57	1.55334303	1.56127335	1.22173048	
37.36139	1.57	1.55334303	1.56127335	1.22173048	
37.37125	1.57	1.55334303	1.56127335	1.22173048	
37.38144	1.57	1.55334303	1.56127335	1.22173048	
37.39151	1.57	1.55334303	1.56127335	1.22173048	
37.40164	1.57	1.55334303	1.56127335	1.22173048	
37.41172	1.57	1.55334303	1.56127335	1.22173048	
37.42269	1.57	1.55334303	1.56127335	1.22173048	
37.43206	1.57	1.55334303	1.56127335	1.22173048	
37.44222	1.57	1.55334303	1.56127335	1.22173048	
37.45232	1.57	1.55334303	1.56127335	1.22173048	
37.46275	1.57	1.55334303	1.56127335	1.22173048	
37.47256	1.57	1.55334303	1.56127335	1.22173048	
37.48274	1.57	1.55334303	1.56127335	1.22173048	
37.49288	1.57	1.55334303	1.56127335	1.22173048	
37.50305	1.57	1.55334303	1.56127335	1.22173048	
37.51317	1.57	1.55334303	1.56127335	1.22173048	
37.52396	1.57	1.55334303	1.56127335	1.22173048	
37.54146	1.57	1.55334303	1.56127335	1.22173048	
37.54577	1.57	1.55334303	1.56127335	1.22173048	
37.55588	1.57	1.55334303	1.56127335	1.22173048	
37.566	1.57	1.55334303	1.56127335	1.22173048	
37.57617	1.57	1.55334303	1.56127335	1.22173048	
37.58636	1.57	1.55334303	1.56127335	1.22173048	
37.59649	1.57	1.55334303	1.56127335	1.22173048	
37.60662	1.57	1.55334303	1.56127335	1.22173048	
37.61689	1.57	1.55334303	1.56127335	1.22173048	
37.62786	1.57	1.55334303	1.56127335	1.22173048	
37.63803	1.57	1.55334303	1.56127335	1.22173048	
37.64817	1.57	1.55334303	1.56127335	1.22173048	
37.65827	1.57	1.55334303	1.56127335	1.22173048	
37.66844	1.57	1.55334303	1.56127335	1.22173048	
37.67874	1.57	1.55334303	1.56127335	1.22173048	
37.68885	1.57	1.55334303	1.56127335	1.22173048	
37.69903	1.57	1.55334303	1.56127335	1.22173048	
37.70914	1.57	1.55334303	1.56127335	1.22173048	
37.71923	1.57	1.55334303	1.56127335	1.22173048	
37.72947	1.57	1.55334303	1.56127335	1.22173048	
37.73962	1.57	1.55334303	1.56127335	1.22173048	
37.74979	1.57	1.55334303	1.56127335	1.22173048	
37.75987	1.57	1.55334303	1.56127335	1.22173048	
37.76996	1.57	1.55334303	1.56127335	1.22173048	
37.78017	1.57	1.55334303	1.56127335	1.22173048	
37.79032	1.57	1.55334303	1.56127335	1.22173048	
37.80043	1.57	1.55334303	1.56127335	1.22173048	
37.81052	1.57	1.55334303	1.56127335	1.22173048	
37.82065	1.57	1.55334303	1.56127335	1.22173048	
37.83091	1.57	1.55334303	1.56127335	1.22173048	
37.84101	1.57	1.55334303	1.56127335	1.22173048	
37.85116	1.57	1.55334303	1.56127335	1.22173048	
37.8613	1.57	1.55334303	1.56127335	1.22173048	
37.87145	1.57	1.55334303	1.56127335	1.22173048	
37.88159	1.57	1.55334303	1.56127335	1.22173048	
37.89172	1.57	1.55334303	1.56127335	1.22173048	
37.90186	1.57	1.55334303	1.56127335	1.22173048	
37.91198	1.57	1.55334303	1.56127335	1.22173048	
37.92205	1.57	1.55334303	1.56127335	1.22173048	
37.93234	1.57	1.55334303	1.56127335	1.22173048	
37.94246	1.57	1.55334303	1.56127335	1.22173048	
37.95254	1.57	1.55334303	1.56127335	1.22173048	
37.96264	1.57	1.55334303	1.56127335	1.22173048	
37.97291	1.57	1.55334303	1.56127335	1.22173048	
37.98298	1.57	1.55334303	1.56127335	1.22173048	
37.99307	1.57	1.55334303	1.56127335	1.22173048	
38.00322	1.57	1.55334303	1.56127335	1.22173048	
38.01331	1.57	1.55334303	1.56127335	1.22173048	
38.02369	1.57	1.55334303	1.56127335	1.22173048	
38.03367	1.57	1.55334303	1.56127335	1.22173048	
38.04387	1.57	1.55334303	1.56127335	1.22173048	
38.05392	1.57	1.55334303	1.56127335	1.22173048	
38.064	1.57	1.55334303	1.56127335	1.22173048	
38.07434	1.57	1.55334303	1.56127335	1.22173048	
38.08433	1.57	1.55334303	1.56127335	1.22173048	
38.09445	1.57	1.55334303	1.56127335	1.22173048	
38.10455	1.57	1.55334303	1.56127335	1.22173048	
38.11466	1.57	1.55334303	1.56127335	1.22173048	
38.12483	1.57	1.55334303	1.56127335	1.22173048	
38.13583	1.57	1.55334303	1.56127335	1.22173048	
38.14516	1.57	1.55334303	1.56127335	1.22173048	
38.15524	1.57	1.55334303	1.56127335	1.22173048	
38.16541	1.57	1.55334303	1.56127335	1.22173048	
38.17563	1.57	1.55334303	1.56127335	1.22173048	
38.18578	1.57	1.55334303	1.56127335	1.22173048	
38.19607	1.57	1.55334303	1.56127335	1.22173048	
38.20604	1.57	1.55334303	1.56127335	1.22173048	
38.21613	1.57	1.55334303	1.56127335	1.22173048	
38.22629	1.57	1.55334303	1.56127335	1.22173048	
38.23652	1.57	1.55334303	1.56127335	1.22173048	
38.24669	1.57	1.55334303	1.56127335	1.22173048	
38.25679	1.57	1.55334303	1.56127335	1.22173048	
38.26689	1.57	1.55334303	1.56127335	1.22173048	
38.27707	1.57	1.55334303	1.56127335	1.22173048	
38.28722	1.57	1.55334303	1.56127335	1.22173048	
38.2974	1.57	1.55334303	1.56127335	1.22173048	
38.30748	1.57	1.55334303	1.56127335	1.22173048	
38.31764	1.57	1.55334303	1.56127335	1.22173048	
38.32775	1.57	1.55334303	1.56127335	1.22173048	
38.33794	1.57	1.55334303	1.56127335	1.22173048	
38.34815	1.57	1.55334303	1.56127335	1.22173048	
38.35823	1.57	1.55334303	1.56127335	1.22173048	
38.36838	1.57	1.55334303	1.56127335	1.22173048	
38.37847	1.57	1.55334303	1.56127335	1.22173048	
38.3886	1.57	1.55334303	1.56127335	1.22173048	
38.40909	1.57	1.55334303	1.56127335	1.22173048	
38.41349	1.57	1.55334303	1.56127335	1.22173048	
38.4317	1.57	1.55334303	1.56127335	1.22173048	
38.4364	1.57	1.55334303	1.56127335	1.22173048	
38.44617	1.57	1.55334303	1.56127335	1.22173048	
38.45633	1.57	1.55334303	1.56127335	1.22173048	
38.46647	1.57	1.55334303	1.56127335	1.22173048	
38.47657	1.57	1.55334303	1.56127335	1.22173048	
38.48676	1.57	1.55334303	1.56127335	1.22173048	
38.49689	1.57	1.55334303	1.56127335	1.22173048	
38.50709	1.57	1.55334303	1.56127335	1.22173048	
38.51719	1.57	1.55334303	1.56127335	1.22173048	
38.52728	1.57	1.55334303	1.56127335	1.22173048	
38.5376	1.57	1.55334303	1.56127335	1.22173048	
38.54763	1.57	1.55334303	1.56127335	1.22173048	
38.55776	1.57	1.55334303	1.56127335	1.22173048	
38.56788	1.57	1.55334303	1.56127335	1.22173048	
38.57798	1.57	1.55334303	1.56127335	1.22173048	
38.5882	1.57	1.55334303	1.56127335	1.22173048	
38.5983	1.57	1.55334303	1.56127335	1.22173048	
38.60846	1.57	1.55334303	1.56127335	1.22173048	
38.61854	1.57	1.55334303	1.56127335	1.22173048	
38.62868	1.57	1.55334303	1.56127335	1.22173048	
38.64003	1.57	1.55334303	1.56127335	1.22173048	
38.65019	1.57	1.55334303	1.56127335	1.22173048	
38.66032	1.57	1.55334303	1.56127335	1.22173048	
38.67044	1.57	1.55334303	1.56127335	1.22173048	
38.68055	1.57	1.55334303	1.56127335	1.22173048	
38.69067	1.57	1.55334303	1.56127335	1.22173048	
38.70085	1.57	1.55334303	1.56127335	1.22173048	
38.71101	1.57	1.55334303	1.56127335	1.22173048	
38.72111	1.57	1.55334303	1.56127335	1.22173048	
38.73145	1.57	1.55334303	1.56127335	1.22173048	
38.74145	1.57	1.55334303	1.56127335	1.22173048	
38.75157	1.57	1.55334303	1.56127335	1.22173048	
38.76168	1.57	1.55334303	1.56127335	1.22173048	
38.77181	1.57	1.55334303	1.56127335	1.22173048	
38.78191	1.57	1.55334303	1.56127335	1.22173048	
38.79269	1.57	1.55334303	1.56127335	1.22173048	
38.80276	1.57	1.55334303	1.56127335	1.22173048	
38.81289	1.57	1.55334303	1.56127335	1.22173048	
38.82307	1.57	1.55334303	1.56127335	1.22173048	
38.83315	1.57	1.55334303	1.56127335	1.22173048	
38.84333	1.57	1.55334303	1.56127335	1.22173048	
38.86188	1.57	1.55334303	1.56127335	1.22173048	
38.86621	1.57	1.55334303	1.56127335	1.22173048	
38.87636	1.57	1.55334303	1.56127335	1.22173048	
38.88649	1.57	1.55334303	1.56127335	1.22173048	
38.89662	1.57	1.55334303	1.56127335	1.22173048	
38.90675	1.57	1.55334303	1.56127335	1.22173048	
38.91881	1.57	1.55334303	1.56127335	1.22173048	
38.92887	1.57	1.55334303	1.56127335	1.22173048	
38.93966	1.57	1.55334303	1.56127335	1.22173048	
38.94919	1.57	1.55334303	1.56127335	1.22173048	
38.95931	1.57	1.55334303	1.56127335	1.22173048	
38.96945	1.57	1.55334303	1.56127335	1.22173048	
38.97953	1.57	1.55334303	1.56127335	1.22173048	
38.98978	1.57	1.55334303	1.56127335	1.22173048	
38.99984	1.57	1.55334303	1.56127335	1.22173048	
39.00998	1.57	1.55334303	1.56127335	1.22173048	
39.02011	1.57	1.55334303	1.56127335	1.22173048	
39.03023	1.57	1.55334303	1.56127335	1.22173048	
39.04088	1.57	1.55334303	1.56127335	1.22173048	
39.0506	1.57	1.55334303	1.56127335	1.22173048	
39.06064	1.57	1.55334303	1.56127335	1.22173048	
39.07077	1.57	1.55334303	1.56127335	1.22173048	
39.08087	1.57	1.55334303	1.56127335	1.22173048	
39.09113	1.57	1.55334303	1.56127335	1.22173048	
39.1012	1.57	1.55334303	1.56127335	1.22173048	
39.11131	1.57	1.55334303	1.56127335	1.22173048	
39.12147	1.57	1.55334303	1.56127335	1.22173048	
39.13157	1.57	1.55334303	1.56127335	1.22173048	
39.14217	1.57	1.55334303	1.56127335	1.22173048	
39.15189	1.57	1.55334303	1.56127335	1.22173048	
39.16196	1.57	1.55334303	1.56127335	1.22173048	
39.17219	1.57	1.55334303	1.56127335	1.22173048	
39.18229	1.57	1.55334303	1.56127335	1.22173048	
39.19269	1.57	1.55334303	1.56127335	1.22173048	
39.20254	1.57	1.55334303	1.56127335	1.22173048	
39.21263	1.57	1.55334303	1.56127335	1.22173048	
39.22279	1.57	1.55334303	1.56127335	1.22173048	
39.23289	1.57	1.55334303	1.56127335	1.22173048	
39.24343	1.57	1.55334303	1.56127335	1.22173048	
39.25324	1.57	1.55334303	1.56127335	1.22173048	
39.26342	1.57	1.55334303	1.56127335	1.22173048	
39.28139	1.57	1.55334303	1.56127335	1.22173048	
39.28573	1.57	1.55334303	1.56127335	1.22173048	
39.29582	1.57	1.55334303	1.56127335	1.22173048	
39.30592	1.57	1.55334303	1.56127335	1.22173048	
39.3161	1.57	1.55334303	1.56127335	1.22173048	
39.32629	1.57	1.55334303	1.56127335	1.22173048	
39.33636	1.57	1.55334303	1.56127335	1.22173048	
39.34756	1.57	1.55334303	1.56127335	1.22173048	
39.35672	1.57	1.55334303	1.56127335	1.22173048	
39.36683	1.57	1.55334303	1.56127335	1.22173048	
39.37696	1.57	1.55334303	1.56127335	1.22173048	
39.38707	1.57	1.55334303	1.56127335	1.22173048	
39.39725	1.57	1.55334303	1.56127335	1.22173048	
39.40737	1.57	1.55334303	1.56127335	1.22173048	
39.41747	1.57	1.55334303	1.56127335	1.22173048	
39.42768	1.57	1.55334303	1.56127335	1.22173048	
39.43781	1.57	1.55334303	1.56127335	1.22173048	
39.44887	1.57	1.55334303	1.56127335	1.22173048	
39.45812	1.57	1.55334303	1.56127335	1.22173048	
39.46828	1.57	1.55334303	1.56127335	1.22173048	
39.47839	1.57	1.55334303	1.56127335	1.22173048	
39.48849	1.57	1.55334303	1.56127335	1.22173048	
39.49868	1.57	1.55334303	1.56127335	1.22173048	
39.50882	1.57	1.55334303	1.56127335	1.22173048	
39.51895	1.57	1.55334303	1.56127335	1.22173048	
39.52913	1.57	1.55334303	1.56127335	1.22173048	
39.53921	1.57	1.55334303	1.56127335	1.22173048	
39.55025	1.57	1.55334303	1.56127335	1.22173048	
39.55947	1.57	1.55334303	1.56127335	1.22173048	
39.56969	1.57	1.55334303	1.56127335	1.22173048	
39.57979	1.57	1.55334303	1.56127335	1.22173048	
39.58994	1.57	1.55334303	1.56127335	1.22173048	
39.60008	1.57	1.55334303	1.56127335	1.22173048	
39.61021	1.57	1.55334303	1.56127335	1.22173048	
39.62032	1.57	1.55334303	1.56127335	1.22173048	
39.6305	1.57	1.55334303	1.56127335	1.22173048	
39.6406	1.57	1.55334303	1.56127335	1.22173048	
39.65158	1.57	1.55334303	1.56127335	1.22173048	
39.66092	1.57	1.55334303	1.56127335	1.22173048	
39.6711	1.57	1.55334303	1.56127335	1.22173048	
39.68137	1.57	1.55334303	1.56127335	1.22173048	
39.69158	1.57	1.55334303	1.56127335	1.22173048	
39.70166	1.57	1.55334303	1.56127335	1.22173048	
39.71174	1.57	1.55334303	1.56127335	1.22173048	
39.72186	1.57	1.55334303	1.56127335	1.22173048	
39.73198	1.57	1.55334303	1.56127335	1.22173048	
39.74209	1.57	1.55334303	1.56127335	1.22173048	
39.75284	1.57	1.55334303	1.56127335	1.22173048	
39.7625	1.57	1.55334303	1.56127335	1.22173048	
39.77256	1.57	1.55334303	1.56127335	1.22173048	
39.78261	1.57	1.55334303	1.56127335	1.22173048	
39.79289	1.57	1.55334303	1.56127335	1.22173048	
39.80287	1.57	1.55334303	1.56127335	1.22173048	
39.81298	1.57	1.55334303	1.56127335	1.22173048	
39.82317	1.57	1.55334303	1.56127335	1.22173048	
39.83325	1.57	1.55334303	1.56127335	1.22173048	
39.84337	1.57	1.55334303	1.56127335	1.22173048	
39.85426	1.57	1.55334303	1.56127335	1.22173048	
39.87297	1.57	1.55334303	1.56127335	1.22173048	
39.87729	1.57	1.55334303	1.56127335	1.22173048	
39.88739	1.57	1.55334303	1.56127335	1.22173048	
39.89757	1.57	1.55334303	1.56127335	1.22173048	
39.9077	1.57	1.55334303	1.56127335	1.22173048	
39.91789	1.57	1.55334303	1.56127335	1.22173048	
39.92798	1.57	1.55334303	1.56127335	1.22173048	
39.93812	1.57	1.55334303	1.56127335	1.22173048	
39.94832	1.57	1.55334303	1.56127335	1.22173048	
39.95848	1.57	1.55334303	1.56127335	1.22173048	
39.96862	1.57	1.55334303	1.56127335	1.22173048	
39.97873	1.57	1.55334303	1.56127335	1.22173048	
39.98889	1.57	1.55334303	1.56127335	1.22173048	
39.99901	1.57	1.55334303	1.56127335	1.22173048	
40.00918	1.57	1.55334303	1.56127335	1.22173048	
40.01925	1.57	1.55334303	1.56127335	1.22173048	
40.02944	1.57	1.55334303	1.56127335	1.22173048	
40.03971	1.57	1.55334303	1.56127335	1.22173048	
40.04967	1.57	1.55334303	1.56127335	1.22173048	
40.05985	1.57	1.55334303	1.56127335	1.22173048	
40.07005	1.57	1.55334303	1.56127335	1.22173048	
40.08016	1.57	1.55334303	1.56127335	1.22173048	
40.09028	1.57	1.55334303	1.56127335	1.22173048	
40.10039	1.57	1.55334303	1.56127335	1.22173048	
40.11055	1.57	1.55334303	1.56127335	1.22173048	
40.12067	1.57	1.55334303	1.56127335	1.22173048	
40.1308	1.57	1.55334303	1.56127335	1.22173048	
40.14191	1.57	1.55334303	1.56127335	1.22173048	
40.1518	1.57	1.55334303	1.56127335	1.22173048	
40.16194	1.57	1.55334303	1.56127335	1.22173048	
40.17217	1.57	1.55334303	1.56127335	1.22173048	
40.18227	1.57	1.55334303	1.56127335	1.22173048	
40.19241	1.57	1.55334303	1.56127335	1.22173048	
40.20277	1.57	1.55334303	1.56127335	1.22173048	
40.2126	1.57	1.55334303	1.56127335	1.22173048	
40.22273	1.57	1.55334303	1.56127335	1.22173048	
40.23286	1.57	1.55334303	1.56127335	1.22173048	
40.243	1.57	1.55334303	1.56127335	1.22173048	
40.25317	1.57	1.55334303	1.56127335	1.22173048	
40.2634	1.57	1.55334303	1.56127335	1.22173048	
40.28139	1.57	1.55334303	1.56127335	1.22173048	
40.28578	1.57	1.55334303	1.56127335	1.22173048	
40.2958	1.57	1.55334303	1.56127335	1.22173048	
40.30594	1.57	1.55334303	1.56127335	1.22173048	
40.3161	1.57	1.55334303	1.56127335	1.22173048	
40.32624	1.57	1.55334303	1.56127335	1.22173048	
40.33638	1.57	1.55334303	1.56127335	1.22173048	
40.3546	1.57	1.55334303	1.56127335	1.22173048	
40.36007	1.57	1.55334303	1.56127335	1.22173048	
40.36905	1.57	1.55334303	1.56127335	1.22173048	
40.37926	1.57	1.55334303	1.56127335	1.22173048	
40.38933	1.57	1.55334303	1.56127335	1.22173048	
40.40906	1.57	1.55334303	1.56127335	1.22173048	
40.41336	1.57	1.55334303	1.56127335	1.22173048	
40.43147	1.57	1.55334303	1.56127335	1.22173048	
40.43577	1.57	1.55334303	1.56127335	1.22173048	
40.44615	1.57	1.55334303	1.56127335	1.22173048	
40.45606	1.57	1.55334303	1.56127335	1.22173048	
40.46626	1.57	1.55334303	1.56127335	1.22173048	
40.47648	1.57	1.55334303	1.56127335	1.22173048	
40.48655	1.57	1.55334303	1.56127335	1.22173048	
40.49665	1.57	1.55334303	1.56127335	1.22173048	
40.50685	1.57	1.55334303	1.56127335	1.22173048	
40.51698	1.57	1.55334303	1.56127335	1.22173048	
40.52714	1.57	1.55334303	1.56127335	1.22173048	
40.53723	1.57	1.55334303	1.56127335	1.22173048	
40.5474	1.57	1.55334303	1.56127335	1.22173048	
40.55753	1.57	1.55334303	1.56127335	1.22173048	
40.56776	1.57	1.55334303	1.56127335	1.22173048	
40.57784	1.57	1.55334303	1.56127335	1.22173048	
40.58797	1.57	1.55334303	1.56127335	1.22173048	
40.59811	1.57	1.55334303	1.56127335	1.22173048	
40.60843	1.57	1.55334303	1.56127335	1.22173048	
40.61837	1.57	1.55334303	1.56127335	1.22173048	
40.62865	1.57	1.55334303	1.56127335	1.22173048	
40.63883	1.57	1.55334303	1.56127335	1.22173048	
40.64877	1.57	1.55334303	1.56127335	1.22173048	
40.65897	1.57	1.55334303	1.56127335	1.22173048	
40.66932	1.57	1.55334303	1.56127335	1.22173048	
40.67956	1.57	1.55334303	1.56127335	1.22173048	
40.68943	1.57	1.55334303	1.56127335	1.22173048	
40.69956	1.57	1.55334303	1.56127335	1.22173048	
40.70981	1.57	1.55334303	1.56127335	1.22173048	
40.71986	1.57	1.55334303	1.56127335	1.22173048	
40.73	1.57	1.55334303	1.56127335	1.22173048	
40.74012	1.57	1.55334303	1.56127335	1.22173048	
40.75023	1.57	1.55334303	1.56127335	1.22173048	
40.76041	1.57	1.55334303	1.56127335	1.22173048	
40.77059	1.57	1.55334303	1.56127335	1.22173048	
40.78075	1.57	1.55334303	1.56127335	1.22173048	
40.79084	1.57	1.55334303	1.56127335	1.22173048	
40.80096	1.57	1.55334303	1.56127335	1.22173048	
40.81161	1.57	1.55334303	1.56127335	1.22173048	
40.82138	1.57	1.55334303	1.56127335	1.22173048	
40.83142	1.57	1.55334303	1.56127335	1.22173048	
40.8415	1.57	1.55334303	1.56127335	1.22173048	
40.85164	1.57	1.55334303	1.56127335	1.22173048	
40.8621	1.57	1.55334303	1.56127335	1.22173048	
40.87196	1.57	1.55334303	1.56127335	1.22173048	
40.88206	1.57	1.55334303	1.56127335	1.22173048	
40.89223	1.57	1.55334303	1.56127335	1.22173048	
40.90232	1.57	1.55334303	1.56127335	1.22173048	
40.91268	1.57	1.55334303	1.56127335	1.22173048	
40.92256	1.57	1.55334303	1.56127335	1.22173048	
40.93273	1.57	1.55334303	1.56127335	1.22173048	
40.94281	1.57	1.55334303	1.56127335	1.22173048	
40.95292	1.57	1.55334303	1.56127335	1.22173048	
40.96314	1.57	1.55334303	1.56127335	1.22173048	
40.97334	1.57	1.55334303	1.56127335	1.22173048	
40.98349	1.57	1.55334303	1.56127335	1.22173048	
40.99361	1.57	1.55334303	1.56127335	1.22173048	
41.00382	1.57	1.55334303	1.56127335	1.22173048	
41.01421	1.57	1.55334303	1.56127335	1.22173048	
41.02403	1.57	1.55334303	1.56127335	1.22173048	
41.03414	1.57	1.55334303	1.56127335	1.22173048	
41.04427	1.57	1.55334303	1.56127335	1.22173048	
41.05437	1.57	1.55334303	1.56127335	1.22173048	
41.06497	1.57	1.55334303	1.56127335	1.22173048	
41.07499	1.57	1.55334303	1.56127335	1.22173048	
41.08507	1.57	1.55334303	1.56127335	1.22173048	
41.09521	1.57	1.55334303	1.56127335	1.22173048	
41.10525	1.57	1.55334303	1.56127335	1.22173048	
41.11557	1.57	1.55334303	1.56127335	1.22173048	
41.12573	1.57	1.55334303	1.56127335	1.22173048	
41.13582	1.57	1.55334303	1.56127335	1.22173048	
41.14597	1.57	1.55334303	1.56127335	1.22173048	
41.15606	1.57	1.55334303	1.56127335	1.22173048	
41.16659	1.57	1.55334303	1.56127335	1.22173048	
41.17668	1.57	1.55334303	1.56127335	1.22173048	
41.18655	1.57	1.55334303	1.56127335	1.22173048	
41.19669	1.57	1.55334303	1.56127335	1.22173048	
41.20679	1.57	1.55334303	1.56127335	1.22173048	
41.21692	1.57	1.55334303	1.56127335	1.22173048	
41.22709	1.57	1.55334303	1.56127335	1.22173048	
41.23724	1.57	1.55334303	1.56127335	1.22173048	
41.24744	1.57	1.55334303	1.56127335	1.22173048	
41.2575	1.57	1.55334303	1.56127335	1.22173048	
41.2677	1.57	1.55334303	1.56127335	1.22173048	
41.27802	1.57	1.55334303	1.56127335	1.22173048	
41.28804	1.57	1.55334303	1.56127335	1.22173048	
41.29815	1.57	1.55334303	1.56127335	1.22173048	
41.30826	1.57	1.55334303	1.56127335	1.22173048	
41.31844	1.57	1.55334303	1.56127335	1.22173048	
41.32857	1.57	1.55334303	1.56127335	1.22173048	
41.33869	1.57	1.55334303	1.56127335	1.22173048	
41.34884	1.57	1.55334303	1.56127335	1.22173048	
41.35895	1.57	1.55334303	1.56127335	1.22173048	
41.37029	1.57	1.55334303	1.56127335	1.22173048	
41.37961	1.57	1.55334303	1.56127335	1.22173048	
41.38942	1.57	1.55334303	1.56127335	1.22173048	
41.39955	1.57	1.55334303	1.56127335	1.22173048	
41.40963	1.57	1.55334303	1.56127335	1.22173048	
41.41978	1.57	1.55334303	1.56127335	1.22173048	
41.43001	1.57	1.55334303	1.56127335	1.22173048	
41.44007	1.57	1.55334303	1.56127335	1.22173048	
41.45021	1.57	1.55334303	1.56127335	1.22173048	
41.4603	1.57	1.55334303	1.56127335	1.22173048	
41.47188	1.57	1.55334303	1.56127335	1.22173048	
41.48064	1.57	1.55334303	1.56127335	1.22173048	
41.4908	1.57	1.55334303	1.56127335	1.22173048	
41.50092	1.57	1.55334303	1.56127335	1.22173048	
41.511	1.57	1.55334303	1.56127335	1.22173048	
41.52121	1.57	1.55334303	1.56127335	1.22173048	
41.53136	1.57	1.55334303	1.56127335	1.22173048	
41.54146	1.57	1.55334303	1.56127335	1.22173048	
41.55157	1.57	1.55334303	1.56127335	1.22173048	
41.56166	1.57	1.55334303	1.56127335	1.22173048	
41.57181	1.57	1.55334303	1.56127335	1.22173048	
41.58206	1.57	1.55334303	1.56127335	1.22173048	
41.5922	1.57	1.55334303	1.56127335	1.22173048	
41.60227	1.57	1.55334303	1.56127335	1.22173048	
41.61238	1.57	1.55334303	1.56127335	1.22173048	
41.62278	1.57	1.55334303	1.56127335	1.22173048	
41.63264	1.57	1.55334303	1.56127335	1.22173048	
41.64275	1.57	1.55334303	1.56127335	1.22173048	
41.6529	1.57	1.55334303	1.56127335	1.22173048	
41.663	1.57	1.55334303	1.56127335	1.22173048	
41.67315	1.57	1.55334303	1.56127335	1.22173048	
41.68357	1.57	1.55334303	1.56127335	1.22173048	
41.69368	1.57	1.55334303	1.56127335	1.22173048	
41.70376	1.57	1.55334303	1.56127335	1.22173048	
41.71386	1.57	1.55334303	1.56127335	1.22173048	
41.72433	1.57	1.55334303	1.56127335	1.22173048	
41.73419	1.57	1.55334303	1.56127335	1.22173048	
41.74426	1.57	1.55334303	1.56127335	1.22173048	
41.75439	1.57	1.55334303	1.56127335	1.22173048	
41.76455	1.57	1.55334303	1.56127335	1.22173048	
41.77575	1.57	1.55334303	1.56127335	1.22173048	
41.78492	1.57	1.55334303	1.56127335	1.22173048	
41.79501	1.57	1.55334303	1.56127335	1.22173048	
41.80509	1.57	1.55334303	1.56127335	1.22173048	
41.81528	1.57	1.55334303	1.56127335	1.22173048	
41.82561	1.57	1.55334303	1.56127335	1.22173048	
41.83566	1.57	1.55334303	1.56127335	1.22173048	
41.84585	1.57	1.55334303	1.56127335	1.22173048	
41.85592	1.57	1.55334303	1.56127335	1.22173048	
41.86742	1.57	1.55334303	1.56127335	1.22173048	
41.87697	1.57	1.55334303	1.56127335	1.22173048	
41.88644	1.57	1.55334303	1.56127335	1.22173048	
41.89654	1.57	1.55334303	1.56127335	1.22173048	
41.90668	1.57	1.55334303	1.56127335	1.22173048	
41.91682	1.57	1.55334303	1.56127335	1.22173048	
41.92697	1.57	1.55334303	1.56127335	1.22173048	
41.9371	1.57	1.55334303	1.56127335	1.22173048	
41.94724	1.57	1.55334303	1.56127335	1.22173048	
41.9574	1.57	1.55334303	1.56127335	1.22173048	
41.96751	1.57	1.55334303	1.56127335	1.22173048	
41.97817	1.57	1.55334303	1.56127335	1.22173048	
41.98788	1.57	1.55334303	1.56127335	1.22173048	
41.99806	1.57	1.55334303	1.56127335	1.22173048	
42.00815	1.57	1.55334303	1.56127335	1.22173048	
42.01824	1.57	1.55334303	1.56127335	1.22173048	
42.02846	1.57	1.55334303	1.56127335	1.22173048	
42.03859	1.57	1.55334303	1.56127335	1.22173048	
42.0487	1.57	1.55334303	1.56127335	1.22173048	
42.05879	1.57	1.55334303	1.56127335	1.22173048	
42.06892	1.57	1.55334303	1.56127335	1.22173048	
42.07939	1.57	1.55334303	1.56127335	1.22173048	
42.08941	1.57	1.55334303	1.56127335	1.22173048	
42.0994	1.57	1.55334303	1.56127335	1.22173048	
42.1095	1.57	1.55334303	1.56127335	1.22173048	
42.1196	1.57	1.55334303	1.56127335	1.22173048	
42.12976	1.57	1.55334303	1.56127335	1.22173048	
42.14058	1.57	1.55334303	1.56127335	1.22173048	
42.15007	1.57	1.55334303	1.56127335	1.22173048	
42.16012	1.57	1.55334303	1.56127335	1.22173048	
42.17025	1.57	1.55334303	1.56127335	1.22173048	
42.1808	1.57	1.55334303	1.56127335	1.22173048	
42.19064	1.57	1.55334303	1.56127335	1.22173048	
42.20075	1.57	1.55334303	1.56127335	1.22173048	
42.21086	1.57	1.55334303	1.56127335	1.22173048	
42.22095	1.57	1.55334303	1.56127335	1.22173048	
42.23116	1.57	1.55334303	1.56127335	1.22173048	
42.24128	1.57	1.55334303	1.56127335	1.22173048	
42.25144	1.57	1.55334303	1.56127335	1.22173048	
42.26155	1.57	1.55334303	1.56127335	1.22173048	
42.27162	1.57	1.55334303	1.56127335	1.22173048	
42.28209	1.57	1.55334303	1.56127335	1.22173048	
42.29242	1.57	1.55334303	1.56127335	1.22173048	
42.3022	1.57	1.55334303	1.56127335	1.22173048	
42.31225	1.57	1.55334303	1.56127335	1.22173048	
42.3224	1.57	1.55334303	1.56127335	1.22173048	
42.33278	1.57	1.55334303	1.56127335	1.22173048	
42.34263	1.57	1.55334303	1.56127335	1.22173048	
42.35274	1.57	1.55334303	1.56127335	1.22173048	
42.36287	1.57	1.55334303	1.56127335	1.22173048	
42.37298	1.57	1.55334303	1.56127335	1.22173048	
42.38331	1.57	1.55334303	1.56127335	1.22173048	
42.39426	1.57	1.55334303	1.56127335	1.22173048	
42.40365	1.57	1.55334303	1.56127335	1.22173048	
42.4137	1.57	1.55334303	1.56127335	1.22173048	
42.42395	1.57	1.55334303	1.56127335	1.22173048	
42.43423	1.57	1.55334303	1.56127335	1.22173048	
42.44408	1.57	1.55334303	1.56127335	1.22173048	
42.45425	1.57	1.55334303	1.56127335	1.22173048	
42.47545	1.57	1.55334303	1.56127335	1.22173048	
