12.19537	240.009847	240.008952	238.037625	238.03673	
12.20527	240.01132	240.008952	238.039098	238.03673	
12.21536	240.013438	240.008952	238.041216	238.03673	
12.22549	240.01618	240.008952	238.043958	238.03673	
12.23564	240.019551	240.008952	238.047329	238.03673	
12.24574	240.023511	240.008952	238.051289	238.03673	
12.25591	240.028122	240.008952	238.0559	238.03673	
12.27388	240.038634	240.008952	238.066411	238.045457	
12.27819	240.041086	240.008952	238.068864	238.045457	
12.28839	240.047701	240.008952	238.075479	238.045457	
12.29859	240.054948	240.017679	238.082726	238.045457	
12.30866	240.062689	240.017679	238.090467	238.045457	
12.31888	240.071187	240.017679	238.098965	238.045457	
12.33077	240.081992	240.017679	238.10977	238.045457	
12.33904	240.089813	240.026405	238.117591	238.045457	
12.34914	240.100043	240.035132	238.127821	238.045457	
12.35927	240.110914	240.052585	238.138692	238.045457	
12.36945	240.122468	240.061312	238.150246	238.045457	
12.37952	240.134504	240.087492	238.162282	238.045457	
12.38972	240.147316	240.104945	238.175094	238.054183	
12.3999	240.160729	240.131125	238.188506	238.054183	
12.40998	240.174605	240.157305	238.202383	238.054183	
12.42015	240.189262	240.183485	238.21704	238.06291	
12.43027	240.204418	240.209665	238.232196	238.06291	
12.44038	240.220196	240.227118	238.247974	238.071637	
12.45054	240.236675	240.244572	238.264453	238.080363	
12.46067	240.253708	240.262025	238.281486	238.08909	
12.47088	240.271507	240.279478	238.299285	238.097817	
12.48094	240.289641	240.296931	238.317419	238.106543	
12.49103	240.308451	240.305658	238.336229	238.11527	
12.5015	240.328662	240.323111	238.35644	238.123996	
12.51137	240.348238	240.331838	238.376016	238.132723	
12.5215	240.368969	240.340565	238.396747	238.150176	
12.53162	240.3903	240.358018	238.418078	238.158903	
12.54172	240.412199	240.366745	238.439976	238.16763	
12.55188	240.434853	240.375471	238.462631	238.185083	
12.56204	240.45822	240.384198	238.485998	238.19381	
12.57214	240.481871	240.401651	238.509649	238.202536	
12.58224	240.50623	240.419104	238.534008	238.21999	
12.59248	240.531746	240.436558	238.559524	238.237443	
12.60266	240.557358	240.462738	238.585136	238.24617	
12.61272	240.583446	240.488918	238.611224	238.263623	
12.623	240.611555	240.515098	238.639333	238.272349	
12.63299	240.637876	240.541278	238.665654	238.289803	
12.64322	240.666735	240.576184	238.694513	238.307256	
12.66313	240.724527	240.654724	238.752305	238.342163	
12.66748	240.737169	240.680904	238.764947	238.350889	
12.67764	240.76747	240.71581	238.795248	238.368343	
12.68773	240.798188	240.76817	238.825966	238.385796	
12.69906	240.833543	240.811804	238.861321	238.411976	
12.70806	240.86199	240.855437	238.889768	238.429429	
12.71821	240.894741	240.890343	238.922519	238.455609	
12.72838	240.928177	240.92525	238.955955	238.481789	
12.73846	240.96193	240.960157	238.989708	238.507969	
12.74863	240.996598	240.995063	239.024376	238.525422	
12.7588	241.031918	241.02997	239.059696	238.551602	
12.76891	241.067591	241.064876	239.095369	238.577782	
12.77899	241.103796	241.099783	239.131573	238.603962	
12.78914	241.140868	241.125963	239.168646	238.638869	
12.80042	241.182927	241.152143	239.210705	238.656322	
12.80943	241.216879	241.187049	239.244657	238.691229	
12.81959	241.255829	241.221956	239.283607	238.717408	
12.82974	241.295385	241.248136	239.323163	238.752315	
12.83979	241.335144	241.274316	239.362922	238.778495	
12.84996	241.375997	241.309222	239.403775	238.813402	
12.86009	241.417303	241.335402	239.445081	238.839581	
12.87024	241.459314	241.370309	239.487092	238.865761	
12.88042	241.50211	241.405215	239.529888	238.900668	
12.89049	241.545024	241.448849	239.572802	238.926848	
12.90178	241.593921	241.483755	239.621699	238.961755	
12.91086	241.633664	241.536115	239.661442	238.987934	
12.92091	241.67834	241.579748	239.706118	239.022841	
12.93103	241.723903	241.632108	239.751681	239.049021	
12.94927	241.808551	241.728101	239.836328	239.110108	
12.95366	241.828788	241.745555	239.856566	239.118834	
12.96378	241.876368	241.806641	239.904146	239.162467	
12.97388	241.924455	241.867728	239.952233	239.188647	
12.98402	241.973385	241.920088	240.001163	239.232281	
12.99414	242.022764	241.981174	240.050542	239.267187	
13.00436	242.073295	242.042261	240.101073	239.302094	
13.01454	242.124244	242.094621	240.152022	239.345727	
13.02465	242.175449	242.14698	240.203227	239.380634	
13.0347	242.226995	242.19934	240.254773	239.424267	
13.04515	242.281228	242.2517	240.309006	239.459173	
13.05502	242.333035	242.295333	240.360813	239.502807	
13.06511	242.386549	242.35642	240.414327	239.54644	
13.07524	242.440963	242.400053	240.468741	239.590073	
13.08532	242.495711	242.452413	240.523488	239.633706	
13.0955	242.551593	242.504773	240.579371	239.67734	
13.10567	242.608046	242.548406	240.635824	239.720973	
13.11582	242.66504	242.600766	240.692818	239.764606	
13.12598	242.722687	242.653126	240.750465	239.808239	
13.13608	242.78061	242.705486	240.808388	239.851872	
13.14656	242.8414	242.757846	240.869178	239.895506	
13.15648	242.89944	242.810206	240.927218	239.930412	
13.16661	242.959385	242.871292	240.987163	239.974046	
13.1767	243.019709	242.932379	241.047487	240.017679	
13.18683	243.08089	242.984738	241.108668	240.052585	
13.197	243.142909	243.045825	241.170687	240.104945	
13.20723	243.20596	243.106912	241.233738	240.139852	
13.21733	243.268794	243.176725	241.296572	240.183485	
13.22742	243.332221	243.246538	241.359999	240.227118	
13.23761	243.396839	243.316351	241.424617	240.270751	
13.24769	243.46141	243.386164	241.489188	240.314385	
13.25787	243.52722	243.447251	241.554998	240.366745	
13.26801	243.593368	243.517064	241.621146	240.410378	
13.27814	243.660065	243.586877	241.687843	240.454011	
13.28836	243.728038	243.65669	241.755816	240.506371	
13.29838	243.795237	243.726503	241.823015	240.550004	
13.30856	243.864171	243.796317	241.891949	240.602364	
13.31876	243.933865	243.86613	241.961643	240.645997	
13.32883	244.003261	243.935943	242.031039	240.698357	
13.33898	244.073823	244.005756	242.101601	240.750717	
13.34908	244.144662	244.084296	242.17244	240.79435	
13.35926	244.216629	244.154109	242.244407	240.84671	
13.36943	244.289224	244.223922	242.317002	240.89907	
13.37951	244.361698	244.293735	242.389476	240.95143	
13.3897	244.435691	244.363549	242.463469	241.00379	
13.3998	244.509567	244.442088	242.537345	241.05615	
13.41002	244.584996	244.511902	242.612774	241.099783	
13.42019	244.660623	244.590441	242.688401	241.160869	
13.43029	244.736391	244.660255	242.764169	241.213229	
13.4405	244.813576	244.730068	242.841354	241.265589	
13.45056	244.890205	244.799881	242.917983	241.317949	
13.46074	244.968444	244.878421	242.996222	241.379036	
13.4709	245.047118	244.956961	243.074895	241.431395	
13.48098	245.125739	245.0355	243.153517	241.483755	
13.49111	245.205447	245.11404	243.233225	241.544842	
13.50119	245.28533	245.19258	243.313108	241.597202	
13.51143	245.367132	245.27112	243.394909	241.658288	
13.52155	245.448618	245.358386	243.476396	241.719375	
13.53168	245.530728	245.436926	243.558506	241.771735	
13.54183	245.613635	245.524193	243.641413	241.832821	
13.5519	245.696462	245.602732	243.72424	241.893908	
13.5621	245.781052	245.689999	243.80883	241.954994	
13.57219	245.865288	245.777265	243.893066	242.007354	
13.5823	245.95039	245.864532	243.978168	242.068441	
13.59245	246.036302	245.951798	244.06408	242.129527	
13.60258	246.12278	246.030338	244.150558	242.190614	
13.61278	246.210473	246.117604	244.238251	242.2517	
13.6232	246.300681	246.204871	244.328459	242.312787	
13.63324	246.388157	246.300864	244.415935	242.373873	
13.64331	246.476583	246.379404	244.504361	242.426233	
13.65388	246.570111	246.475397	244.597889	242.496046	
13.66359	246.656451	246.562663	244.684228	242.557133	
13.67369	246.746974	246.64993	244.774752	242.618219	
13.68383	246.83841	246.737196	244.866188	242.670579	
13.69394	246.930224	246.824463	244.958002	242.740392	
13.70447	247.026596	246.920456	245.054373	242.801479	
13.71426	247.116679	247.016449	245.144457	242.862565	
13.72441	247.210704	247.103715	245.238482	242.914925	
13.73458	247.305526	247.199709	245.333304	242.984738	
13.74467	247.400154	247.286975	245.427932	243.045825	
13.75532	247.500868	247.382968	245.528646	243.106912	
13.76509	247.593775	247.487688	245.621553	243.167998	
13.7752	247.690547	247.574954	245.718325	243.229085	
13.78534	247.788177	247.670948	245.815954	243.298898	
13.79543	247.885923	247.775667	245.913701	243.359984	
13.80569	247.986053	247.87166	246.013831	243.421071	
13.81608	248.088043	247.97638	246.115821	243.482157	
13.82604	248.186336	248.072373	246.214113	243.543244	
13.83645	248.290146	248.168366	246.317924	243.60433	
13.85437	248.470192	248.273086	246.49797	243.665417	
13.85953	248.522022	248.403986	246.5498	243.743957	
13.86976	248.625824	248.508706	246.653601	243.805043	
13.88018	248.732076	248.604699	246.759854	243.86613	
13.89015	248.834362	248.718145	246.86214	243.927216	
13.90017	248.937682	248.822865	246.96546	243.997029	
13.91178	249.058513	248.918858	247.086291	244.049389	
13.92075	249.152099	249.032304	247.179877	244.119202	
13.93098	249.259556	249.137024	247.287334	244.171562	
13.94087	249.364051	249.241744	247.391829	244.241376	
13.95139	249.475756	249.346464	247.503534	244.302462	
13.96115	249.580019	249.451183	247.607797	244.363549	
13.97172	249.693718	249.56463	247.721496	244.424635	
13.98144	249.798735	249.669349	247.826513	244.485722	
13.99196	249.913086	249.774069	247.940864	244.546808	
14.00176	250.020132	249.887516	248.04791	244.607895	
14.01591	250.172619	250.027142	248.200397	244.686434	
14.02476	250.267496	250.131862	248.295274	244.747521	
14.03496	250.376346	250.245308	248.404124	244.808608	
14.04536	250.486733	250.358755	248.514511	244.869694	
14.05571	250.595953	250.463474	248.623731	244.939507	
14.06542	250.697747	250.576921	248.725524	244.991867	
14.07554	250.803355	250.690367	248.831133	245.06168	
14.08596	250.911294	250.803814	248.939072	245.11404	
14.09581	251.012908	250.91726	249.040685	245.183853	
14.10639	251.121227	251.02198	249.149005	245.24494	
14.11747	251.234075	251.135426	249.261853	245.306026	
14.12676	251.328131	251.248872	249.355908	245.358386	
14.13676	251.428712	251.362319	249.45649	245.428199	
14.14719	251.533152	251.467039	249.56093	245.480559	
14.15709	251.631654	251.571758	249.659432	245.541646	
14.16756	251.735009	251.685205	249.762787	245.602732	
14.18548	251.909904	251.781198	249.937682	245.663819	
14.19063	251.960025	251.920824	249.987803	245.742359	
14.20082	252.058766	252.016817	250.086544	245.803445	
14.21128	252.159463	252.121537	250.187241	245.864532	
14.2212	252.254338	252.21753	250.282116	245.925618	
14.23138	252.351087	252.313523	250.378865	245.986705	
14.24149	252.446529	252.409516	250.474307	246.039065	
14.2598	252.617088	252.514236	250.644865	246.100151	
14.265	252.665463	252.627683	250.693241	246.178691	
14.27522	252.760006	252.723676	250.787784	246.239778	
14.29345	252.926112	252.810942	250.953889	246.300864	
14.29856	252.972634	252.933115	251.000412	246.370677	
14.30874	253.064774	253.020382	251.092552	246.431764	
14.32033	253.168751	253.107648	251.196529	246.49285	
14.33835	253.328174	253.282181	251.355952	246.59757	
14.34349	253.373683	253.325814	251.401461	246.632477	
14.35385	253.464611	253.413081	251.492389	246.684836	
14.36381	253.551436	253.491621	251.579214	246.745923	
14.38201	253.708785	253.578887	251.736563	246.798283	
14.38728	253.752952	253.692333	251.78073	246.876823	
14.39748	253.839819	253.7796	251.867597	246.929183	
14.40791	253.928087	253.85814	251.955865	246.990269	
14.41872	254.018788	253.945406	252.046566	247.051356	
14.42823	254.098065	254.032673	252.125843	247.103715	
14.43814	254.180142	254.119939	252.20792	247.164802	
14.44851	254.265311	254.207206	252.293089	247.217162	
14.45875	254.348892	254.294472	252.37667	247.278248	
14.46864	254.428985	254.373012	252.456763	247.339335	
14.48705	254.575614	254.460278	252.603392	247.391695	
14.49221	254.616675	254.573725	252.644453	247.470235	
14.50255	254.698394	254.652265	252.726172	247.522595	
14.51292	254.779588	254.739531	252.807366	247.583681	
14.53175	254.924575	254.887884	252.952353	247.697127	
14.53703	254.965247	254.931517	252.993025	247.723307	
14.54721	255.042926	255.018784	253.070704	247.784394	
14.55737	255.11988	255.097323	253.147658	247.836754	
14.56755	255.196351	255.167137	253.224128	247.906567	
14.57764	255.271575	255.23695	253.299353	247.958927	
14.58808	255.348724	255.31549	253.376502	248.020013	
14.59794	255.421079	255.394029	253.448857	248.0811	
14.61622	255.552664	255.472569	253.580442	248.13346	
14.62277	255.600982	255.559836	253.62876	248.212	
14.64209	255.735948	255.708189	253.763726	248.334173	
14.64725	255.772374	255.743095	253.800152	248.360353	
14.65768	255.845149	255.821635	253.872927	248.421439	
14.67598	255.970498	255.891448	253.998276	248.482526	
14.68119	256.006212	255.987441	254.03399	248.561065	
14.69139	256.075401	256.048528	254.103179	248.613425	
14.70182	256.145447	256.118341	254.173225	248.674512	
14.7117	256.211265	256.188154	254.239043	248.735598	
14.7224	256.281859	256.257967	254.309637	248.787958	
14.73198	256.344568	256.319054	254.372346	248.849045	
14.75023	256.461563	256.388867	254.489341	248.910131	
14.75556	256.495761	256.467407	254.523539	248.988671	
14.76583	256.560922	256.528493	254.5887	249.041031	
14.77567	256.622754	256.598307	254.650532	249.102117	
14.78587	256.686201	256.659393	254.713979	249.163204	
14.79636	256.750877	256.729206	254.778655	249.224291	
14.80692	256.815295	256.790293	254.843073	249.285377	
14.81689	256.875534	256.842653	254.903312	249.346464	
14.82772	256.940241	256.912466	254.968019	249.40755	
14.83783	257.000083	256.973552	255.027861	249.468637	
14.848	257.059659	257.034639	255.087437	249.529723	
14.85849	257.120505	257.095725	255.148283	249.582083	
14.86834	257.177009	257.156812	255.204787	249.651896	
14.87881	257.236499	257.209172	255.264277	249.704256	
14.88871	257.292138	257.270258	255.319916	249.765343	
14.90726	257.393887	257.322618	255.421665	249.826429	
14.91244	257.422362	257.401158	255.45014	249.896242	
14.92262	257.477556	257.462245	255.505334	249.966055	
14.93395	257.53815	257.523331	255.565928	250.027142	
14.94405	257.591679	257.575691	255.619457	250.088229	
14.95435	257.645576	257.636778	255.673354	250.140588	
14.96435	257.697316	257.689137	255.725094	250.201675	
14.97472	257.750365	257.741497	255.778143	250.262761	
14.98531	257.80387	257.793857	255.831648	250.315121	
14.99501	257.852323	257.846217	255.880101	250.376208	
15.00575	257.905286	257.898577	255.933064	250.428568	
15.01537	257.95224	257.94221	255.980018	250.489654	
15.02602	258.003531	257.99457	256.031309	250.542014	
15.03565	258.049337	258.038203	256.077115	250.594374	
15.04603	258.098117	258.090563	256.125895	250.655461	
15.05614	258.14497	258.134196	256.172748	250.70782	
15.06608	258.190512	258.17783	256.21829	250.768907	
15.07619	258.23624	258.221463	256.264018	250.821267	
15.08638	258.281698	258.265096	256.309476	250.882353	
15.09661	258.326718	258.308729	256.354496	250.94344	
15.1067	258.370537	258.352363	256.398314	250.9958	
15.11691	258.414311	258.395996	256.442089	251.04816	
15.12857	258.46342	258.439629	256.491198	251.100519	
15.13725	258.499599	258.483262	256.527377	251.152879	
15.14737	258.541179	258.518169	256.568957	251.213966	
15.15756	258.582403	258.561802	256.610181	251.266326	
15.16806	258.624223	258.596709	256.652001	251.327412	
15.17785	258.662715	258.640342	256.690493	251.379772	
15.18825	258.702933	258.683975	256.730711	251.432132	
15.19818	258.74077	258.727608	256.768548	251.484492	
15.20859	258.779818	258.762515	256.807596	251.536852	
15.21851	258.816452	258.806148	256.84423	251.597938	
15.22989	258.857689	258.849781	256.885467	251.650298	
15.23921	258.89099	258.884688	256.918768	251.711385	
15.24924	258.926219	258.919595	256.953997	251.763745	
15.25938	258.961265	258.954501	256.989043	251.816104	
15.2697	258.996301	258.998134	257.024079	251.868464	
15.27955	259.029184	259.033041	257.056962	251.920824	
15.2897	259.062473	259.067948	257.090251	251.981911	
15.3001	259.095971	259.102854	257.123749	252.034271	
15.31	259.127251	259.137761	257.155029	252.095357	
15.32013	259.158721	259.163941	257.186499	252.147717	
15.33113	259.192147	259.198847	257.219925	252.200077	
15.3409	259.221317	259.233754	257.249095	252.261163	
15.35106	259.251014	259.259934	257.278792	252.313523	
15.3617	259.281474	259.286114	257.309252	252.37461	
15.3717	259.309541	259.312294	257.337318	252.42697	
15.3822	259.338388	259.338474	257.366166	252.47933	
15.39211	259.36505	259.364653	257.392828	252.540416	
15.40258	259.392565	259.390833	257.420343	252.592776	
15.41237	259.417753	259.417013	257.445531	252.653863	
15.42288	259.444158	259.443193	257.471936	252.706222	
15.43378	259.470863	259.460647	257.498641	252.758582	
15.44288	259.492712	259.486827	257.52049	252.819669	
15.4611	259.534107	259.513006	257.561885	252.872029	
15.46633	259.546016	259.547913	257.573794	252.950568	
15.47677	259.569037	259.565366	257.596815	253.002928	
15.48666	259.590308	259.591546	257.618086	253.055288	
15.49711	259.612154	259.609	257.639932	253.116375	
15.50696	259.632189	259.63518	257.659967	253.168735	
15.51746	259.65293	259.652633	257.680708	253.229821	
15.52734	259.671897	259.670086	257.699675	253.282181	
15.53781	259.691387	259.696266	257.719165	253.334541	
15.54762	259.709112	259.713719	257.73689	253.386901	
15.55781	259.726927	259.731173	257.754705	253.447987	
15.56836	259.744747	259.748626	257.772525	253.509074	
15.57806	259.760609	259.766079	257.788387	253.561434	
15.58855	259.777165	259.783533	257.804943	253.613794	
15.59835	259.792091	259.800986	257.819868	253.666153	
15.60892	259.807563	259.818439	257.835341	253.72724	
15.61869	259.821337	259.827166	257.849115	253.7796	
15.62915	259.835488	259.844619	257.863266	253.840686	
15.6391	259.848403	259.862072	257.876181	253.893046	
15.64915	259.860904	259.879526	257.888682	253.945406	
15.65933	259.872995	259.888252	257.900773	254.006493	
15.66956	259.884579	259.905706	257.912357	254.058853	
15.6797	259.895498	259.914432	257.923276	254.119939	
15.68983	259.905865	259.923159	257.933642	254.172299	
15.70021	259.915904	259.931885	257.943682	254.224659	
15.71014	259.924994	259.940612	257.952772	254.285745	
15.7206	259.933984	259.940612	257.961762	254.338105	
15.73045	259.941953	259.940612	257.969731	254.399192	
15.74095	259.94987	259.949339	257.977648	254.451552	
15.7511	259.956994	259.949339	257.984772	254.503912	
15.76089	259.963385	259.949339	257.991163	254.564998	
15.77145	259.969702	259.949339	257.99748	254.617358	
15.78119	259.975083	259.949339	258.002861	254.678444	
15.79172	259.980336	259.949339	258.008114	254.730804	
15.8015	259.984778	259.949339	258.012556	254.783164	
15.81169	259.988912	259.949339	258.01669	254.844251	
15.82186	259.992565	259.949339	258.020343	254.896611	
15.83231	259.995834	259.949339	258.023612	254.957697	
15.84213	259.998513	259.949339	258.026291	255.010057	
15.85246	260.000901	259.949339	258.028679	255.062417	
15.8628	260.002856	259.949339	258.030633	255.123503	
15.87267	260.004403	259.949339	258.032181	255.175863	
15.88284	260.008952	259.958065	258.03673	255.23695	
15.89296	260.008952	259.958065	258.03673	255.28931	
15.90385	260.008952	259.958065	258.03673	255.34167	
15.91326	260.008952	259.966792	258.03673	255.402756	
15.92358	260.008952	259.975519	258.03673	255.455116	
15.93358	260.008952	259.984245	258.03673	255.516202	
15.94379	260.008952	259.984245	258.03673	255.568562	
15.95395	260.008952	259.992972	258.03673	255.629649	
15.96402	260.008952	259.992972	258.03673	255.682009	
15.97412	260.008952	260.001699	258.03673	255.743095	
15.98429	260.008952	260.001699	258.03673	255.795455	
15.99438	260.008952	260.001699	258.03673	255.847815	
16.01277	260.008952	260.010425	258.03673	255.900175	
16.01711	260.008952	260.010425	258.03673	255.969988	
16.02724	260.008952	260.010425	258.03673	256.022348	
16.03821	260.008952	260.010425	258.03673	256.074708	
16.0476	260.008952	260.010425	258.03673	256.127068	
16.05769	260.008952	260.010425	258.03673	256.179428	
16.06782	260.008952	260.019152	258.03673	256.214334	
16.07794	260.008952	260.019152	258.03673	256.266694	
16.08808	260.008952	260.019152	258.03673	256.310327	
16.0982	260.008952	260.019152	258.03673	256.353961	
16.10836	260.008952	260.019152	258.03673	256.397594	
16.11882	260.008952	260.019152	258.03673	256.441227	
16.12868	260.008952	260.019152	258.03673	256.476134	
16.13943	260.008952	260.019152	258.03673	256.51104	
16.14921	260.008952	260.019152	258.03673	256.545947	
16.15918	260.008952	260.019152	258.03673	256.580853	
16.16925	260.008952	260.019152	258.03673	256.61576	
16.17932	260.008952	260.019152	258.03673	256.650667	
16.18952	260.008952	260.019152	258.03673	256.685573	
16.19964	260.008952	260.019152	258.03673	256.711753	
16.20976	260.008952	260.019152	258.03673	256.737933	
16.21989	260.008952	260.019152	258.03673	256.77284	
16.23	260.008952	260.019152	258.03673	256.799019	
16.24066	260.008952	260.019152	258.03673	256.825199	
16.25036	260.008952	260.019152	258.03673	256.851379	
16.26046	260.008952	260.019152	258.03673	256.877559	
16.2706	260.008952	260.019152	258.03673	256.903739	
16.28072	260.008952	260.019152	258.03673	256.921193	
16.29089	260.008952	260.019152	258.03673	256.947372	
16.30101	260.008952	260.019152	258.03673	256.964826	
16.31117	260.008952	260.019152	258.03673	256.982279	
16.32128	260.008952	260.019152	258.03673	257.008459	
16.33137	260.008952	260.019152	258.03673	257.034639	
16.35163	260.008952	260.019152	258.03673	257.069546	
16.36391	260.008952	260.019152	258.03673	257.086999	
16.36832	260.008952	260.019152	258.03673	257.095725	
16.37835	260.008952	260.019152	258.03673	257.113179	
16.38857	260.008952	260.019152	258.03673	257.121905	
16.39867	260.008952	260.019152	258.03673	257.148085	
16.40882	260.008952	260.019152	258.03673	257.156812	
16.41895	260.008952	260.019152	258.03673	257.174265	
16.42906	260.008952	260.019152	258.03673	257.182992	
16.43926	260.008952	260.019152	258.03673	257.200445	
16.44938	260.008952	260.019152	258.03673	257.217899	
16.45952	260.008952	260.019152	258.03673	257.226625	
16.46965	260.008952	260.019152	258.03673	257.244078	
16.47979	260.008952	260.019152	258.03673	257.252805	
16.49024	260.008952	260.019152	258.03673	257.261532	
16.50006	260.008952	260.019152	258.03673	257.278985	
16.51022	260.008952	260.019152	258.03673	257.296438	
16.52034	260.008952	260.019152	258.03673	257.296438	
16.53048	260.008952	260.019152	258.03673	257.305165	
16.54055	260.008952	260.019152	258.03673	257.313892	
16.55079	260.008952	260.019152	258.03673	257.331345	
16.56092	260.008952	260.019152	258.03673	257.340072	
16.57103	260.008952	260.019152	258.03673	257.348798	
16.58112	260.008952	260.019152	258.03673	257.357525	
16.59131	260.008952	260.019152	258.03673	257.366251	
16.60141	260.008952	260.019152	258.03673	257.366251	
16.61171	260.008952	260.019152	258.03673	257.374978	
16.62181	260.008952	260.019152	258.03673	257.383705	
16.64159	260.008952	260.019152	258.03673	257.401158	
16.64709	260.008952	260.019152	258.03673	257.401158	
16.65645	260.008952	260.019152	258.03673	257.409885	
16.66623	260.008952	260.019152	258.03673	257.418611	
16.67636	260.008952	260.019152	258.03673	257.418611	
16.68647	260.008952	260.019152	258.03673	257.418611	
16.6967	260.008952	260.019152	258.03673	257.418611	
16.70678	260.008952	260.019152	258.03673	257.418611	
16.71693	260.008952	260.019152	258.03673	257.418611	
16.72709	260.008952	260.019152	258.03673	257.418611	
16.73714	260.008952	260.019152	258.03673	257.418611	
16.74834	260.008952	260.019152	258.03673	257.418611	
16.75783	260.008952	260.019152	258.03673	257.418611	
16.76791	260.008952	260.019152	258.03673	257.418611	
16.77798	260.008952	260.019152	258.03673	257.418611	
16.78812	260.008952	260.019152	258.03673	257.418611	
16.79848	260.008952	260.019152	258.03673	257.418611	
16.80843	260.008952	260.019152	258.03673	257.418611	
16.81854	260.008952	260.019152	258.03673	257.418611	
16.8287	260.008952	260.019152	258.03673	257.418611	
16.83879	260.008952	260.019152	258.03673	257.418611	
16.8496	260.008952	260.019152	258.03673	257.418611	
16.8593	260.008952	260.019152	258.03673	257.418611	
16.86941	260.008952	260.019152	258.03673	257.418611	
16.87961	260.008952	260.019152	258.03673	257.418611	
16.88965	260.008952	260.019152	258.03673	257.418611	
16.90001	260.008952	260.019152	258.03673	257.418611	
16.91001	260.008952	260.019152	258.03673	257.418611	
16.92011	260.008952	260.019152	258.03673	257.418611	
16.93025	260.008952	260.019152	258.03673	257.418611	
16.94032	260.008952	260.019152	258.03673	257.418611	
16.95096	260.008952	260.019152	258.03673	257.418611	
16.96075	260.008952	260.019152	258.03673	257.418611	
16.9708	260.008952	260.019152	258.03673	257.418611	
16.98089	260.008952	260.019152	258.03673	257.418611	
16.99102	260.008952	260.019152	258.03673	257.418611	
17.00121	260.008952	260.019152	258.03673	257.418611	
17.01131	260.008952	260.019152	258.03673	257.418611	
17.02144	260.008952	260.019152	258.03673	257.418611	
17.03161	260.008952	260.019152	258.03673	257.418611	
17.04166	260.008952	260.019152	258.03673	257.418611	
17.05227	260.008952	260.019152	258.03673	257.418611	
17.06227	260.008952	260.019152	258.03673	257.418611	
17.0723	260.008952	260.019152	258.03673	257.418611	
17.08223	260.008952	260.019152	258.03673	257.418611	
17.09255	260.008952	260.019152	258.03673	257.418611	
17.1025	260.008952	260.019152	258.03673	257.418611	
17.11265	260.008952	260.019152	258.03673	257.418611	
17.12277	260.008952	260.019152	258.03673	257.418611	
17.13287	260.008952	260.019152	258.03673	257.418611	
17.14299	260.008952	260.019152	258.03673	257.418611	
17.15361	260.008952	260.019152	258.03673	257.418611	
17.16331	260.008952	260.019152	258.03673	257.418611	
17.17341	260.008952	260.019152	258.03673	257.418611	
17.18354	260.008952	260.019152	258.03673	257.418611	
17.1939	260.008952	260.019152	258.03673	257.418611	
17.20376	260.008952	260.019152	258.03673	257.418611	
17.21395	260.008952	260.019152	258.03673	257.418611	
17.22403	260.008952	260.019152	258.03673	257.418611	
17.23416	260.008952	260.019152	258.03673	257.418611	
17.24426	260.008952	260.019152	258.03673	257.418611	
17.25562	260.008952	260.019152	258.03673	257.418611	
17.26467	260.008952	260.019152	258.03673	257.418611	
17.27469	260.008952	260.019152	258.03673	257.418611	
17.28489	260.008952	260.019152	258.03673	257.418611	
17.29493	260.008952	260.019152	258.03673	257.418611	
17.3054	260.008952	260.019152	258.03673	257.418611	
17.31518	260.008952	260.019152	258.03673	257.418611	
17.3253	260.008952	260.019152	258.03673	257.418611	
17.33543	260.008952	260.019152	258.03673	257.418611	
17.35393	260.008952	260.019152	258.03673	257.418611	
17.35963	260.008952	260.019152	258.03673	257.418611	
17.36982	260.008952	260.019152	258.03673	257.418611	
17.37982	260.008952	260.019152	258.03673	257.418611	
17.39003	260.008952	260.019152	258.03673	257.418611	
17.40009	260.008952	260.019152	258.03673	257.418611	
17.41029	260.008952	260.019152	258.03673	257.418611	
17.4204	260.008952	260.019152	258.03673	257.418611	
17.43054	260.008952	260.019152	258.03673	257.418611	
17.44073	260.008952	260.019152	258.03673	257.418611	
17.45076	260.008952	260.019152	258.03673	257.418611	
17.46099	260.008952	260.019152	258.03673	257.418611	
17.47117	260.008952	260.019152	258.03673	257.418611	
17.48125	260.008952	260.019152	258.03673	257.418611	
17.49138	260.008952	260.019152	258.03673	257.418611	
17.50148	260.008952	260.019152	258.03673	257.418611	
17.51167	260.008952	260.019152	258.03673	257.418611	
17.52178	260.008952	260.019152	258.03673	257.418611	
17.53195	260.008952	260.019152	258.03673	257.418611	
17.54212	260.008952	260.019152	258.03673	257.418611	
17.55244	260.008952	260.019152	258.03673	257.418611	
17.56241	260.008952	260.019152	258.03673	257.418611	
17.57255	260.008952	260.019152	258.03673	257.418611	
17.5826	260.008952	260.019152	258.03673	257.418611	
17.59279	260.008952	260.019152	258.03673	257.418611	
17.6029	260.008952	260.019152	258.03673	257.418611	
17.61306	260.008952	260.019152	258.03673	257.418611	
17.62326	260.008952	260.019152	258.03673	257.418611	
17.63335	260.008952	260.019152	258.03673	257.418611	
17.64345	260.008952	260.019152	258.03673	257.418611	
17.65388	260.008952	260.019152	258.03673	257.418611	
17.66378	260.008952	260.019152	258.03673	257.418611	
17.67389	260.008952	260.019152	258.03673	257.418611	
17.68399	260.008952	260.019152	258.03673	257.418611	
17.69412	260.008952	260.019152	258.03673	257.418611	
17.70425	260.008952	260.019152	258.03673	257.418611	
17.71439	260.008952	260.019152	258.03673	257.418611	
17.72459	260.008952	260.019152	258.03673	257.418611	
17.7347	260.008952	260.019152	258.03673	257.418611	
17.74478	260.008952	260.019152	258.03673	257.418611	
17.75519	260.008952	260.019152	258.03673	257.418611	
17.76507	260.008952	260.019152	258.03673	257.418611	
17.77522	260.008952	260.019152	258.03673	257.418611	
17.78532	260.008952	260.019152	258.03673	257.418611	
17.79541	260.008952	260.019152	258.03673	257.418611	
17.80559	260.008952	260.019152	258.03673	257.418611	
17.81574	260.008952	260.019152	258.03673	257.418611	
17.82584	260.008952	260.019152	258.03673	257.418611	
17.83598	260.008952	260.019152	258.03673	257.418611	
17.84612	260.008952	260.019152	258.03673	257.418611	
17.85656	260.008952	260.019152	258.03673	257.418611	
17.86671	260.008952	260.019152	258.03673	257.418611	
17.87686	260.008952	260.019152	258.03673	257.418611	
17.88699	260.008952	260.019152	258.03673	257.418611	
17.89708	260.008952	260.019152	258.03673	257.418611	
17.90725	260.008952	260.019152	258.03673	257.418611	
17.91738	260.008952	260.019152	258.03673	257.418611	
17.92759	260.008952	260.019152	258.03673	257.418611	
17.93766	260.008952	260.019152	258.03673	257.418611	
17.94777	260.008952	260.019152	258.03673	257.418611	
17.95798	260.008952	260.019152	258.03673	257.418611	
17.96812	260.008952	260.019152	258.03673	257.418611	
17.97824	260.008952	260.019152	258.03673	257.418611	
17.98839	260.008952	260.019152	258.03673	257.418611	
17.99852	260.008952	260.019152	258.03673	257.418611	
18.00863	260.008952	260.019152	258.03673	257.418611	
18.01882	260.008952	260.019152	258.03673	257.418611	
18.02896	260.008952	260.019152	258.03673	257.418611	
18.03908	260.008952	260.019152	258.03673	257.418611	
18.0492	260.008952	260.019152	258.03673	257.418611	
18.05929	260.008952	260.019152	258.03673	257.418611	
18.06952	260.008952	260.019152	258.03673	257.418611	
18.07971	260.008952	260.019152	258.03673	257.418611	
18.08976	260.008952	260.019152	258.03673	257.418611	
18.09994	260.008952	260.019152	258.03673	257.418611	
18.11007	260.008952	260.019152	258.03673	257.418611	
18.12021	260.008952	260.019152	258.03673	257.418611	
18.13038	260.008952	260.019152	258.03673	257.418611	
18.14049	260.008952	260.019152	258.03673	257.418611	
18.15064	260.008952	260.019152	258.03673	257.418611	
18.1608	260.008952	260.019152	258.03673	257.418611	
18.17096	260.008952	260.019152	258.03673	257.418611	
18.18107	260.008952	260.019152	258.03673	257.418611	
18.19126	260.008952	260.019152	258.03673	257.418611	
18.20135	260.008952	260.019152	258.03673	257.418611	
18.21144	260.008952	260.019152	258.03673	257.418611	
18.2216	260.008952	260.019152	258.03673	257.418611	
18.23182	260.008952	260.019152	258.03673	257.418611	
18.24188	260.008952	260.019152	258.03673	257.418611	
18.25204	260.008952	260.019152	258.03673	257.418611	
18.26228	260.008952	260.019152	258.03673	257.418611	
18.27237	260.008952	260.019152	258.03673	257.418611	
18.2825	260.008952	260.019152	258.03673	257.418611	
18.2926	260.008952	260.019152	258.03673	257.418611	
18.30278	260.008952	260.019152	258.03673	257.418611	
18.31293	260.008952	260.019152	258.03673	257.418611	
18.32307	260.008952	260.019152	258.03673	257.418611	
18.33341	260.008952	260.019152	258.03673	257.418611	
18.34455	260.008952	260.019152	258.03673	257.418611	
18.35357	260.008952	260.019152	258.03673	257.418611	
18.3638	260.008952	260.019152	258.03673	257.418611	
18.3737	260.008952	260.019152	258.03673	257.418611	
18.38388	260.008952	260.019152	258.03673	257.418611	
18.39399	260.008952	260.019152	258.03673	257.418611	
18.4041	260.008952	260.019152	258.03673	257.418611	
18.41428	260.008952	260.019152	258.03673	257.418611	
18.42436	260.008952	260.019152	258.03673	257.418611	
18.43457	260.008952	260.019152	258.03673	257.418611	
18.44467	260.008952	260.019152	258.03673	257.418611	
18.45473	260.008952	260.019152	258.03673	257.418611	
18.46529	260.008952	260.019152	258.03673	257.418611	
18.47507	260.008952	260.019152	258.03673	257.418611	
18.48518	260.008952	260.019152	258.03673	257.418611	
18.49537	260.008952	260.019152	258.03673	257.418611	
18.50539	260.008952	260.019152	258.03673	257.418611	
18.51556	260.008952	260.019152	258.03673	257.418611	
18.52568	260.008952	260.019152	258.03673	257.418611	
18.53584	260.008952	260.019152	258.03673	257.418611	
18.54602	260.008952	260.019152	258.03673	257.418611	
18.55614	260.008952	260.019152	258.03673	257.418611	
18.56657	260.008952	260.019152	258.03673	257.418611	
18.5767	260.008952	260.019152	258.03673	257.418611	
18.58684	260.008952	260.019152	258.03673	257.418611	
18.59693	260.008952	260.019152	258.03673	257.418611	
18.60701	260.008952	260.019152	258.03673	257.418611	
18.61716	260.008952	260.019152	258.03673	257.418611	
18.6374	260.008952	260.019152	258.03673	257.418611	
18.642	260.008952	260.019152	258.03673	257.418611	
18.65213	260.008952	260.019152	258.03673	257.418611	
18.66244	260.008952	260.019152	258.03673	257.418611	
18.67267	260.008952	260.019152	258.03673	257.418611	
18.68255	260.008952	260.019152	258.03673	257.418611	
18.69265	260.008952	260.019152	258.03673	257.418611	
18.70279	260.008952	260.019152	258.03673	257.418611	
18.713	260.008952	260.019152	258.03673	257.418611	
18.72308	260.008952	260.019152	258.03673	257.418611	
18.73324	260.008952	260.019152	258.03673	257.418611	
18.74342	260.008952	260.019152	258.03673	257.418611	
18.75343	260.008952	260.019152	258.03673	257.418611	
18.76392	260.008952	260.019152	258.03673	257.418611	
18.77402	260.008952	260.019152	258.03673	257.418611	
18.78387	260.008952	260.019152	258.03673	257.418611	
18.79398	260.008952	260.019152	258.03673	257.418611	
18.80412	260.008952	260.019152	258.03673	257.418611	
18.81422	260.008952	260.019152	258.03673	257.418611	
18.82435	260.008952	260.019152	258.03673	257.418611	
18.83451	260.008952	260.019152	258.03673	257.418611	
18.84465	260.008952	260.019152	258.03673	257.418611	
18.85474	260.008952	260.019152	258.03673	257.418611	
18.86488	260.008952	260.019152	258.03673	257.418611	
18.87644	260.008952	260.019152	258.03673	257.418611	
18.88513	260.008952	260.019152	258.03673	257.418611	
18.89526	260.008952	260.019152	258.03673	257.418611	
18.90537	260.008952	260.019152	258.03673	257.418611	
18.91547	260.008952	260.019152	258.03673	257.418611	
18.92564	260.008952	260.019152	258.03673	257.418611	
18.9358	260.008952	260.019152	258.03673	257.418611	
18.9459	260.008952	260.019152	258.03673	257.418611	
18.95607	260.008952	260.019152	258.03673	257.418611	
18.96614	260.008952	260.019152	258.03673	257.418611	
18.97773	260.008952	260.019152	258.03673	257.418611	
18.98677	260.008952	260.019152	258.03673	257.418611	
18.99694	260.008952	260.019152	258.03673	257.418611	
19.00703	260.008952	260.019152	258.03673	257.418611	
19.01911	260.008952	260.019152	258.03673	257.418611	
19.02919	260.008952	260.019152	258.03673	257.418611	
19.03934	260.008952	260.019152	258.03673	257.418611	
19.04944	260.008952	260.019152	258.03673	257.418611	
19.05959	260.008952	260.019152	258.03673	257.418611	
19.06969	260.008952	260.019152	258.03673	257.418611	
19.08023	260.008952	260.019152	258.03673	257.418611	
19.09035	260.008952	260.019152	258.03673	257.418611	
19.10049	260.008952	260.019152	258.03673	257.418611	
19.11064	260.008952	260.019152	258.03673	257.418611	
19.12075	260.008952	260.019152	258.03673	257.418611	
19.13089	260.008952	260.019152	258.03673	257.418611	
19.14105	260.008952	260.019152	258.03673	257.418611	
19.15119	260.008952	260.019152	258.03673	257.418611	
19.16132	260.008952	260.019152	258.03673	257.418611	
19.17139	260.008952	260.019152	258.03673	257.418611	
19.18157	260.008952	260.019152	258.03673	257.418611	
19.19182	260.008952	260.019152	258.03673	257.418611	
19.20188	260.008952	260.019152	258.03673	257.418611	
19.212	260.008952	260.019152	258.03673	257.418611	
19.22238	260.008952	260.019152	258.03673	257.418611	
19.23227	260.008952	260.019152	258.03673	257.418611	
19.24237	260.008952	260.019152	258.03673	257.418611	
19.25252	260.008952	260.019152	258.03673	257.418611	
19.26267	260.008952	260.019152	258.03673	257.418611	
19.27274	260.008952	260.019152	258.03673	257.418611	
19.28296	260.008952	260.019152	258.03673	257.418611	
19.29309	260.008952	260.019152	258.03673	257.418611	
19.30323	260.008952	260.019152	258.03673	257.418611	
19.31336	260.008952	260.019152	258.03673	257.418611	
19.32374	260.008952	260.019152	258.03673	257.418611	
19.33357	260.008952	260.019152	258.03673	257.418611	
19.34393	260.008952	260.019152	258.03673	257.418611	
19.35387	260.008952	260.019152	258.03673	257.418611	
19.36396	260.008952	260.019152	258.03673	257.418611	
19.37424	260.008952	260.019152	258.03673	257.418611	
19.3844	260.008952	260.019152	258.03673	257.418611	
19.40241	260.008952	260.019152	258.03673	257.418611	
19.40678	260.008952	260.019152	258.03673	257.418611	
19.41692	260.008952	260.019152	258.03673	257.418611	
19.42705	260.008952	260.019152	258.03673	257.418611	
19.43718	260.008952	260.019152	258.03673	257.418611	
19.44735	260.008952	260.019152	258.03673	257.418611	
19.45745	260.008952	260.019152	258.03673	257.418611	
19.46756	260.008952	260.019152	258.03673	257.418611	
19.47771	260.008952	260.019152	258.03673	257.418611	
19.48795	260.008952	260.019152	258.03673	257.418611	
19.49804	260.008952	260.019152	258.03673	257.418611	
19.50817	260.008952	260.019152	258.03673	257.418611	
19.51829	260.008952	260.019152	258.03673	257.418611	
19.52845	260.008952	260.019152	258.03673	257.418611	
19.53856	260.008952	260.019152	258.03673	257.418611	
19.5487	260.008952	260.019152	258.03673	257.418611	
19.55883	260.008952	260.019152	258.03673	257.418611	
19.56905	260.008952	260.019152	258.03673	257.418611	
19.57912	260.008952	260.019152	258.03673	257.418611	
19.58932	260.008952	260.019152	258.03673	257.418611	
19.5995	260.008952	260.019152	258.03673	257.418611	
19.60963	260.008952	260.019152	258.03673	257.418611	
19.61965	260.008952	260.019152	258.03673	257.418611	
19.6298	260.008952	260.019152	258.03673	257.418611	
19.64003	260.008952	260.019152	258.03673	257.418611	
19.65007	260.008952	260.019152	258.03673	257.418611	
19.66021	260.008952	260.019152	258.03673	257.418611	
19.67037	260.008952	260.019152	258.03673	257.418611	
19.68049	260.008952	260.019152	258.03673	257.418611	
19.6907	260.008952	260.019152	258.03673	257.418611	
19.70078	260.008952	260.019152	258.03673	257.418611	
19.71094	260.008952	260.019152	258.03673	257.418611	
19.7211	260.008952	260.019152	258.03673	257.418611	
19.73117	260.008952	260.019152	258.03673	257.418611	
19.74135	260.008952	260.019152	258.03673	257.418611	
19.75156	260.008952	260.019152	258.03673	257.418611	
19.76173	260.008952	260.019152	258.03673	257.418611	
19.77177	260.008952	260.019152	258.03673	257.418611	
19.78191	260.008952	260.019152	258.03673	257.418611	
19.79217	260.008952	260.019152	258.03673	257.418611	
19.80227	260.008952	260.019152	258.03673	257.418611	
19.81238	260.008952	260.019152	258.03673	257.418611	
19.82251	260.008952	260.019152	258.03673	257.418611	
19.83259	260.008952	260.019152	258.03673	257.418611	
19.84271	260.008952	260.019152	258.03673	257.418611	
19.85289	260.008952	260.019152	258.03673	257.418611	
19.86303	260.008952	260.019152	258.03673	257.418611	
19.87323	260.008952	260.019152	258.03673	257.418611	
19.88366	260.008952	260.019152	258.03673	257.418611	
19.89352	260.008952	260.019152	258.03673	257.418611	
19.90368	260.008952	260.019152	258.03673	257.418611	
19.91372	260.008952	260.019152	258.03673	257.418611	
19.92383	260.008952	260.019152	258.03673	257.418611	
19.93397	260.008952	260.019152	258.03673	257.418611	
19.94411	260.008952	260.019152	258.03673	257.418611	
19.95422	260.008952	260.019152	258.03673	257.418611	
19.96433	260.008952	260.019152	258.03673	257.418611	
19.97452	260.008952	260.019152	258.03673	257.418611	
19.98511	260.008952	260.019152	258.03673	257.418611	
19.9948	260.008952	260.019152	258.03673	257.418611	
20.00494	260.008952	260.019152	258.03673	257.418611	
20.01505	260.008952	260.019152	258.03673	257.418611	
20.02515	260.008952	260.019152	258.03673	257.418611	
20.03539	260.008952	260.019152	258.03673	257.418611	
20.04543	260.008952	260.019152	258.03673	257.418611	
20.05562	260.008952	260.019152	258.03673	257.418611	
20.06569	260.008952	260.019152	258.03673	257.418611	
20.07579	260.008952	260.019152	258.03673	257.418611	
20.08633	260.008952	260.019152	258.03673	257.418611	
20.09618	260.008952	260.019152	258.03673	257.418611	
20.10633	260.008952	260.019152	258.03673	257.418611	
20.11649	260.008952	260.019152	258.03673	257.418611	
20.12658	260.008952	260.019152	258.03673	257.418611	
20.13676	260.008952	260.019152	258.03673	257.418611	
20.14688	260.008952	260.019152	258.03673	257.418611	
20.15705	260.008952	260.019152	258.03673	257.418611	
20.16717	260.008952	260.019152	258.03673	257.418611	
20.17729	260.008952	260.019152	258.03673	257.418611	
20.18744	260.008952	260.019152	258.03673	257.418611	
20.19783	260.008952	260.019152	258.03673	257.418611	
20.20781	260.008952	260.019152	258.03673	257.418611	
20.21789	260.008952	260.019152	258.03673	257.418611	
20.228	260.008952	260.019152	258.03673	257.418611	
20.2382	260.008952	260.019152	258.03673	257.418611	
20.24831	260.008952	260.019152	258.03673	257.418611	
20.25843	260.008952	260.019152	258.03673	257.418611	
20.2686	260.008952	260.019152	258.03673	257.418611	
20.27898	260.008952	260.019152	258.03673	257.418611	
20.28889	260.008952	260.019152	258.03673	257.418611	
20.29938	260.008952	260.019152	258.03673	257.418611	
20.30916	260.008952	260.019152	258.03673	257.418611	
20.31932	260.008952	260.019152	258.03673	257.418611	
20.3294	260.008952	260.019152	258.03673	257.418611	
20.33953	260.008952	260.019152	258.03673	257.418611	
20.35966	260.008952	260.019152	258.03673	257.418611	
20.364	260.008952	260.019152	258.03673	257.418611	
20.37417	260.008952	260.019152	258.03673	257.418611	
20.38431	260.008952	260.019152	258.03673	257.418611	
20.39514	260.008952	260.019152	258.03673	257.418611	
20.40466	260.008952	260.019152	258.03673	257.418611	
20.41471	260.008952	260.019152	258.03673	257.418611	
20.42486	260.008952	260.019152	258.03673	257.418611	
20.43528	260.008952	260.019152	258.03673	257.418611	
20.44508	260.008952	260.019152	258.03673	257.418611	
20.45521	260.008952	260.019152	258.03673	257.418611	
20.46534	260.008952	260.019152	258.03673	257.418611	
20.47543	260.008952	260.019152	258.03673	257.418611	
20.48561	260.008952	260.019152	258.03673	257.418611	
20.49704	260.008952	260.019152	258.03673	257.418611	
20.50587	260.008952	260.019152	258.03673	257.418611	
20.51604	260.008952	260.019152	258.03673	257.418611	
20.52619	260.008952	260.019152	258.03673	257.418611	
20.53626	260.008952	260.019152	258.03673	257.418611	
20.54662	260.008952	260.019152	258.03673	257.418611	
20.55674	260.008952	260.019152	258.03673	257.418611	
20.56691	260.008952	260.019152	258.03673	257.418611	
20.57704	260.008952	260.019152	258.03673	257.418611	
20.58746	260.008952	260.019152	258.03673	257.418611	
20.59839	260.008952	260.019152	258.03673	257.418611	
20.60752	260.008952	260.019152	258.03673	257.418611	
20.61755	260.008952	260.019152	258.03673	257.418611	
20.63771	260.008952	260.019152	258.03673	257.418611	
20.64204	260.008952	260.019152	258.03673	257.418611	
20.65223	260.008952	260.019152	258.03673	257.418611	
20.66238	260.008952	260.019152	258.03673	257.418611	
20.67247	260.008952	260.019152	258.03673	257.418611	
20.68261	260.008952	260.019152	258.03673	257.418611	
20.69273	260.008952	260.019152	258.03673	257.418611	
20.70329	260.008952	260.019152	258.03673	257.418611	
20.71333	260.008952	260.019152	258.03673	257.418611	
20.72324	260.008952	260.019152	258.03673	257.418611	
20.73331	260.008952	260.019152	258.03673	257.418611	
20.74374	260.008952	260.019152	258.03673	257.418611	
20.75354	260.008952	260.019152	258.03673	257.418611	
20.76386	260.008952	260.019152	258.03673	257.418611	
20.77398	260.008952	260.019152	258.03673	257.418611	
20.78411	260.008952	260.019152	258.03673	257.418611	
20.79426	260.008952	260.019152	258.03673	257.418611	
20.80473	260.008952	260.019152	258.03673	257.418611	
20.81467	260.008952	260.019152	258.03673	257.418611	
20.82474	260.008952	260.019152	258.03673	257.418611	
20.83485	260.008952	260.019152	258.03673	257.418611	
20.84537	260.008952	260.019152	258.03673	257.418611	
20.85508	260.008952	260.019152	258.03673	257.418611	
20.86524	260.008952	260.019152	258.03673	257.418611	
20.87533	260.008952	260.019152	258.03673	257.418611	
20.88541	260.008952	260.019152	258.03673	257.418611	
20.89567	260.008952	260.019152	258.03673	257.418611	
20.90577	260.008952	260.019152	258.03673	257.418611	
20.91591	260.008952	260.019152	258.03673	257.418611	
20.92607	260.008952	260.019152	258.03673	257.418611	
20.93613	260.008952	260.019152	258.03673	257.418611	
20.94659	260.008952	260.019152	258.03673	257.418611	
20.95661	260.008952	260.019152	258.03673	257.418611	
20.96677	260.008952	260.019152	258.03673	257.418611	
20.97687	260.008952	260.019152	258.03673	257.418611	
20.987	260.008952	260.019152	258.03673	257.418611	
20.9975	260.008952	260.019152	258.03673	257.418611	
21.00778	260.008952	260.019152	258.03673	257.418611	
21.01779	260.008952	260.019152	258.03673	257.418611	
21.02792	260.008952	260.019152	258.03673	257.418611	
21.03804	260.008952	260.019152	258.03673	257.418611	
21.04822	260.008952	260.019152	258.03673	257.418611	
21.05833	260.008952	260.019152	258.03673	257.418611	
21.06847	260.008952	260.019152	258.03673	257.418611	
21.07861	260.008952	260.019152	258.03673	257.418611	
21.08871	260.008952	260.019152	258.03673	257.418611	
21.09889	260.008952	260.019152	258.03673	257.418611	
21.10912	260.008952	260.019152	258.03673	257.418611	
21.11921	260.008952	260.019152	258.03673	257.418611	
21.12932	260.008952	260.019152	258.03673	257.418611	
21.13941	260.008952	260.019152	258.03673	257.418611	
21.14959	260.008952	260.019152	258.03673	257.418611	
21.15979	260.008952	260.019152	258.03673	257.418611	
21.16985	260.008952	260.019152	258.03673	257.418611	
21.17995	260.008952	260.019152	258.03673	257.418611	
21.19007	260.008952	260.019152	258.03673	257.418611	
21.20033	260.008952	260.019152	258.03673	257.418611	
21.21042	260.008952	260.019152	258.03673	257.418611	
21.22091	260.008952	260.019152	258.03673	257.418611	
21.23068	260.008952	260.019152	258.03673	257.418611	
21.24081	260.008952	260.019152	258.03673	257.418611	
21.2509	260.008952	260.019152	258.03673	257.418611	
21.26128	260.008952	260.019152	258.03673	257.418611	
21.27123	260.008952	260.019152	258.03673	257.418611	
21.28135	260.008952	260.019152	258.03673	257.418611	
21.29147	260.008952	260.019152	258.03673	257.418611	
21.30159	260.008952	260.019152	258.03673	257.418611	
21.31197	260.008952	260.019152	258.03673	257.418611	
21.3219	260.008952	260.019152	258.03673	257.418611	
21.33203	260.008952	260.019152	258.03673	257.418611	
21.34213	260.008952	260.019152	258.03673	257.418611	
21.36217	260.008952	260.019152	258.03673	257.418611	
21.36656	260.008952	260.019152	258.03673	257.418611	
21.37666	260.008952	260.019152	258.03673	257.418611	
21.38682	260.008952	260.019152	258.03673	257.418611	
21.39693	260.008952	260.019152	258.03673	257.418611	
21.40826	260.008952	260.019152	258.03673	257.418611	
21.41734	260.008952	260.019152	258.03673	257.418611	
21.42744	260.008952	260.019152	258.03673	257.418611	
21.43758	260.008952	260.019152	258.03673	257.418611	
21.44775	260.008952	260.019152	258.03673	257.418611	
21.45784	260.008952	260.019152	258.03673	257.418611	
21.46799	260.008952	260.019152	258.03673	257.418611	
21.47812	260.008952	260.019152	258.03673	257.418611	
21.48827	260.008952	260.019152	258.03673	257.418611	
21.49836	260.008952	260.019152	258.03673	257.418611	
21.50967	260.008952	260.019152	258.03673	257.418611	
21.51869	260.008952	260.019152	258.03673	257.418611	
21.52882	260.008952	260.019152	258.03673	257.418611	
21.53894	260.008952	260.019152	258.03673	257.418611	
21.54903	260.008952	260.019152	258.03673	257.418611	
21.55922	260.008952	260.019152	258.03673	257.418611	
21.56937	260.008952	260.019152	258.03673	257.418611	
21.57946	260.008952	260.019152	258.03673	257.418611	
21.5896	260.008952	260.019152	258.03673	257.418611	
21.59976	260.008952	260.019152	258.03673	257.418611	
21.61126	260.008952	260.019152	258.03673	257.418611	
21.62003	260.008952	260.019152	258.03673	257.418611	
21.63017	260.008952	260.019152	258.03673	257.418611	
21.64031	260.008952	260.019152	258.03673	257.418611	
21.6504	260.008952	260.019152	258.03673	257.418611	
21.66057	260.008952	260.019152	258.03673	257.418611	
21.67072	260.008952	260.019152	258.03673	257.418611	
21.68087	260.008952	260.019152	258.03673	257.418611	
21.69102	260.008952	260.019152	258.03673	257.418611	
21.70109	260.008952	260.019152	258.03673	257.418611	
21.71262	260.008952	260.019152	258.03673	257.418611	
21.72143	260.008952	260.019152	258.03673	257.418611	
21.73154	260.008952	260.019152	258.03673	257.418611	
21.74167	260.008952	260.019152	258.03673	257.418611	
21.75182	260.008952	260.019152	258.03673	257.418611	
21.76213	260.008952	260.019152	258.03673	257.418611	
21.77209	260.008952	260.019152	258.03673	257.418611	
21.78219	260.008952	260.019152	258.03673	257.418611	
21.79234	260.008952	260.019152	258.03673	257.418611	
21.80257	260.008952	260.019152	258.03673	257.418611	
21.81376	260.008952	260.019152	258.03673	257.418611	
21.82277	260.008952	260.019152	258.03673	257.418611	
21.83287	260.008952	260.019152	258.03673	257.418611	
21.84294	260.008952	260.019152	258.03673	257.418611	
21.85308	260.008952	260.019152	258.03673	257.418611	
21.86325	260.008952	260.019152	258.03673	257.418611	
21.8734	260.008952	260.019152	258.03673	257.418611	
21.88353	260.008952	260.019152	258.03673	257.418611	
21.89363	260.008952	260.019152	258.03673	257.418611	
21.90391	260.008952	260.019152	258.03673	257.418611	
21.91517	260.008952	260.019152	258.03673	257.418611	
21.92407	260.008952	260.019152	258.03673	257.418611	
21.93419	260.008952	260.019152	258.03673	257.418611	
21.94428	260.008952	260.019152	258.03673	257.418611	
21.95441	260.008952	260.019152	258.03673	257.418611	
21.97242	260.008952	260.019152	258.03673	257.418611	
21.97674	260.008952	260.019152	258.03673	257.418611	
21.9869	260.008952	260.019152	258.03673	257.418611	
21.99699	260.008952	260.019152	258.03673	257.418611	
22.00717	260.008952	260.019152	258.03673	257.418611	
22.01774	260.008952	260.019152	258.03673	257.418611	
22.02785	260.008952	260.019152	258.03673	257.418611	
22.03797	260.008952	260.019152	258.03673	257.418611	
22.04815	260.008952	260.019152	258.03673	257.418611	
22.05821	260.008952	260.019152	258.03673	257.418611	
22.06838	260.008952	260.019152	258.03673	257.418611	
22.07856	260.008952	260.019152	258.03673	257.418611	
22.08862	260.008952	260.019152	258.03673	257.418611	
22.0988	260.008952	260.019152	258.03673	257.418611	
22.1089	260.008952	260.019152	258.03673	257.418611	
22.11943	260.008952	260.019152	258.03673	257.418611	
22.12935	260.008952	260.019152	258.03673	257.418611	
22.13943	260.008952	260.019152	258.03673	257.418611	
22.14957	260.008952	260.019152	258.03673	257.418611	
22.15975	260.008952	260.019152	258.03673	257.418611	
22.1699	260.008952	260.019152	258.03673	257.418611	
22.17994	260.008952	260.019152	258.03673	257.418611	
22.19011	260.008952	260.019152	258.03673	257.418611	
22.20026	260.008952	260.019152	258.03673	257.418611	
22.21034	260.008952	260.019152	258.03673	257.418611	
22.22057	260.008952	260.019152	258.03673	257.418611	
22.23072	260.008952	260.019152	258.03673	257.418611	
22.24085	260.008952	260.019152	258.03673	257.418611	
22.25096	260.008952	260.019152	258.03673	257.418611	
22.26127	260.008952	260.019152	258.03673	257.418611	
22.27126	260.008952	260.019152	258.03673	257.418611	
22.2814	260.008952	260.019152	258.03673	257.418611	
22.29154	260.008952	260.019152	258.03673	257.418611	
22.30166	260.008952	260.019152	258.03673	257.418611	
22.31183	260.008952	260.019152	258.03673	257.418611	
22.32199	260.008952	260.019152	258.03673	257.418611	
22.33215	260.008952	260.019152	258.03673	257.418611	
22.34222	260.008952	260.019152	258.03673	257.418611	
22.36257	260.008952	260.019152	258.03673	257.418611	
22.36694	260.008952	260.019152	258.03673	257.418611	
22.37724	260.008952	260.019152	258.03673	257.418611	
22.38735	260.008952	260.019152	258.03673	257.418611	
22.39751	260.008952	260.019152	258.03673	257.418611	
22.40762	260.008952	260.019152	258.03673	257.418611	
22.41845	260.008952	260.019152	258.03673	257.418611	
22.42806	260.008952	260.019152	258.03673	257.418611	
22.43805	260.008952	260.019152	258.03673	257.418611	
22.44822	260.008952	260.019152	258.03673	257.418611	
22.45827	260.008952	260.019152	258.03673	257.418611	
22.46846	260.008952	260.019152	258.03673	257.418611	
22.4786	260.008952	260.019152	258.03673	257.418611	
22.48873	260.008952	260.019152	258.03673	257.418611	
22.49885	260.008952	260.019152	258.03673	257.418611	
22.50895	260.008952	260.019152	258.03673	257.418611	
22.51968	260.008952	260.019152	258.03673	257.418611	
22.52942	260.008952	260.019152	258.03673	257.418611	
22.53946	260.008952	260.019152	258.03673	257.418611	
22.54958	260.008952	260.019152	258.03673	257.418611	
22.55975	260.008952	260.019152	258.03673	257.418611	
22.56987	260.008952	260.019152	258.03673	257.418611	
22.57995	260.008952	260.019152	258.03673	257.418611	
22.59008	260.008952	260.019152	258.03673	257.418611	
22.60024	260.008952	260.019152	258.03673	257.418611	
22.61033	260.008952	260.019152	258.03673	257.418611	
22.6209	260.008952	260.019152	258.03673	257.418611	
22.64063	260.008952	260.019152	258.03673	257.418611	
22.645	260.008952	260.019152	258.03673	257.418611	
22.6551	260.008952	260.019152	258.03673	257.418611	
22.66542	260.008952	260.019152	258.03673	257.418611	
22.67538	260.008952	260.019152	258.03673	257.418611	
22.68551	260.008952	260.019152	258.03673	257.418611	
22.69563	260.008952	260.019152	258.03673	257.418611	
22.70572	260.008952	260.019152	258.03673	257.418611	
22.71587	260.008952	260.019152	258.03673	257.418611	
22.72627	260.008952	260.019152	258.03673	257.418611	
22.73646	260.008952	260.019152	258.03673	257.418611	
22.74655	260.008952	260.019152	258.03673	257.418611	
22.75666	260.008952	260.019152	258.03673	257.418611	
22.76686	260.008952	260.019152	258.03673	257.418611	
22.77694	260.008952	260.019152	258.03673	257.418611	
22.78711	260.008952	260.019152	258.03673	257.418611	
22.79727	260.008952	260.019152	258.03673	257.418611	
22.80734	260.008952	260.019152	258.03673	257.418611	
22.8175	260.008952	260.019152	258.03673	257.418611	
22.82769	260.008952	260.019152	258.03673	257.418611	
22.83784	260.008952	260.019152	258.03673	257.418611	
22.848	260.008952	260.019152	258.03673	257.418611	
22.85808	260.008952	260.019152	258.03673	257.418611	
22.86818	260.008952	260.019152	258.03673	257.418611	
22.8784	260.008952	260.019152	258.03673	257.418611	
22.88851	260.008952	260.019152	258.03673	257.418611	
22.89864	260.008952	260.019152	258.03673	257.418611	
22.90877	260.008952	260.019152	258.03673	257.418611	
22.91888	260.008952	260.019152	258.03673	257.418611	
22.92911	260.008952	260.019152	258.03673	257.418611	
22.93944	260.008952	260.019152	258.03673	257.418611	
22.9494	260.008952	260.019152	258.03673	257.418611	
22.95951	260.008952	260.019152	258.03673	257.418611	
22.96961	260.008952	260.019152	258.03673	257.418611	
22.97992	260.008952	260.019152	258.03673	257.418611	
22.98992	260.008952	260.019152	258.03673	257.418611	
23.00009	260.008952	260.019152	258.03673	257.418611	
23.01017	260.008952	260.019152	258.03673	257.418611	
23.02026	260.008952	260.019152	258.03673	257.418611	
23.03054	260.008952	260.019152	258.03673	257.418611	
23.04067	260.008952	260.019152	258.03673	257.418611	
23.05076	260.008952	260.019152	258.03673	257.418611	
23.06089	260.008952	260.019152	258.03673	257.418611	
23.07099	260.008952	260.019152	258.03673	257.418611	
23.08118	260.008952	260.019152	258.03673	257.418611	
23.09125	260.008952	260.019152	258.03673	257.418611	
23.10144	260.008952	260.019152	258.03673	257.418611	
23.11155	260.008952	260.019152	258.03673	257.418611	
23.12165	260.008952	260.019152	258.03673	257.418611	
23.13188	260.008952	260.019152	258.03673	257.418611	
23.14204	260.008952	260.019152	258.03673	257.418611	
23.15224	260.008952	260.019152	258.03673	257.418611	
23.16229	260.008952	260.019152	258.03673	257.418611	
23.17247	260.008952	260.019152	258.03673	257.418611	
23.18255	260.008952	260.019152	258.03673	257.418611	
23.19269	260.008952	260.019152	258.03673	257.418611	
23.20281	260.008952	260.019152	258.03673	257.418611	
23.21291	260.008952	260.019152	258.03673	257.418611	
23.22301	260.008952	260.019152	258.03673	257.418611	
23.23328	260.008952	260.019152	258.03673	257.418611	
23.24344	260.008952	260.019152	258.03673	257.418611	
23.25352	260.008952	260.019152	258.03673	257.418611	
23.26381	260.008952	260.019152	258.03673	257.418611	
23.27392	260.008952	260.019152	258.03673	257.418611	
23.28388	260.008952	260.019152	258.03673	257.418611	
23.29402	260.008952	260.019152	258.03673	257.418611	
23.3042	260.008952	260.019152	258.03673	257.418611	
23.31424	260.008952	260.019152	258.03673	257.418611	
23.32439	260.008952	260.019152	258.03673	257.418611	
23.33467	260.008952	260.019152	258.03673	257.418611	
23.34474	260.008952	260.019152	258.03673	257.418611	
23.35698	260.008952	260.019152	258.03673	257.418611	
23.36494	260.008952	260.019152	258.03673	257.418611	
23.37544	260.008952	260.019152	258.03673	257.418611	
23.38522	260.008952	260.019152	258.03673	257.418611	
23.39534	260.008952	260.019152	258.03673	257.418611	
23.4055	260.008952	260.019152	258.03673	257.418611	
23.41556	260.008952	260.019152	258.03673	257.418611	
23.42572	260.008952	260.019152	258.03673	257.418611	
23.4359	260.008952	260.019152	258.03673	257.418611	
23.45396	260.008952	260.019152	258.03673	257.418611	
23.45833	260.008952	260.019152	258.03673	257.418611	
23.46844	260.008952	260.019152	258.03673	257.418611	
23.47863	260.008952	260.019152	258.03673	257.418611	
23.48875	260.008952	260.019152	258.03673	257.418611	
23.49888	260.008952	260.019152	258.03673	257.418611	
23.50901	260.008952	260.019152	258.03673	257.418611	
23.51913	260.008952	260.019152	258.03673	257.418611	
23.52933	260.008952	260.019152	258.03673	257.418611	
23.53979	260.008952	260.019152	258.03673	257.418611	
23.54958	260.008952	260.019152	258.03673	257.418611	
23.55978	260.008952	260.019152	258.03673	257.418611	
23.56983	260.008952	260.019152	258.03673	257.418611	
23.57996	260.008952	260.019152	258.03673	257.418611	
23.59008	260.008952	260.019152	258.03673	257.418611	
23.60029	260.008952	260.019152	258.03673	257.418611	
23.61036	260.008952	260.019152	258.03673	257.418611	
23.62045	260.008952	260.019152	258.03673	257.418611	
23.63066	260.008952	260.019152	258.03673	257.418611	
23.64116	260.008952	260.019152	258.03673	257.418611	
23.65093	260.008952	260.019152	258.03673	257.418611	
23.66109	260.008952	260.019152	258.03673	257.418611	
23.67122	260.008952	260.019152	258.03673	257.418611	
23.68138	260.008952	260.019152	258.03673	257.418611	
23.69149	260.008952	260.019152	258.03673	257.418611	
23.70162	260.008952	260.019152	258.03673	257.418611	
23.71222	260.008952	260.019152	258.03673	257.418611	
23.72189	260.008952	260.019152	258.03673	257.418611	
23.73198	260.008952	260.019152	258.03673	257.418611	
23.74255	260.008952	260.019152	258.03673	257.418611	
23.75238	260.008952	260.019152	258.03673	257.418611	
23.76245	260.008952	260.019152	258.03673	257.418611	
23.7726	260.008952	260.019152	258.03673	257.418611	
23.78271	260.008952	260.019152	258.03673	257.418611	
23.79287	260.008952	260.019152	258.03673	257.418611	
23.80297	260.008952	260.019152	258.03673	257.418611	
23.81309	260.008952	260.019152	258.03673	257.418611	
23.82322	260.008952	260.019152	258.03673	257.418611	
23.83369	260.008952	260.019152	258.03673	257.418611	
23.8435	260.008952	260.019152	258.03673	257.418611	
23.85359	260.008952	260.019152	258.03673	257.418611	
23.86391	260.008952	260.019152	258.03673	257.418611	
23.87386	260.008952	260.019152	258.03673	257.418611	
23.884	260.008952	260.019152	258.03673	257.418611	
23.89412	260.008952	260.019152	258.03673	257.418611	
23.91254	260.008952	260.019152	258.03673	257.418611	
23.9169	260.008952	260.019152	258.03673	257.418611	
23.927	260.008952	260.019152	258.03673	257.418611	
23.9382	260.008952	260.019152	258.03673	257.418611	
23.94737	260.008952	260.019152	258.03673	257.418611	
23.95747	260.008952	260.019152	258.03673	257.418611	
23.96759	260.008952	260.019152	258.03673	257.418611	
23.9777	260.008952	260.019152	258.03673	257.418611	
23.98785	260.008952	260.019152	258.03673	257.418611	
23.99798	260.008952	260.019152	258.03673	257.418611	
24.00815	260.008952	260.019152	258.03673	257.418611	
24.02023	260.008952	260.019152	258.03673	257.418611	
24.03031	260.008952	260.019152	258.03673	257.418611	
24.041	260.008952	260.019152	258.03673	257.418611	
24.05057	260.008952	260.019152	258.03673	257.418611	
24.06075	260.008952	260.019152	258.03673	257.418611	
24.07092	260.008952	260.019152	258.03673	257.418611	
24.08101	260.008952	260.019152	258.03673	257.418611	
24.09114	260.008952	260.019152	258.03673	257.418611	
24.10131	260.008952	260.019152	258.03673	257.418611	
24.11144	260.008952	260.019152	258.03673	257.418611	
24.1216	260.008952	260.019152	258.03673	257.418611	
24.13168	260.008952	260.019152	258.03673	257.418611	
24.14234	260.008952	260.019152	258.03673	257.418611	
24.15212	260.008952	260.019152	258.03673	257.418611	
24.16215	260.008952	260.019152	258.03673	257.418611	
24.17233	260.008952	260.019152	258.03673	257.418611	
24.1825	260.008952	260.019152	258.03673	257.418611	
24.19259	260.008952	260.019152	258.03673	257.418611	
24.20269	260.008952	260.019152	258.03673	257.418611	
24.21281	260.008952	260.019152	258.03673	257.418611	
24.22296	260.008952	260.019152	258.03673	257.418611	
24.23304	260.008952	260.019152	258.03673	257.418611	
24.24363	260.008952	260.019152	258.03673	257.418611	
24.25347	260.008952	260.019152	258.03673	257.418611	
24.26367	260.008952	260.019152	258.03673	257.418611	
24.27392	260.008952	260.019152	258.03673	257.418611	
24.28404	260.008952	260.019152	258.03673	257.418611	
24.29417	260.008952	260.019152	258.03673	257.418611	
24.30431	260.008952	260.019152	258.03673	257.418611	
24.31441	260.008952	260.019152	258.03673	257.418611	
24.32458	260.008952	260.019152	258.03673	257.418611	
24.33511	260.008952	260.019152	258.03673	257.418611	
24.35451	260.008952	260.019152	258.03673	257.418611	
24.36073	260.008952	260.019152	258.03673	257.418611	
24.37083	260.008952	260.019152	258.03673	257.418611	
24.38098	260.008952	260.019152	258.03673	257.418611	
24.39111	260.008952	260.019152	258.03673	257.418611	
24.40126	260.008952	260.019152	258.03673	257.418611	
24.41138	260.008952	260.019152	258.03673	257.418611	
24.42155	260.008952	260.019152	258.03673	257.418611	
24.43162	260.008952	260.019152	258.03673	257.418611	
24.44179	260.008952	260.019152	258.03673	257.418611	
24.45199	260.008952	260.019152	258.03673	257.418611	
24.4621	260.008952	260.019152	258.03673	257.418611	
24.47226	260.008952	260.019152	258.03673	257.418611	
24.48237	260.008952	260.019152	258.03673	257.418611	
24.49256	260.008952	260.019152	258.03673	257.418611	
24.50263	260.008952	260.019152	258.03673	257.418611	
24.51275	260.008952	260.019152	258.03673	257.418611	
24.52287	260.008952	260.019152	258.03673	257.418611	
24.53299	260.008952	260.019152	258.03673	257.418611	
24.54309	260.008952	260.019152	258.03673	257.418611	
24.55333	260.008952	260.019152	258.03673	257.418611	
24.56342	260.008952	260.019152	258.03673	257.418611	
24.57352	260.008952	260.019152	258.03673	257.418611	
24.58367	260.008952	260.019152	258.03673	257.418611	
24.5939	260.008952	260.019152	258.03673	257.418611	
24.60391	260.008952	260.019152	258.03673	257.418611	
24.61402	260.008952	260.019152	258.03673	257.418611	
24.62549	260.008952	260.019152	258.03673	257.418611	
24.63461	260.008952	260.019152	258.03673	257.418611	
24.64581	260.008952	260.019152	258.03673	257.418611	
24.65523	260.008952	260.019152	258.03673	257.418611	
24.66496	260.008952	260.019152	258.03673	257.418611	
24.67509	260.008952	260.019152	258.03673	257.418611	
24.6852	260.008952	260.019152	258.03673	257.418611	
24.69541	260.008952	260.019152	258.03673	257.418611	
24.70557	260.008952	260.019152	258.03673	257.418611	
24.71562	260.008952	260.019152	258.03673	257.418611	
24.72577	260.008952	260.019152	258.03673	257.418611	
24.7359	260.008952	260.019152	258.03673	257.418611	
24.75436	260.008952	260.019152	258.03673	257.418611	
24.75877	260.008952	260.019152	258.03673	257.418611	
24.76892	260.008952	260.019152	258.03673	257.418611	
24.779	260.008952	260.019152	258.03673	257.418611	
24.78913	260.008952	260.019152	258.03673	257.418611	
24.79929	260.008952	260.019152	258.03673	257.418611	
24.80948	260.008952	260.019152	258.03673	257.418611	
24.81956	260.008952	260.019152	258.03673	257.418611	
24.8297	260.008952	260.019152	258.03673	257.418611	
24.83982	260.008952	260.019152	258.03673	257.418611	
24.85109	260.008952	260.019152	258.03673	257.418611	
24.86013	260.008952	260.019152	258.03673	257.418611	
24.87025	260.008952	260.019152	258.03673	257.418611	
24.88043	260.008952	260.019152	258.03673	257.418611	
24.8905	260.008952	260.019152	258.03673	257.418611	
24.90066	260.008952	260.019152	258.03673	257.418611	
24.91084	260.008952	260.019152	258.03673	257.418611	
24.92093	260.008952	260.019152	258.03673	257.418611	
24.93106	260.008952	260.019152	258.03673	257.418611	
24.94115	260.008952	260.019152	258.03673	257.418611	
24.95249	260.008952	260.019152	258.03673	257.418611	
24.96159	260.008952	260.019152	258.03673	257.418611	
24.97162	260.008952	260.019152	258.03673	257.418611	
24.98173	260.008952	260.019152	258.03673	257.418611	
24.99191	260.008952	260.019152	258.03673	257.418611	
25.00211	260.008952	260.019152	258.03673	257.418611	
25.01218	260.008952	260.019152	258.03673	257.418611	
25.02232	260.008952	260.019152	258.03673	257.418611	
25.03248	260.008952	260.019152	258.03673	257.418611	
25.04257	260.008952	260.019152	258.03673	257.418611	
25.05378	260.008952	260.019152	258.03673	257.418611	
25.06288	260.008952	260.019152	258.03673	257.418611	
25.07299	260.008952	260.019152	258.03673	257.418611	
25.08308	260.008952	260.019152	258.03673	257.418611	
25.09368	260.008952	260.019152	258.03673	257.418611	
25.10344	260.008952	260.019152	258.03673	257.418611	
25.11356	260.008952	260.019152	258.03673	257.418611	
25.12362	260.008952	260.019152	258.03673	257.418611	
25.13372	260.008952	260.019152	258.03673	257.418611	
25.14393	260.008952	260.019152	258.03673	257.418611	
25.1552	260.008952	260.019152	258.03673	257.418611	
25.16417	260.008952	260.019152	258.03673	257.418611	
25.17428	260.008952	260.019152	258.03673	257.418611	
25.18441	260.008952	260.019152	258.03673	257.418611	
25.20286	260.008952	260.019152	258.03673	257.418611	
25.20723	260.008952	260.019152	258.03673	257.418611	
25.21738	260.008952	260.019152	258.03673	257.418611	
25.2275	260.008952	260.019152	258.03673	257.418611	
25.23764	260.008952	260.019152	258.03673	257.418611	
25.24777	260.008952	260.019152	258.03673	257.418611	
25.25795	260.008952	260.019152	258.03673	257.418611	
25.26813	260.008952	260.019152	258.03673	257.418611	
25.27824	260.008952	260.019152	258.03673	257.418611	
25.28841	260.008952	260.019152	258.03673	257.418611	
25.29851	260.008952	260.019152	258.03673	257.418611	
25.30863	260.008952	260.019152	258.03673	257.418611	
25.31882	260.008952	260.019152	258.03673	257.418611	
25.32893	260.008952	260.019152	258.03673	257.418611	
25.33902	260.008952	260.019152	258.03673	257.418611	
25.34913	260.008952	260.019152	258.03673	257.418611	
25.36157	260.008952	260.019152	258.03673	257.418611	
25.37741	260.008952	260.019152	258.03673	257.418611	
25.38172	260.008952	260.019152	258.03673	257.418611	
25.39186	260.008952	260.019152	258.03673	257.418611	
25.40202	260.008952	260.019152	258.03673	257.418611	
25.41219	260.008952	260.019152	258.03673	257.418611	
25.42231	260.008952	260.019152	258.03673	257.418611	
25.43248	260.008952	260.019152	258.03673	257.418611	
25.44256	260.008952	260.019152	258.03673	257.418611	
25.45265	260.008952	260.019152	258.03673	257.418611	
25.46293	260.008952	260.019152	258.03673	257.418611	
25.47301	260.008952	260.019152	258.03673	257.418611	
25.48316	260.008952	260.019152	258.03673	257.418611	
25.49325	260.008952	260.019152	258.03673	257.418611	
25.50384	260.008952	260.019152	258.03673	257.418611	
25.5136	260.008952	260.019152	258.03673	257.418611	
25.52368	260.008952	260.019152	258.03673	257.418611	
25.5338	260.008952	260.019152	258.03673	257.418611	
25.54394	260.008952	260.019152	258.03673	257.418611	
25.55405	260.008952	260.019152	258.03673	257.418611	
25.56425	260.008952	260.019152	258.03673	257.418611	
25.57433	260.008952	260.019152	258.03673	257.418611	
25.58459	260.008952	260.019152	258.03673	257.418611	
25.60255	260.008952	260.019152	258.03673	257.418611	
25.60694	260.008952	260.019152	258.03673	257.418611	
25.61707	260.008952	260.019152	258.03673	257.418611	
25.62721	260.008952	260.019152	258.03673	257.418611	
25.63734	260.008952	260.019152	258.03673	257.418611	
25.64748	260.008952	260.019152	258.03673	257.418611	
25.65847	260.008952	260.019152	258.03673	257.418611	
25.66821	260.008952	260.019152	258.03673	257.418611	
25.67794	260.008952	260.019152	258.03673	257.418611	
25.68817	260.008952	260.019152	258.03673	257.418611	
25.69819	260.008952	260.019152	258.03673	257.418611	
25.70837	260.008952	260.019152	258.03673	257.418611	
25.71852	260.008952	260.019152	258.03673	257.418611	
25.72866	260.008952	260.019152	258.03673	257.418611	
25.73879	260.008952	260.019152	258.03673	257.418611	
25.74888	260.008952	260.019152	258.03673	257.418611	
25.75969	260.008952	260.019152	258.03673	257.418611	
25.76941	260.008952	260.019152	258.03673	257.418611	
25.77944	260.008952	260.019152	258.03673	257.418611	
25.78961	260.008952	260.019152	258.03673	257.418611	
25.79972	260.008952	260.019152	258.03673	257.418611	
25.81	260.008952	260.019152	258.03673	257.418611	
25.82013	260.008952	260.019152	258.03673	257.418611	
25.83026	260.008952	260.019152	258.03673	257.418611	
25.84039	260.008952	260.019152	258.03673	257.418611	
25.85048	260.008952	260.019152	258.03673	257.418611	
25.86092	260.008952	260.019152	258.03673	257.418611	
25.87088	260.008952	260.019152	258.03673	257.418611	
25.88094	260.008952	260.019152	258.03673	257.418611	
25.89106	260.008952	260.019152	258.03673	257.418611	
25.90116	260.008952	260.019152	258.03673	257.418611	
25.91137	260.008952	260.019152	258.03673	257.418611	
25.92149	260.008952	260.019152	258.03673	257.418611	
25.9316	260.008952	260.019152	258.03673	257.418611	
25.94175	260.008952	260.019152	258.03673	257.418611	
25.95182	260.008952	260.019152	258.03673	257.418611	
25.9622	260.008952	260.019152	258.03673	257.418611	
25.97219	260.008952	260.019152	258.03673	257.418611	
25.98223	260.008952	260.019152	258.03673	257.418611	
25.99246	260.008952	260.019152	258.03673	257.418611	
26.00259	260.008952	260.019152	258.03673	257.418611	
26.01267	260.008952	260.019152	258.03673	257.418611	
26.02278	260.008952	260.019152	258.03673	257.418611	
26.0329	260.008952	260.019152	258.03673	257.418611	
26.04303	260.008952	260.019152	258.03673	257.418611	
26.05316	260.008952	260.019152	258.03673	257.418611	
26.06345	260.008952	260.019152	258.03673	257.418611	
26.07347	260.008952	260.019152	258.03673	257.418611	
26.08354	260.008952	260.019152	258.03673	257.418611	
26.09365	260.008952	260.019152	258.03673	257.418611	
26.10378	260.008952	260.019152	258.03673	257.418611	
26.11394	260.008952	260.019152	258.03673	257.418611	
26.12403	260.008952	260.019152	258.03673	257.418611	
26.13416	260.008952	260.019152	258.03673	257.418611	
26.14434	260.008952	260.019152	258.03673	257.418611	
26.15439	260.008952	260.019152	258.03673	257.418611	
26.17297	260.008952	260.019152	258.03673	257.418611	
26.17734	260.008952	260.019152	258.03673	257.418611	
26.18749	260.008952	260.019152	258.03673	257.418611	
26.19765	260.008952	260.019152	258.03673	257.418611	
26.20775	260.008952	260.019152	258.03673	257.418611	
26.21791	260.008952	260.019152	258.03673	257.418611	
26.22805	260.008952	260.019152	258.03673	257.418611	
26.23819	260.008952	260.019152	258.03673	257.418611	
26.24836	260.008952	260.019152	258.03673	257.418611	
26.25842	260.008952	260.019152	258.03673	257.418611	
26.27785	260.008952	260.019152	258.03673	257.418611	
26.28225	260.008952	260.019152	258.03673	257.418611	
26.29237	260.008952	260.019152	258.03673	257.418611	
26.30249	260.008952	260.019152	258.03673	257.418611	
26.31266	260.008952	260.019152	258.03673	257.418611	
26.32279	260.008952	260.019152	258.03673	257.418611	
26.33289	260.008952	260.019152	258.03673	257.418611	
26.34298	260.008952	260.019152	258.03673	257.418611	
26.35312	260.008952	260.019152	258.03673	257.418611	
26.37332	260.008952	260.019152	258.03673	257.418611	
26.37824	260.008952	260.019152	258.03673	257.418611	
26.38822	260.008952	260.019152	258.03673	257.418611	
26.3984	260.008952	260.019152	258.03673	257.418611	
26.40853	260.008952	260.019152	258.03673	257.418611	
26.41866	260.008952	260.019152	258.03673	257.418611	
26.42883	260.008952	260.019152	258.03673	257.418611	
26.43899	260.008952	260.019152	258.03673	257.418611	
26.44913	260.008952	260.019152	258.03673	257.418611	
26.45921	260.008952	260.019152	258.03673	257.418611	
26.46967	260.008952	260.019152	258.03673	257.418611	
26.47956	260.008952	260.019152	258.03673	257.418611	
26.48976	260.008952	260.019152	258.03673	257.418611	
26.49983	260.008952	260.019152	258.03673	257.418611	
26.50993	260.008952	260.019152	258.03673	257.418611	
26.52018	260.008952	260.019152	258.03673	257.418611	
26.53027	260.008952	260.019152	258.03673	257.418611	
26.54038	260.008952	260.019152	258.03673	257.418611	
26.55053	260.008952	260.019152	258.03673	257.418611	
26.56062	260.008952	260.019152	258.03673	257.418611	
26.57983	260.008952	260.019152	258.03673	257.418611	
26.58426	260.008952	260.019152	258.03673	257.418611	
26.59432	260.008952	260.019152	258.03673	257.418611	
26.60449	260.008952	260.019152	258.03673	257.418611	
26.62329	260.008952	260.019152	258.03673	257.418611	
26.64046	260.008952	260.019152	258.03673	257.418611	
26.6449	260.008952	260.019152	258.03673	257.418611	
26.65498	260.008952	260.019152	258.03673	257.418611	
26.66529	260.008952	260.019152	258.03673	257.418611	
26.67526	260.008952	260.019152	258.03673	257.418611	
26.6854	260.008952	260.019152	258.03673	257.418611	
26.69556	260.008952	260.019152	258.03673	257.418611	
26.70573	260.008952	260.019152	258.03673	257.418611	
26.71584	260.008952	260.019152	258.03673	257.418611	
26.72599	260.008952	260.019152	258.03673	257.418611	
26.73623	260.008952	260.019152	258.03673	257.418611	
26.74629	260.008952	260.019152	258.03673	257.418611	
26.75638	260.008952	260.019152	258.03673	257.418611	
26.76666	260.008952	260.019152	258.03673	257.418611	
26.77683	260.008952	260.019152	258.03673	257.418611	
26.787	260.008952	260.019152	258.03673	257.418611	
26.79711	260.008952	260.019152	258.03673	257.418611	
26.80723	260.008952	260.019152	258.03673	257.418611	
26.8174	260.008952	260.019152	258.03673	257.418611	
26.82752	260.008952	260.019152	258.03673	257.418611	
26.83768	260.008952	260.019152	258.03673	257.418611	
26.84779	260.008952	260.019152	258.03673	257.418611	
26.85789	260.008952	260.019152	258.03673	257.418611	
26.86805	260.008952	260.019152	258.03673	257.418611	
26.87823	260.008952	260.019152	258.03673	257.418611	
26.88844	260.008952	260.019152	258.03673	257.418611	
26.89851	260.008952	260.019152	258.03673	257.418611	
26.90865	260.008952	260.019152	258.03673	257.418611	
26.91878	260.008952	260.019152	258.03673	257.418611	
26.92893	260.008952	260.019152	258.03673	257.418611	
26.93907	260.008952	260.019152	258.03673	257.418611	
26.94921	260.008952	260.019152	258.03673	257.418611	
26.95935	260.008952	260.019152	258.03673	257.418611	
26.96945	260.008952	260.019152	258.03673	257.418611	
26.98004	260.008952	260.019152	258.03673	257.418611	
26.98982	260.008952	260.019152	258.03673	257.418611	
26.99991	260.008952	260.019152	258.03673	257.418611	
27.01003	260.008952	260.019152	258.03673	257.418611	
27.02013	260.008952	260.019152	258.03673	257.418611	
27.03032	260.008952	260.019152	258.03673	257.418611	
27.04051	260.008952	260.019152	258.03673	257.418611	
27.05059	260.008952	260.019152	258.03673	257.418611	
27.0607	260.008952	260.019152	258.03673	257.418611	
27.07084	260.008952	260.019152	258.03673	257.418611	
27.08103	260.008952	260.019152	258.03673	257.418611	
27.09114	260.008952	260.019152	258.03673	257.418611	
27.10129	260.008952	260.019152	258.03673	257.418611	
27.11143	260.008952	260.019152	258.03673	257.418611	
27.12154	260.008952	260.019152	258.03673	257.418611	
27.1317	260.008952	260.019152	258.03673	257.418611	
27.14187	260.008952	260.019152	258.03673	257.418611	
27.15197	260.008952	260.019152	258.03673	257.418611	
27.16212	260.008952	260.019152	258.03673	257.418611	
27.17243	260.008952	260.019152	258.03673	257.418611	
27.18237	260.008952	260.019152	258.03673	257.418611	
27.19263	260.008952	260.019152	258.03673	257.418611	
27.2027	260.008952	260.019152	258.03673	257.418611	
27.2128	260.008952	260.019152	258.03673	257.418611	
27.22291	260.008952	260.019152	258.03673	257.418611	
27.23307	260.008952	260.019152	258.03673	257.418611	
27.24334	260.008952	260.019152	258.03673	257.418611	
27.25331	260.008952	260.019152	258.03673	257.418611	
27.26343	260.008952	260.019152	258.03673	257.418611	
27.27389	260.008952	260.019152	258.03673	257.418611	
27.28373	260.008952	260.019152	258.03673	257.418611	
27.29389	260.008952	260.019152	258.03673	257.418611	
27.30398	260.008952	260.019152	258.03673	257.418611	
27.31409	260.008952	260.019152	258.03673	257.418611	
27.32424	260.008952	260.019152	258.03673	257.418611	
27.33434	260.008952	260.019152	258.03673	257.418611	
27.34461	260.008952	260.019152	258.03673	257.418611	
27.35468	260.008952	260.019152	258.03673	257.418611	
27.36668	260.008952	260.019152	258.03673	257.418611	
27.37521	260.008952	260.019152	258.03673	257.418611	
27.38506	260.008952	260.019152	258.03673	257.418611	
27.39518	260.008952	260.019152	258.03673	257.418611	
27.40532	260.008952	260.019152	258.03673	257.418611	
27.4154	260.008952	260.019152	258.03673	257.418611	
27.42558	260.008952	260.019152	258.03673	257.418611	
27.43568	260.008952	260.019152	258.03673	257.418611	
27.44587	260.008952	260.019152	258.03673	257.418611	
27.456	260.008952	260.019152	258.03673	257.418611	
27.46608	260.008952	260.019152	258.03673	257.418611	
27.47654	260.008952	260.019152	258.03673	257.418611	
27.48667	260.008952	260.019152	258.03673	257.418611	
27.49685	260.008952	260.019152	258.03673	257.418611	
27.50695	260.008952	260.019152	258.03673	257.418611	
27.51705	260.008952	260.019152	258.03673	257.418611	
27.5272	260.008952	260.019152	258.03673	257.418611	
27.53735	260.008952	260.019152	258.03673	257.418611	
27.54768	260.008952	260.019152	258.03673	257.418611	
27.55761	260.008952	260.019152	258.03673	257.418611	
27.56773	260.008952	260.019152	258.03673	257.418611	
27.57789	260.008952	260.019152	258.03673	257.418611	
27.58807	260.008952	260.019152	258.03673	257.418611	
27.59824	260.008952	260.019152	258.03673	257.418611	
27.60842	260.008952	260.019152	258.03673	257.418611	
27.61846	260.008952	260.019152	258.03673	257.418611	
27.62862	260.008952	260.019152	258.03673	257.418611	
27.63875	260.008952	260.019152	258.03673	257.418611	
27.64899	260.008952	260.019152	258.03673	257.418611	
27.65902	260.008952	260.019152	258.03673	257.418611	
27.66912	260.008952	260.019152	258.03673	257.418611	
27.67929	260.008952	260.019152	258.03673	257.418611	
27.68948	260.008952	260.019152	258.03673	257.418611	
27.69963	260.008952	260.019152	258.03673	257.418611	
27.70978	260.008952	260.019152	258.03673	257.418611	
27.71988	260.008952	260.019152	258.03673	257.418611	
27.72997	260.008952	260.019152	258.03673	257.418611	
27.74014	260.008952	260.019152	258.03673	257.418611	
27.75028	260.008952	260.019152	258.03673	257.418611	
27.76044	260.008952	260.019152	258.03673	257.418611	
27.77075	260.008952	260.019152	258.03673	257.418611	
27.78065	260.008952	260.019152	258.03673	257.418611	
27.7909	260.008952	260.019152	258.03673	257.418611	
27.80106	260.008952	260.019152	258.03673	257.418611	
27.81113	260.008952	260.019152	258.03673	257.418611	
27.82125	260.008952	260.019152	258.03673	257.418611	
27.83137	260.008952	260.019152	258.03673	257.418611	
27.8415	260.008952	260.019152	258.03673	257.418611	
27.85166	260.008952	260.019152	258.03673	257.418611	
27.86182	260.008952	260.019152	258.03673	257.418611	
27.87194	260.008952	260.019152	258.03673	257.418611	
27.88201	260.008952	260.019152	258.03673	257.418611	
27.89225	260.008952	260.019152	258.03673	257.418611	
27.90242	260.008952	260.019152	258.03673	257.418611	
27.91257	260.008952	260.019152	258.03673	257.418611	
27.92267	260.008952	260.019152	258.03673	257.418611	
27.93273	260.008952	260.019152	258.03673	257.418611	
27.94293	260.008952	260.019152	258.03673	257.418611	
27.95302	260.008952	260.019152	258.03673	257.418611	
27.96321	260.008952	260.019152	258.03673	257.418611	
27.97328	260.008952	260.019152	258.03673	257.418611	
27.98392	260.008952	260.019152	258.03673	257.418611	
27.99362	260.008952	260.019152	258.03673	257.418611	
28.00377	260.008952	260.019152	258.03673	257.418611	
28.0139	260.008952	260.019152	258.03673	257.418611	
28.02398	260.008952	260.019152	258.03673	257.418611	
28.03416	260.008952	260.019152	258.03673	257.418611	
28.04427	260.008952	260.019152	258.03673	257.418611	
28.0544	260.008952	260.019152	258.03673	257.418611	
28.06467	260.008952	260.019152	258.03673	257.418611	
28.07466	260.008952	260.019152	258.03673	257.418611	
28.08512	260.008952	260.019152	258.03673	257.418611	
28.09524	260.008952	260.019152	258.03673	257.418611	
28.10511	260.008952	260.019152	258.03673	257.418611	
28.11521	260.008952	260.019152	258.03673	257.418611	
28.1253	260.008952	260.019152	258.03673	257.418611	
28.13549	260.008952	260.019152	258.03673	257.418611	
28.14561	260.008952	260.019152	258.03673	257.418611	
28.15573	260.008952	260.019152	258.03673	257.418611	
28.16588	260.008952	260.019152	258.03673	257.418611	
28.17602	260.008952	260.019152	258.03673	257.418611	
28.1866	260.008952	260.019152	258.03673	257.418611	
28.19673	260.008952	260.019152	258.03673	257.418611	
28.20682	260.008952	260.019152	258.03673	257.418611	
28.21697	260.008952	260.019152	258.03673	257.418611	
28.22707	260.008952	260.019152	258.03673	257.418611	
28.23725	260.008952	260.019152	258.03673	257.418611	
28.2474	260.008952	260.019152	258.03673	257.418611	
28.25753	260.008952	260.019152	258.03673	257.418611	
28.2677	260.008952	260.019152	258.03673	257.418611	
28.27785	260.008952	260.019152	258.03673	257.418611	
28.28796	260.008952	260.019152	258.03673	257.418611	
28.29818	260.008952	260.019152	258.03673	257.418611	
28.30824	260.008952	260.019152	258.03673	257.418611	
28.31841	260.008952	260.019152	258.03673	257.418611	
28.32854	260.008952	260.019152	258.03673	257.418611	
28.33864	260.008952	260.019152	258.03673	257.418611	
28.3488	260.008952	260.019152	258.03673	257.418611	
28.35909	260.008952	260.019152	258.03673	257.418611	
28.37873	260.008952	260.019152	258.03673	257.418611	
28.38341	260.008952	260.019152	258.03673	257.418611	
28.39368	260.008952	260.019152	258.03673	257.418611	
28.40346	260.008952	260.019152	258.03673	257.418611	
28.41354	260.008952	260.019152	258.03673	257.418611	
28.42367	260.008952	260.019152	258.03673	257.418611	
28.43393	260.008952	260.019152	258.03673	257.418611	
28.44393	260.008952	260.019152	258.03673	257.418611	
28.45406	260.008952	260.019152	258.03673	257.418611	
28.4642	260.008952	260.019152	258.03673	257.418611	
28.47432	260.008952	260.019152	258.03673	257.418611	
28.49357	260.008952	260.019152	258.03673	257.418611	
28.49808	260.008952	260.019152	258.03673	257.418611	
28.50827	260.008952	260.019152	258.03673	257.418611	
28.51836	260.008952	260.019152	258.03673	257.418611	
28.52854	260.008952	260.019152	258.03673	257.418611	
28.53859	260.008952	260.019152	258.03673	257.418611	
28.54877	260.008952	260.019152	258.03673	257.418611	
28.5589	260.008952	260.019152	258.03673	257.418611	
28.5691	260.008952	260.019152	258.03673	257.418611	
28.57915	260.008952	260.019152	258.03673	257.418611	
28.58928	260.008952	260.019152	258.03673	257.418611	
28.5995	260.008952	260.019152	258.03673	257.418611	
28.60967	260.008952	260.019152	258.03673	257.418611	
28.61972	260.008952	260.019152	258.03673	257.418611	
28.63961	260.008952	260.019152	258.03673	257.418611	
28.64397	260.008952	260.019152	258.03673	257.418611	
28.6541	260.008952	260.019152	258.03673	257.418611	
28.66422	260.008952	260.019152	258.03673	257.418611	
28.6744	260.008952	260.019152	258.03673	257.418611	
28.68451	260.008952	260.019152	258.03673	257.418611	
28.70301	260.008952	260.019152	258.03673	257.418611	
28.70741	260.008952	260.019152	258.03673	257.418611	
28.71794	260.008952	260.019152	258.03673	257.418611	
28.72807	260.008952	260.019152	258.03673	257.418611	
28.73815	260.008952	260.019152	258.03673	257.418611	
28.74834	260.008952	260.019152	258.03673	257.418611	
28.75842	260.008952	260.019152	258.03673	257.418611	
28.76878	260.008952	260.019152	258.03673	257.418611	
28.77872	260.008952	260.019152	258.03673	257.418611	
28.78881	260.008952	260.019152	258.03673	257.418611	
28.80009	260.008952	260.019152	258.03673	257.418611	
28.80916	260.008952	260.019152	258.03673	257.418611	
28.81928	260.008952	260.019152	258.03673	257.418611	
28.82938	260.008952	260.019152	258.03673	257.418611	
28.8395	260.008952	260.019152	258.03673	257.418611	
28.84969	260.008952	260.019152	258.03673	257.418611	
28.85979	260.008952	260.019152	258.03673	257.418611	
28.86992	260.008952	260.019152	258.03673	257.418611	
28.88805	260.008952	260.019152	258.03673	257.418611	
28.89255	260.008952	260.019152	258.03673	257.418611	
28.90263	260.008952	260.019152	258.03673	257.418611	
28.91282	260.008952	260.019152	258.03673	257.418611	
28.92288	260.008952	260.019152	258.03673	257.418611	
28.93302	260.008952	260.019152	258.03673	257.418611	
28.94314	260.008952	260.019152	258.03673	257.418611	
28.95326	260.008952	260.019152	258.03673	257.418611	
28.96341	260.008952	260.019152	258.03673	257.418611	
28.97351	260.008952	260.019152	258.03673	257.418611	
28.98395	260.008952	260.019152	258.03673	257.418611	
28.99391	260.008952	260.019152	258.03673	257.418611	
29.00397	260.008952	260.019152	258.03673	257.418611	
29.01411	260.008952	260.019152	258.03673	257.418611	
29.0252	260.008952	260.019152	258.03673	257.418611	
29.03528	260.008952	260.019152	258.03673	257.418611	
29.04542	260.008952	260.019152	258.03673	257.418611	
29.05557	260.008952	260.019152	258.03673	257.418611	
29.06568	260.008952	260.019152	258.03673	257.418611	
29.07582	260.008952	260.019152	258.03673	257.418611	
29.08597	260.008952	260.019152	258.03673	257.418611	
29.10496	260.008952	260.019152	258.03673	257.418611	
29.1094	260.008952	260.019152	258.03673	257.418611	
29.1195	260.008952	260.019152	258.03673	257.418611	
29.12962	260.008952	260.019152	258.03673	257.418611	
29.13971	260.008952	260.019152	258.03673	257.418611	
29.14992	260.008952	260.019152	258.03673	257.418611	
29.16003	260.008952	260.019152	258.03673	257.418611	
29.17016	260.008952	260.019152	258.03673	257.418611	
29.18024	260.008952	260.019152	258.03673	257.418611	
29.1904	260.008952	260.019152	258.03673	257.418611	
29.20058	260.008952	260.019152	258.03673	257.418611	
29.21109	260.008952	260.019152	258.03673	257.418611	
29.22084	260.008952	260.019152	258.03673	257.418611	
29.23097	260.008952	260.019152	258.03673	257.418611	
29.24107	260.008952	260.019152	258.03673	257.418611	
29.25123	260.008952	260.019152	258.03673	257.418611	
29.26135	260.008952	260.019152	258.03673	257.418611	
29.2717	260.008952	260.019152	258.03673	257.418611	
29.28164	260.008952	260.019152	258.03673	257.418611	
29.29175	260.008952	260.019152	258.03673	257.418611	
29.30195	260.008952	260.019152	258.03673	257.418611	
29.31224	260.008952	260.019152	258.03673	257.418611	
29.32224	260.008952	260.019152	258.03673	257.418611	
29.33236	260.008952	260.019152	258.03673	257.418611	
29.34243	260.008952	260.019152	258.03673	257.418611	
29.35262	260.008952	260.019152	258.03673	257.418611	
29.36272	260.008952	260.019152	258.03673	257.418611	
29.37349	260.008952	260.019152	258.03673	257.418611	
29.3837	260.008952	260.019152	258.03673	257.418611	
29.3939	260.008952	260.019152	258.03673	257.418611	
29.40463	260.008952	260.019152	258.03673	257.418611	
29.41453	260.008952	260.019152	258.03673	257.418611	
29.42425	260.008952	260.019152	258.03673	257.418611	
29.43438	260.008952	260.019152	258.03673	257.418611	
29.44455	260.008952	260.019152	258.03673	257.418611	
29.45512	260.008952	260.019152	258.03673	257.418611	
29.46487	260.008952	260.019152	258.03673	257.418611	
29.47492	260.008952	260.019152	258.03673	257.418611	
29.48502	260.008952	260.019152	258.03673	257.418611	
29.49517	260.008952	260.019152	258.03673	257.418611	
29.50585	260.008952	260.019152	258.03673	257.418611	
29.51578	260.008952	260.019152	258.03673	257.418611	
29.52553	260.008952	260.019152	258.03673	257.418611	
29.53567	260.008952	260.019152	258.03673	257.418611	
29.54577	260.008952	260.019152	258.03673	257.418611	
29.55593	260.008952	260.019152	258.03673	257.418611	
29.57388	260.008952	260.019152	258.03673	257.418611	
29.57827	260.008952	260.019152	258.03673	257.418611	
29.58838	260.008952	260.019152	258.03673	257.418611	
29.59862	260.008952	260.019152	258.03673	257.418611	
29.60997	260.008952	260.019152	258.03673	257.418611	
29.61894	260.008952	260.019152	258.03673	257.418611	
29.62908	260.008952	260.019152	258.03673	257.418611	
29.63924	260.008952	260.019152	258.03673	257.418611	
29.6494	260.008952	260.019152	258.03673	257.418611	
29.65956	260.008952	260.019152	258.03673	257.418611	
29.6697	260.008952	260.019152	258.03673	257.418611	
29.67982	260.008952	260.019152	258.03673	257.418611	
29.69001	260.008952	260.019152	258.03673	257.418611	
29.70009	260.008952	260.019152	258.03673	257.418611	
29.71133	260.008952	260.019152	258.03673	257.418611	
29.72045	260.008952	260.019152	258.03673	257.418611	
29.73053	260.008952	260.019152	258.03673	257.418611	
29.74069	260.008952	260.019152	258.03673	257.418611	
29.75077	260.008952	260.019152	258.03673	257.418611	
29.7609	260.008952	260.019152	258.03673	257.418611	
29.77109	260.008952	260.019152	258.03673	257.418611	
29.78112	260.008952	260.019152	258.03673	257.418611	
29.79133	260.008952	260.019152	258.03673	257.418611	
29.8014	260.008952	260.019152	258.03673	257.418611	
29.81267	260.008952	260.019152	258.03673	257.418611	
29.822	260.008952	260.019152	258.03673	257.418611	
29.83183	260.008952	260.019152	258.03673	257.418611	
29.84196	260.008952	260.019152	258.03673	257.418611	
29.85241	260.008952	260.019152	258.03673	257.418611	
29.86222	260.008952	260.019152	258.03673	257.418611	
29.87234	260.008952	260.019152	258.03673	257.418611	
29.88246	260.008952	260.019152	258.03673	257.418611	
29.89259	260.008952	260.019152	258.03673	257.418611	
29.90285	260.008952	260.019152	258.03673	257.418611	
29.91401	260.008952	260.019152	258.03673	257.418611	
29.92301	260.008952	260.019152	258.03673	257.418611	
29.93308	260.008952	260.019152	258.03673	257.418611	
29.94325	260.008952	260.019152	258.03673	257.418611	
29.95366	260.008952	260.019152	258.03673	257.418611	
29.96347	260.008952	260.019152	258.03673	257.418611	
29.98156	260.008952	260.019152	258.03673	257.418611	
29.99396	260.008952	260.019152	258.03673	257.418611	
29.99826	260.008952	260.019152	258.03673	257.418611	
30.00851	260.008952	260.019152	258.03673	257.418611	
30.01862	260.008952	260.019152	258.03673	257.418611	
30.02877	260.008952	260.019152	258.03673	257.418611	
30.03891	260.008952	260.019152	258.03673	257.418611	
30.04899	260.008952	260.019152	258.03673	257.418611	
30.05917	260.008952	260.019152	258.03673	257.418611	
30.0693	260.008952	260.019152	258.03673	257.418611	
30.07946	260.008952	260.019152	258.03673	257.418611	
30.08954	260.008952	260.019152	258.03673	257.418611	
30.09967	260.008952	260.019152	258.03673	257.418611	
30.10986	260.008952	260.019152	258.03673	257.418611	
30.12002	260.008952	260.019152	258.03673	257.418611	
30.13019	260.008952	260.019152	258.03673	257.418611	
30.1403	260.008952	260.019152	258.03673	257.418611	
30.15039	260.008952	260.019152	258.03673	257.418611	
30.16063	260.008952	260.019152	258.03673	257.418611	
30.17069	260.008952	260.019152	258.03673	257.418611	
30.18078	260.008952	260.019152	258.03673	257.418611	
30.19095	260.008952	260.019152	258.03673	257.418611	
30.20106	260.008952	260.019152	258.03673	257.418611	
30.21975	260.008952	260.019152	258.03673	257.418611	
30.23248	260.008952	260.019152	258.03673	257.418611	
30.23684	260.008952	260.019152	258.03673	257.418611	
30.24699	260.008952	260.019152	258.03673	257.418611	
30.2571	260.008952	260.019152	258.03673	257.418611	
30.26726	260.008952	260.019152	258.03673	257.418611	
30.27741	260.008952	260.019152	258.03673	257.418611	
30.28756	260.008952	260.019152	258.03673	257.418611	
30.2977	260.008952	260.019152	258.03673	257.418611	
30.30778	260.008952	260.019152	258.03673	257.418611	
30.31914	260.008952	260.019152	258.03673	257.418611	
30.32813	260.008952	260.019152	258.03673	257.418611	
30.33822	260.008952	260.019152	258.03673	257.418611	
30.34839	260.008952	260.019152	258.03673	257.418611	
30.35848	260.008952	260.019152	258.03673	257.418611	
30.36869	260.008952	260.019152	258.03673	257.418611	
30.37878	260.008952	260.019152	258.03673	257.418611	
30.3889	260.008952	260.019152	258.03673	257.418611	
30.39902	260.008952	260.019152	258.03673	257.418611	
30.40913	260.008952	260.019152	258.03673	257.418611	
30.42043	260.008952	260.019152	258.03673	257.418611	
30.42948	260.008952	260.019152	258.03673	257.418611	
30.43959	260.008952	260.019152	258.03673	257.418611	
30.44974	260.008952	260.019152	258.03673	257.418611	
30.45982	260.008952	260.019152	258.03673	257.418611	
30.47003	260.008952	260.019152	258.03673	257.418611	
30.48014	260.008952	260.019152	258.03673	257.418611	
30.49025	260.008952	260.019152	258.03673	257.418611	
30.50039	260.008952	260.019152	258.03673	257.418611	
30.51048	260.008952	260.019152	258.03673	257.418611	
30.52183	260.008952	260.019152	258.03673	257.418611	
30.53078	260.008952	260.019152	258.03673	257.418611	
30.54095	260.008952	260.019152	258.03673	257.418611	
30.55108	260.008952	260.019152	258.03673	257.418611	
30.56117	260.008952	260.019152	258.03673	257.418611	
30.57134	260.008952	260.019152	258.03673	257.418611	
30.58144	260.008952	260.019152	258.03673	257.418611	
30.59157	260.008952	260.019152	258.03673	257.418611	
30.60172	260.008952	260.019152	258.03673	257.418611	
30.61181	260.008952	260.019152	258.03673	257.418611	
30.62476	260.008952	260.019152	258.03673	257.418611	
30.64073	260.008952	260.019152	258.03673	257.418611	
30.64509	260.008952	260.019152	258.03673	257.418611	
30.65521	260.008952	260.019152	258.03673	257.418611	
30.66542	260.008952	260.019152	258.03673	257.418611	
30.67547	260.008952	260.019152	258.03673	257.418611	
30.6856	260.008952	260.019152	258.03673	257.418611	
30.69573	260.008952	260.019152	258.03673	257.418611	
30.70582	260.008952	260.019152	258.03673	257.418611	
30.7257	260.008952	260.019152	258.03673	257.418611	
30.73022	260.008952	260.019152	258.03673	257.418611	
30.74026	260.008952	260.019152	258.03673	257.418611	
30.7504	260.008952	260.019152	258.03673	257.418611	
30.76054	260.008952	260.019152	258.03673	257.418611	
30.77083	260.008952	260.019152	258.03673	257.418611	
30.78076	260.008952	260.019152	258.03673	257.418611	
30.79093	260.008952	260.019152	258.03673	257.418611	
30.80107	260.008952	260.019152	258.03673	257.418611	
30.81114	260.008952	260.019152	258.03673	257.418611	
30.82132	260.008952	260.019152	258.03673	257.418611	
30.83156	260.008952	260.019152	258.03673	257.418611	
30.8416	260.008952	260.019152	258.03673	257.418611	
30.85176	260.008952	260.019152	258.03673	257.418611	
30.86184	260.008952	260.019152	258.03673	257.418611	
30.8725	260.008952	260.019152	258.03673	257.418611	
30.88239	260.008952	260.019152	258.03673	257.418611	
30.89251	260.008952	260.019152	258.03673	257.418611	
30.90262	260.008952	260.019152	258.03673	257.418611	
30.91281	260.008952	260.019152	258.03673	257.418611	
30.92284	260.008952	260.019152	258.03673	257.418611	
30.93436	260.008952	260.019152	258.03673	257.418611	
30.94445	260.008952	260.019152	258.03673	257.418611	
30.95465	260.008952	260.019152	258.03673	257.418611	
30.9647	260.008952	260.019152	258.03673	257.418611	
30.97517	260.008952	260.019152	258.03673	257.418611	
30.98507	260.008952	260.019152	258.03673	257.418611	
30.99507	260.008952	260.019152	258.03673	257.418611	
31.00521	260.008952	260.019152	258.03673	257.418611	
31.01533	260.008952	260.019152	258.03673	257.418611	
31.03643	260.008952	260.019152	258.03673	257.418611	
31.04664	260.008952	260.019152	258.03673	257.418611	
