12.68153	200.04207	200.040912	198.890152	198.888995	
12.69152	200.043647	200.040912	198.891729	198.888995	
12.70159	200.045847	200.040912	198.89393	198.888995	
12.71171	200.048677	200.040912	198.896759	198.888995	
12.72197	200.052179	200.040912	198.900262	198.897722	
12.732	200.056197	200.040912	198.904279	198.897722	
12.74212	200.060873	200.040912	198.908956	198.897722	
12.75231	200.066207	200.040912	198.91429	198.897722	
12.76239	200.072087	200.040912	198.92017	198.897722	
12.78228	200.086656	200.040912	198.934738	198.897722	
12.78672	200.089817	200.040912	198.9379	198.897722	
12.79681	200.097782	200.040912	198.945864	198.897722	
12.80702	200.106485	200.040912	198.954568	198.897722	
12.81705	200.11562	200.040912	198.963703	198.897722	
12.82722	200.125513	200.049639	198.973596	198.897722	
12.83734	200.135971	200.049639	198.984054	198.897722	
12.84747	200.147052	200.049639	198.995135	198.897722	
12.85765	200.158805	200.058366	199.006887	198.897722	
12.8677	200.171019	200.067092	199.019102	198.897722	
12.87788	200.184017	200.084545	199.0321	198.897722	
12.88815	200.197768	200.101999	199.045851	198.897722	
12.8982	200.211826	200.119452	199.059908	198.897722	
12.90845	200.226792	200.145632	199.074875	198.897722	
12.91853	200.242107	200.171812	199.09019	198.897722	
12.92896	200.258789	200.189265	199.106872	198.906448	
12.93895	200.275041	200.224172	199.123124	198.906448	
12.94899	200.292136	200.241625	199.140219	198.915175	
12.95912	200.309997	200.267805	199.15808	198.915175	
12.96924	200.328462	200.293985	199.176545	198.923901	
12.97932	200.347485	200.328892	199.195567	198.932628	
12.98986	200.368032	200.355071	199.216115	198.950081	
12.99973	200.387842	200.372525	199.235924	198.958808	
13.00982	200.408693	200.398705	199.256776	198.967535	
13.01988	200.4301	200.433611	199.278182	198.984988	
13.03031	200.452966	200.451065	199.301049	199.002441	
13.04022	200.47527	200.477245	199.323352	199.011168	
13.05033	200.498616	200.503424	199.346699	199.028621	
13.06043	200.522583	200.520878	199.370665	199.046075	
13.07055	200.547182	200.538331	199.395264	199.063528	
13.08069	200.572475	200.564511	199.420557	199.080981	
13.09098	200.598806	200.581964	199.446888	199.098434	
13.10098	200.624934	200.599418	199.473017	199.115888	
13.11116	200.652166	200.616871	199.500249	199.133341	
13.12129	200.679888	200.634324	199.527971	199.150794	
13.13176	200.709213	200.651777	199.557295	199.176974	
13.14151	200.737078	200.669231	199.585161	199.194428	
13.15162	200.766588	200.686684	199.614671	199.211881	
13.1618	200.796929	200.712864	199.645012	199.238061	
13.17185	200.82746	200.730317	199.675543	199.255514	
13.182	200.858967	200.756497	199.707049	199.281694	
13.19224	200.891362	200.782677	199.739445	199.299147	
13.20229	200.923738	200.817584	199.77182	199.316601	
13.2124	200.956908	200.85249	199.80499	199.351507	
13.23048	201.01871	200.922303	199.866793	199.386414	
13.23492	201.033772	200.939757	199.881855	199.403867	
13.24498	201.068787	200.98339	199.91687	199.42132	
13.25509	201.104585	201.027023	199.952667	199.4475	
13.2755	201.179991	201.105563	200.028074	199.49986	
13.28023	201.19736	201.123016	200.045443	199.517313	
13.29009	201.234287	201.16665	200.082369	199.543493	
13.30022	201.272903	201.210283	200.120986	199.569673	
13.31033	201.312032	201.253916	200.160115	199.60458	
13.32046	201.351871	201.297549	200.199954	199.63076	
13.33056	201.392207	201.341183	200.24029	199.665666	
13.34071	201.433326	201.393542	200.281409	199.700573	
13.35084	201.474995	201.437176	200.323078	199.73548	
13.36107	201.517732	201.480809	200.365814	199.770386	
13.37119	201.56059	201.524442	200.408673	199.805293	
13.38168	201.605754	201.568075	200.453837	199.840199	
13.39146	201.648334	201.611709	200.496417	199.875106	
13.40167	201.693434	201.655342	200.541517	199.910013	
13.4117	201.738378	201.690248	200.586461	199.944919	
13.42185	201.784454	201.733882	200.632536	199.979826	
13.43204	201.831354	201.777515	200.679436	200.014732	
13.44213	201.878378	201.821148	200.72646	200.058366	
13.45223	201.926075	201.864781	200.774157	200.093272	
13.46237	201.974564	201.908415	200.822647	200.128179	
13.47251	202.02371	201.952048	200.871793	200.171812	
13.49213	202.121644	202.030588	200.969726	200.241625	
13.49655	202.143612	202.048041	200.991695	200.259078	
13.50666	202.194628	202.100401	201.042711	200.293985	
13.51679	202.246407	202.144034	201.09449	200.328892	
13.52688	202.298724	202.196394	201.146806	200.372525	
13.53706	202.351809	202.248754	201.199891	200.416158	
13.54721	202.405522	202.301114	201.253605	200.451065	
13.55731	202.459598	202.353473	201.307681	200.494698	
13.56744	202.514457	202.405833	201.362539	200.538331	
13.5776	202.570093	202.46692	201.418175	200.573238	
13.58772	202.626078	202.528006	201.474161	200.616871	
13.59793	202.683281	202.580366	201.531363	200.660504	
13.60805	202.740506	202.641453	201.588589	200.712864	
13.61813	202.798118	202.693813	201.646201	200.747771	
13.62825	202.85664	202.754899	201.704722	200.80013	
13.63836	202.915628	202.807259	201.76371	200.843764	
13.64855	202.97575	202.868346	201.823832	200.887397	
13.65869	203.036198	202.938159	201.88428	200.93103	
13.6688	203.09711	202.999245	201.945192	200.98339	
13.6789	203.15871	203.060332	202.006793	201.027023	
13.68909	203.221169	203.121418	202.069251	201.079383	
13.70038	203.291329	203.199958	202.139412	201.131743	
13.71046	203.354537	203.261045	202.202619	201.184103	
13.72983	203.478872	203.383218	202.326955	201.271369	
13.73419	203.506667	203.409398	202.35475	201.297549	
13.74433	203.572371	203.479211	202.420454	201.341183	
13.75447	203.638667	203.540297	202.48675	201.393542	
13.76476	203.706516	203.610111	202.554599	201.445902	
13.77492	203.774386	203.671197	202.622468	201.498262	
13.78501	203.841959	203.74101	202.690042	201.550622	
13.79595	203.916247	203.810823	202.764329	201.602982	
13.80604	203.985351	203.87191	202.833433	201.655342	
13.81619	204.055437	203.941723	202.90352	201.707702	
13.82632	204.126	204.011536	202.974083	201.760062	
13.8365	204.197542	204.081349	203.045625	201.812421	
13.84661	204.269195	204.151163	203.117278	201.864781	
13.85675	204.341694	204.229702	203.189776	201.917141	
13.86693	204.415137	204.308242	203.26322	201.969501	
13.87703	204.488548	204.378055	203.336631	202.021861	
13.88713	204.562615	204.456595	203.410698	202.074221	
13.89734	204.638155	204.526408	203.486238	202.135307	
13.90764	204.714941	204.604948	203.563023	202.187667	
13.9176	204.78973	204.683488	203.637813	202.248754	
13.92772	204.866402	204.762028	203.714485	202.301114	
13.93788	204.944013	204.831841	203.792096	202.3622	
13.94802	205.02201	204.910381	203.870093	202.423287	
13.95815	205.100654	204.988921	203.948737	202.475647	
13.96832	205.180153	205.06746	204.028236	202.536733	
13.97841	205.259658	205.146	204.10774	202.59782	
13.98854	205.340111	205.22454	204.188193	202.667633	
13.99881	205.422264	205.30308	204.270347	202.728719	
14.00911	205.505368	205.38162	204.35345	202.789806	
14.01909	205.586373	205.46016	204.434456	202.850892	
14.02921	205.669174	205.547426	204.517257	202.911979	
14.03928	205.752223	205.634692	204.600306	202.981792	
14.04954	205.837502	205.713232	204.685584	203.051605	
14.05959	205.92156	205.800499	204.769643	203.112692	
14.06967	206.006479	205.879039	204.854562	203.173778	
14.07984	206.092814	205.966305	204.940897	203.243591	
14.09029	206.182199	206.053571	205.030282	203.304678	
14.10014	206.266965	206.140838	205.115048	203.365764	
14.11826	206.425436	206.297918	205.273519	203.487937	
14.12273	206.464427	206.341551	205.31251	203.514117	
14.13281	206.553199	206.428817	205.401282	203.575204	
14.14317	206.645108	206.52481	205.493191	203.645017	
14.15328	206.735379	206.612077	205.583462	203.71483	
14.16344	206.826644	206.699343	205.674727	203.784643	
14.17357	206.9184	206.795336	205.766483	203.84573	
14.18366	207.010275	206.89133	205.858358	203.915543	
14.19388	207.10403	206.978596	205.952113	203.985356	
14.20404	207.197955	207.074589	206.046037	204.046443	
14.21412	207.291533	207.170582	206.139616	204.116256	
14.22427	207.386447	207.266575	206.23453	204.186069	
14.23435	207.481399	207.353842	206.329482	204.247156	
14.2445	207.577612	207.449835	206.425695	204.316969	
14.25462	207.674107	207.545828	206.522189	204.378055	
14.26539	207.777575	207.641821	206.625658	204.447869	
14.27519	207.872169	207.746541	206.720251	204.517682	
14.28524	207.969859	207.833807	206.817941	204.587495	
14.29541	208.069389	207.938527	206.917471	204.657308	
14.30572	208.17099	208.03452	207.019073	204.727121	
14.31575	208.270143	208.13924	207.118225	204.796934	
14.32586	208.370871	208.235233	207.218954	204.866748	
14.33594	208.472001	208.331226	207.320084	204.936561	
14.34613	208.574769	208.427219	207.422852	204.997647	
14.35625	208.677372	208.531939	207.525454	205.06746	
14.36638	208.780835	208.636659	207.628918	205.137274	
14.37673	208.887173	208.732652	207.735256	205.207087	
14.38671	208.990205	208.837372	207.838288	205.285627	
14.39713	209.098541	208.942091	207.946623	205.35544	
14.40708	209.20254	209.046811	208.050623	205.425253	
14.41725	209.309456	209.142804	208.157539	205.495066	
14.4274	209.416747	209.256251	208.26483	205.564879	
14.43785	209.527992	209.36097	208.376075	205.634692	
14.44773	209.633572	209.46569	208.481654	205.704506	
14.45823	209.746614	209.561683	208.594696	205.774319	
14.46803	209.852604	209.67513	208.700687	205.844132	
14.48619	210.051476	209.788576	208.899558	205.913945	
14.49183	210.112613	209.928202	208.960696	206.001212	
14.51091	210.316709	210.032922	209.164792	206.079751	
14.51621	210.37329	210.198728	209.221373	206.175745	
14.52637	210.481283	210.312175	209.329366	206.245558	
14.53678	210.591333	210.425621	209.439416	206.315371	
14.54672	210.695802	210.547794	209.543885	206.385184	
14.55909	210.824681	210.687421	209.672763	206.472451	
14.57734	211.012642	210.800867	209.860724	206.542264	
14.58255	211.066358	210.940493	209.91444	206.62953	
14.59332	211.17656	211.071393	210.024643	206.70807	
14.61272	211.372226	211.176113	210.220308	206.769156	
14.61789	211.424374	211.333192	210.272457	206.873876	
14.62811	211.526817	211.455366	210.3749	206.952416	
14.63851	211.630446	211.560085	210.478529	207.022229	
14.64844	211.728852	211.673532	210.576934	207.092042	
14.65862	211.829032	211.778251	210.677114	207.153129	
14.66901	211.930583	211.882971	210.778665	207.231669	
14.67921	212.029713	211.987691	210.877796	207.292755	
14.68909	212.125183	212.083684	210.973266	207.362568	
14.69956	212.225656	212.179677	211.073738	207.432382	
14.70938	212.319375	212.284397	211.167458	207.502195	
14.72188	212.437714	212.371663	211.285797	207.572008	
14.72999	212.514007	212.467656	211.36209	207.641821	
14.74022	212.609838	212.554923	211.457921	207.702908	
14.75002	212.700967	212.650916	211.54905	207.772721	
14.76013	212.794346	212.738183	211.642429	207.833807	
14.77059	212.890336	212.825449	211.738419	207.90362	
14.78044	212.980225	212.921442	211.828308	207.973434	
14.79089	213.07483	212.999982	211.922913	208.03452	
14.80076	213.163694	213.095975	212.011776	208.104333	
14.81091	213.254343	213.183241	212.102425	208.16542	
14.82894	213.413223	213.270508	212.261305	208.235233	
14.83407	213.458389	213.383954	212.306472	208.3225	
14.84421	213.547037	213.462494	212.39512	208.383586	
14.85437	213.635196	213.558487	212.483279	208.444673	
14.86455	213.722992	213.645754	212.571074	208.514486	
14.87513	213.813551	213.73302	212.661634	208.584299	
14.8849	213.89662	213.81156	212.744703	208.645385	
14.89538	213.98502	213.907553	212.833102	208.706472	
14.9058	214.07233	213.986093	212.920413	208.776285	
14.91544	214.152538	214.073359	213.000621	208.846098	
14.92586	214.238611	214.151899	213.086693	208.915911	
14.93571	214.319345	214.239166	213.167428	208.976998	
14.94626	214.405197	214.326432	213.25328	209.046811	
14.95606	214.48436	214.413699	213.332442	209.107898	
14.9665	214.568053	214.500965	213.416136	209.177711	
14.97635	214.646507	214.579505	213.49459	209.238797	
14.98647	214.726449	214.666771	213.574532	209.308611	
14.99689	214.808063	214.754038	213.656145	209.369697	
15.00821	214.895996	214.832578	213.744079	209.43951	
15.01692	214.963298	214.919844	213.811381	209.509323	
15.035	215.100483	215.05947	213.948566	209.62277	
15.04046	215.141938	215.094377	213.990021	209.64895	
15.05062	215.218341	215.181643	214.066424	209.718763	
15.06051	215.292166	215.260183	214.140249	209.788576	
15.07877	215.426042	215.338723	214.274125	209.849663	
15.08399	215.464256	215.434716	214.312338	209.928202	
15.09417	215.538261	215.504529	214.386344	209.998016	
15.10461	215.613374	215.583069	214.461457	210.067829	
15.11452	215.684221	215.652882	214.532303	210.137642	
15.12469	215.756221	215.722696	214.604303	210.198728	
15.13483	215.827382	215.792509	214.675465	210.268542	
15.14534	215.900541	215.862322	214.748624	210.329628	
15.15524	215.968935	215.932135	214.817018	210.399441	
15.16567	216.040221	216.001948	214.888303	210.460528	
15.17554	216.107219	216.071761	214.955301	210.530341	
15.18601	216.177594	216.132848	215.025677	210.591428	
15.19615	216.245089	216.202661	215.093172	210.661241	
15.20605	216.310494	216.263748	215.158577	210.731054	
15.2166	216.379488	216.324834	215.227571	210.800867	
15.22636	216.442707	216.394647	215.29079	210.861954	
15.23652	216.508002	216.455734	215.356085	210.92304	
15.24699	216.574594	216.525547	215.422677	210.992853	
15.25718	216.638833	216.59536	215.486916	211.062666	
15.27714	216.761686	216.717533	215.609769	211.193566	
15.28229	216.793402	216.743713	215.641485	211.219746	
15.29286	216.857808	216.813526	215.705891	211.289559	
15.30269	216.917166	216.874613	215.765248	211.359372	
15.31386	216.983748	216.944426	215.83183	211.429186	
15.33121	217.0851	217.049146	215.933183	211.551359	
15.33638	217.115355	217.084052	215.963438	211.586265	
15.34673	217.175135	217.145139	216.023218	211.647352	
15.35671	217.232176	217.197499	216.080259	211.717165	
15.36716	217.291225	217.258585	216.139308	211.778251	
15.37701	217.346397	217.319672	216.194479	211.848065	
15.38755	217.404696	217.380758	216.252778	211.917878	
15.39784	217.461014	217.433118	216.309096	211.987691	
15.40774	217.51467	217.494205	216.362753	212.057504	
15.41831	217.571232	217.546565	216.419314	212.127317	
15.42807	217.622938	217.607651	216.47102	212.188404	
15.43819	217.67595	217.660011	216.524032	212.258217	
15.44844	217.728966	217.712371	216.577049	212.319304	
15.45855	217.781021	217.773457	216.629104	212.389117	
15.469	217.833587	217.817091	216.68167	212.45893	
15.48686	217.921597	217.869451	216.769679	212.520016	
15.49209	217.947435	217.930537	216.795518	212.607283	
15.5023	217.997051	217.982897	216.845134	212.668369	
15.51339	218.050258	218.035257	216.898341	212.738183	
15.53049	218.130182	218.122523	216.978265	212.860356	
15.53563	218.154225	218.139977	217.002308	212.886536	
15.54589	218.201491	218.192336	217.049574	212.956349	
15.55629	218.248788	218.23597	217.096871	213.017435	
15.56613	218.292972	218.279603	217.141055	213.087248	
15.57664	218.339494	218.323236	217.187576	213.148335	
15.58649	218.3825	218.366869	217.230582	213.209421	
15.59696	218.427634	218.410503	217.275717	213.279235	
15.62378	218.537709	218.454136	217.385791	213.340321	
15.62897	218.559123	218.550129	217.407206	213.479947	
15.63915	218.600518	218.585036	217.4486	213.541034	
15.64933	218.64125	218.628669	217.489333	213.610847	
15.66757	218.711922	218.672302	217.560005	213.671934	
15.6728	218.732204	218.724662	217.580287	213.750473	
15.68324	218.771946	218.768295	217.620028	213.820287	
15.69356	218.810602	218.803202	217.658685	213.881373	
15.70338	218.846852	218.846835	217.694934	213.94246	
15.71391	218.885083	218.890468	217.733165	214.012273	
15.72607	218.928289	218.925375	217.776371	214.073359	
15.73389	218.955806	218.969008	217.803889	214.134446	
15.74398	218.990646	219.003915	217.838729	214.204259	
15.75414	219.025174	219.038821	217.873256	214.256619	
15.76464	219.060175	219.073728	217.908258	214.326432	
15.77451	219.092542	219.099908	217.940625	214.387519	
15.78494	219.12612	219.134814	217.974203	214.457332	
15.80288	219.18161	219.160994	218.029693	214.518418	
15.80802	219.197517	219.204627	218.0456	214.605685	
15.81873	219.229927	219.230807	218.078009	214.666771	
15.82837	219.258539	219.265714	218.106621	214.727858	
15.8468	219.310869	219.291894	218.158952	214.797671	
15.86053	219.348943	219.35298	218.197026	214.937297	
15.86576	219.363431	219.370434	218.211514	214.963477	
15.87588	219.390716	219.396614	218.238799	215.024564	
15.88596	219.41732	219.422794	218.265403	215.094377	
15.8961	219.443496	219.448973	218.291579	215.16419	
15.90639	219.469434	219.475153	218.317517	215.225277	
15.91642	219.494167	219.501333	218.342249	215.286363	
15.92665	219.518798	219.527513	218.366881	215.34745	
15.93682	219.542694	219.553693	218.390777	215.408536	
15.9472	219.566486	219.571147	218.414569	215.478349	
15.95723	219.588894	219.597326	218.436977	215.539436	
15.96735	219.610908	219.623506	218.458991	215.609249	
15.97748	219.632369	219.64096	218.480451	215.670336	
15.9876	219.653241	219.66714	218.501323	215.731422	
15.99791	219.6739	219.69332	218.521983	215.792509	
16.00842	219.694337	219.710773	218.542419	215.862322	
16.01819	219.712804	219.736953	218.560887	215.923408	
16.03649	219.745104	219.754406	218.593187	215.993222	
16.04197	219.754804	219.780586	218.602887	216.071761	
16.05183	219.771588	219.806766	218.619671	216.141575	
16.06189	219.788155	219.824219	218.636237	216.202661	
16.07199	219.804221	219.841673	218.652303	216.263748	
16.08214	219.819795	219.859126	218.667878	216.324834	
16.09228	219.834789	219.867853	218.682872	216.385921	
16.10238	219.849148	219.876579	218.697231	216.455734	
16.11258	219.863094	219.894032	218.711177	216.525547	
16.12305	219.876812	219.902759	218.724895	216.586634	
16.13286	219.889129	219.911486	218.737211	216.64772	
16.14296	219.901277	219.911486	218.74936	216.708807	
16.15313	219.912939	219.920212	218.761022	216.769893	
16.16334	219.92408	219.928939	218.772163	216.839706	
16.17346	219.934582	219.937666	218.782665	216.892066	
16.18359	219.944553	219.946392	218.792636	216.953153	
16.1938	219.954044	219.946392	218.802127	217.014239	
16.20386	219.962873	219.955119	218.810956	217.066599	
16.21396	219.971193	219.963846	218.819275	217.118959	
16.22439	219.979228	219.972572	218.827311	217.171319	
16.2343	219.986361	219.972572	218.834444	217.223679	
16.24439	219.993111	219.981299	218.841194	217.276039	
16.25454	219.999378	219.981299	218.847461	217.328398	
16.26487	220.005228	219.990026	218.853311	217.372032	
16.27486	220.010401	219.998752	218.858484	217.415665	
16.28495	220.015139	219.998752	218.863221	217.468025	
16.29509	220.01942	220.007479	218.867503	217.502931	
16.30524	220.023229	220.016206	218.871312	217.555291	
16.31534	220.026572	220.016206	218.874654	217.590198	
16.33462	220.030959	220.024932	218.879042	217.633831	
16.33903	220.03204	220.033659	218.880123	217.686191	
16.34916	220.034049	220.033659	218.882132	217.729824	
16.35928	220.035717	220.042385	218.883799	217.764731	
16.36941	220.040912	220.051112	218.888995	217.799637	
16.37956	220.040912	220.051112	218.888995	217.834544	
16.38966	220.040912	220.051112	218.888995	217.869451	
16.3998	220.040912	220.051112	218.888995	217.89563	
16.40997	220.040912	220.051112	218.888995	217.92181	
16.42027	220.040912	220.051112	218.888995	217.956717	
16.43023	220.040912	220.051112	218.888995	217.982897	
16.44046	220.040912	220.051112	218.888995	218.009077	
16.45051	220.040912	220.051112	218.888995	218.035257	
16.46065	220.040912	220.042385	218.888995	218.061437	
16.47078	220.040912	220.042385	218.888995	218.087617	
16.4809	220.040912	220.051112	218.888995	218.113797	
16.4911	220.040912	220.051112	218.888995	218.13125	
16.50121	220.040912	220.051112	218.888995	218.15743	
16.51127	220.040912	220.051112	218.888995	218.174883	
16.52182	220.040912	220.051112	218.888995	218.201063	
16.5316	220.040912	220.051112	218.888995	218.218516	
16.54173	220.040912	220.051112	218.888995	218.23597	
16.55182	220.040912	220.051112	218.888995	218.253423	
16.56196	220.040912	220.051112	218.888995	218.270876	
16.57212	220.040912	220.051112	218.888995	218.279603	
16.58222	220.040912	220.051112	218.888995	218.297056	
16.59237	220.040912	220.051112	218.888995	218.305783	
16.60252	220.040912	220.051112	218.888995	218.323236	
16.61264	220.040912	220.051112	218.888995	218.340689	
16.62313	220.040912	220.051112	218.888995	218.349416	
16.63325	220.040912	220.051112	218.888995	218.366869	
16.64344	220.040912	220.051112	218.888995	218.375596	
16.65355	220.040912	220.051112	218.888995	218.384323	
16.66365	220.040912	220.051112	218.888995	218.401776	
16.6739	220.040912	220.051112	218.888995	218.410503	
16.68395	220.040912	220.051112	218.888995	218.410503	
16.69409	220.040912	220.051112	218.888995	218.419229	
16.70421	220.040912	220.051112	218.888995	218.427956	
16.71434	220.040912	220.051112	218.888995	218.436683	
16.72652	220.040912	220.051112	218.888995	218.445409	
16.73463	220.040912	220.051112	218.888995	218.454136	
16.74476	220.040912	220.051112	218.888995	218.462862	
16.75485	220.040912	220.051112	218.888995	218.471589	
16.76521	220.040912	220.051112	218.888995	218.480316	
16.77511	220.040912	220.051112	218.888995	218.480316	
16.78529	220.040912	220.051112	218.888995	218.480316	
16.79544	220.040912	220.051112	218.888995	218.480316	
16.80556	220.040912	220.051112	218.888995	218.489042	
16.81566	220.040912	220.051112	218.888995	218.489042	
16.82586	220.040912	220.051112	218.888995	218.489042	
16.836	220.040912	220.051112	218.888995	218.497769	
16.84615	220.040912	220.051112	218.888995	218.497769	
16.85627	220.040912	220.051112	218.888995	218.497769	
16.86641	220.040912	220.051112	218.888995	218.497769	
16.87663	220.040912	220.051112	218.888995	218.506496	
16.88668	220.040912	220.051112	218.888995	218.506496	
16.89681	220.040912	220.051112	218.888995	218.515222	
16.90705	220.040912	220.051112	218.888995	218.515222	
16.91708	220.040912	220.051112	218.888995	218.515222	
16.92718	220.040912	220.051112	218.888995	218.515222	
16.9374	220.040912	220.051112	218.888995	218.523949	
16.94755	220.040912	220.051112	218.888995	218.523949	
16.95765	220.040912	220.051112	218.888995	218.532676	
16.96777	220.040912	220.051112	218.888995	218.532676	
16.97796	220.040912	220.051112	218.888995	218.532676	
16.98808	220.040912	220.051112	218.888995	218.532676	
16.99818	220.040912	220.051112	218.888995	218.532676	
17.0083	220.040912	220.051112	218.888995	218.532676	
17.01846	220.040912	220.051112	218.888995	218.532676	
17.02879	220.040912	220.051112	218.888995	218.532676	
17.03884	220.040912	220.051112	218.888995	218.532676	
17.04932	220.040912	220.051112	218.888995	218.532676	
17.05945	220.040912	220.051112	218.888995	218.532676	
17.06954	220.040912	220.051112	218.888995	218.532676	
17.08043	220.040912	220.051112	218.888995	218.532676	
17.08987	220.040912	220.051112	218.888995	218.532676	
17.09996	220.040912	220.051112	218.888995	218.532676	
17.11005	220.040912	220.051112	218.888995	218.532676	
17.12013	220.040912	220.051112	218.888995	218.532676	
17.13044	220.040912	220.051112	218.888995	218.532676	
17.14045	220.040912	220.051112	218.888995	218.532676	
17.15059	220.040912	220.051112	218.888995	218.532676	
17.16074	220.040912	220.051112	218.888995	218.532676	
17.17097	220.040912	220.051112	218.888995	218.532676	
17.18098	220.040912	220.051112	218.888995	218.532676	
17.19894	220.040912	220.051112	218.888995	218.532676	
17.20335	220.040912	220.051112	218.888995	218.532676	
17.21338	220.040912	220.051112	218.888995	218.532676	
17.22351	220.040912	220.051112	218.888995	218.532676	
17.23368	220.040912	220.051112	218.888995	218.532676	
17.24388	220.040912	220.051112	218.888995	218.532676	
17.25394	220.040912	220.051112	218.888995	218.532676	
17.27351	220.040912	220.051112	218.888995	218.532676	
17.27784	220.040912	220.051112	218.888995	218.532676	
17.28804	220.040912	220.051112	218.888995	218.532676	
17.29822	220.040912	220.051112	218.888995	218.532676	
17.30829	220.040912	220.051112	218.888995	218.532676	
17.31842	220.040912	220.051112	218.888995	218.532676	
17.32855	220.040912	220.051112	218.888995	218.532676	
17.33939	220.040912	220.051112	218.888995	218.532676	
17.34886	220.040912	220.051112	218.888995	218.532676	
17.35898	220.040912	220.051112	218.888995	218.532676	
17.36905	220.040912	220.051112	218.888995	218.532676	
17.37923	220.040912	220.051112	218.888995	218.532676	
17.38937	220.040912	220.051112	218.888995	218.532676	
17.39946	220.040912	220.051112	218.888995	218.532676	
17.40962	220.040912	220.051112	218.888995	218.532676	
17.41981	220.040912	220.051112	218.888995	218.532676	
17.43021	220.040912	220.051112	218.888995	218.532676	
17.44071	220.040912	220.051112	218.888995	218.532676	
17.4502	220.040912	220.051112	218.888995	218.532676	
17.46026	220.040912	220.051112	218.888995	218.532676	
17.47037	220.040912	220.051112	218.888995	218.532676	
17.48056	220.040912	220.051112	218.888995	218.532676	
17.49083	220.040912	220.051112	218.888995	218.532676	
17.50076	220.040912	220.051112	218.888995	218.532676	
17.51088	220.040912	220.051112	218.888995	218.532676	
17.52105	220.040912	220.051112	218.888995	218.532676	
17.53159	220.040912	220.051112	218.888995	218.532676	
17.54205	220.040912	220.051112	218.888995	218.532676	
17.55148	220.040912	220.051112	218.888995	218.532676	
17.56156	220.040912	220.051112	218.888995	218.532676	
17.57168	220.040912	220.051112	218.888995	218.532676	
17.58175	220.040912	220.051112	218.888995	218.532676	
17.59199	220.040912	220.051112	218.888995	218.532676	
17.60207	220.040912	220.051112	218.888995	218.532676	
17.61213	220.040912	220.051112	218.888995	218.532676	
17.62232	220.040912	220.051112	218.888995	218.532676	
17.63241	220.040912	220.051112	218.888995	218.532676	
17.65933	220.040912	220.051112	218.888995	218.532676	
17.66371	220.040912	220.051112	218.888995	218.532676	
17.6739	220.040912	220.051112	218.888995	218.532676	
17.68395	220.040912	220.051112	218.888995	218.532676	
17.69412	220.040912	220.051112	218.888995	218.532676	
17.70424	220.040912	220.051112	218.888995	218.532676	
17.71439	220.040912	220.051112	218.888995	218.532676	
17.72448	220.040912	220.051112	218.888995	218.532676	
17.73466	220.040912	220.051112	218.888995	218.532676	
17.74588	220.040912	220.051112	218.888995	218.532676	
17.75591	220.040912	220.051112	218.888995	218.532676	
17.76625	220.040912	220.051112	218.888995	218.532676	
17.77621	220.040912	220.051112	218.888995	218.532676	
17.78631	220.040912	220.051112	218.888995	218.532676	
17.79648	220.040912	220.051112	218.888995	218.532676	
17.80659	220.040912	220.051112	218.888995	218.532676	
17.81671	220.040912	220.051112	218.888995	218.532676	
17.82687	220.040912	220.051112	218.888995	218.532676	
17.83694	220.040912	220.051112	218.888995	218.532676	
17.84719	220.040912	220.051112	218.888995	218.532676	
17.85735	220.040912	220.051112	218.888995	218.532676	
17.86752	220.040912	220.051112	218.888995	218.532676	
17.8776	220.040912	220.051112	218.888995	218.532676	
17.8877	220.040912	220.051112	218.888995	218.532676	
17.89796	220.040912	220.051112	218.888995	218.532676	
17.90812	220.040912	220.051112	218.888995	218.532676	
17.91814	220.040912	220.051112	218.888995	218.532676	
17.92823	220.040912	220.051112	218.888995	218.532676	
17.93842	220.040912	220.051112	218.888995	218.532676	
17.94863	220.040912	220.051112	218.888995	218.532676	
17.95876	220.040912	220.051112	218.888995	218.532676	
17.96888	220.040912	220.051112	218.888995	218.532676	
17.97893	220.040912	220.051112	218.888995	218.532676	
17.9891	220.040912	220.051112	218.888995	218.532676	
17.99924	220.040912	220.051112	218.888995	218.532676	
18.00941	220.040912	220.051112	218.888995	218.532676	
18.0195	220.040912	220.051112	218.888995	218.532676	
18.02963	220.040912	220.051112	218.888995	218.532676	
18.04018	220.040912	220.051112	218.888995	218.532676	
18.05003	220.040912	220.051112	218.888995	218.532676	
18.06008	220.040912	220.051112	218.888995	218.532676	
18.07017	220.040912	220.051112	218.888995	218.532676	
18.08029	220.040912	220.051112	218.888995	218.532676	
18.09051	220.040912	220.051112	218.888995	218.532676	
18.10056	220.040912	220.051112	218.888995	218.532676	
18.11071	220.040912	220.051112	218.888995	218.532676	
18.12086	220.040912	220.051112	218.888995	218.532676	
18.13093	220.040912	220.051112	218.888995	218.532676	
18.14931	220.040912	220.051112	218.888995	218.532676	
18.15371	220.040912	220.051112	218.888995	218.532676	
18.16383	220.040912	220.051112	218.888995	218.532676	
18.17395	220.040912	220.051112	218.888995	218.532676	
18.18406	220.040912	220.051112	218.888995	218.532676	
18.19424	220.040912	220.051112	218.888995	218.532676	
18.20435	220.040912	220.051112	218.888995	218.532676	
18.21448	220.040912	220.051112	218.888995	218.532676	
18.22463	220.040912	220.051112	218.888995	218.532676	
18.23471	220.040912	220.051112	218.888995	218.532676	
18.24486	220.040912	220.051112	218.888995	218.532676	
18.25509	220.040912	220.051112	218.888995	218.532676	
18.26538	220.040912	220.051112	218.888995	218.532676	
18.27542	220.040912	220.051112	218.888995	218.532676	
18.28543	220.040912	220.051112	218.888995	218.532676	
18.2956	220.040912	220.051112	218.888995	218.532676	
18.30573	220.040912	220.051112	218.888995	218.532676	
18.31589	220.040912	220.051112	218.888995	218.532676	
18.32601	220.040912	220.051112	218.888995	218.532676	
18.33612	220.040912	220.051112	218.888995	218.532676	
18.34637	220.040912	220.051112	218.888995	218.532676	
18.35651	220.040912	220.051112	218.888995	218.532676	
18.36657	220.040912	220.051112	218.888995	218.532676	
18.37677	220.040912	220.051112	218.888995	218.532676	
18.38686	220.040912	220.051112	218.888995	218.532676	
18.39694	220.040912	220.051112	218.888995	218.532676	
18.40712	220.040912	220.051112	218.888995	218.532676	
18.41724	220.040912	220.051112	218.888995	218.532676	
18.4275	220.040912	220.051112	218.888995	218.532676	
18.43754	220.040912	220.051112	218.888995	218.532676	
18.44764	220.040912	220.051112	218.888995	218.532676	
18.45791	220.040912	220.051112	218.888995	218.532676	
18.46825	220.040912	220.051112	218.888995	218.532676	
18.47809	220.040912	220.051112	218.888995	218.532676	
18.48822	220.040912	220.051112	218.888995	218.532676	
18.49837	220.040912	220.051112	218.888995	218.532676	
18.50852	220.040912	220.051112	218.888995	218.532676	
18.51873	220.040912	220.051112	218.888995	218.532676	
18.52883	220.040912	220.051112	218.888995	218.532676	
18.53895	220.040912	220.051112	218.888995	218.532676	
18.54911	220.040912	220.051112	218.888995	218.532676	
18.55961	220.040912	220.051112	218.888995	218.532676	
18.56939	220.040912	220.051112	218.888995	218.532676	
18.57958	220.040912	220.051112	218.888995	218.532676	
18.58965	220.040912	220.051112	218.888995	218.532676	
18.60022	220.040912	220.051112	218.888995	218.532676	
18.60995	220.040912	220.051112	218.888995	218.532676	
18.62007	220.040912	220.051112	218.888995	218.532676	
18.63018	220.040912	220.051112	218.888995	218.532676	
18.64029	220.040912	220.051112	218.888995	218.532676	
18.65044	220.040912	220.051112	218.888995	218.532676	
18.66096	220.040912	220.051112	218.888995	218.532676	
18.6707	220.040912	220.051112	218.888995	218.532676	
18.68084	220.040912	220.051112	218.888995	218.532676	
18.69094	220.040912	220.051112	218.888995	218.532676	
18.70936	220.040912	220.051112	218.888995	218.532676	
18.7137	220.040912	220.051112	218.888995	218.532676	
18.72384	220.040912	220.051112	218.888995	218.532676	
18.73464	220.040912	220.051112	218.888995	218.532676	
18.74477	220.040912	220.051112	218.888995	218.532676	
18.75557	220.040912	220.051112	218.888995	218.532676	
18.76505	220.040912	220.051112	218.888995	218.532676	
18.77516	220.040912	220.051112	218.888995	218.532676	
18.7853	220.040912	220.051112	218.888995	218.532676	
18.79546	220.040912	220.051112	218.888995	218.532676	
18.80556	220.040912	220.051112	218.888995	218.532676	
18.81567	220.040912	220.051112	218.888995	218.532676	
18.82591	220.040912	220.051112	218.888995	218.532676	
18.83598	220.040912	220.051112	218.888995	218.532676	
18.84607	220.040912	220.051112	218.888995	218.532676	
18.85689	220.040912	220.051112	218.888995	218.532676	
18.86663	220.040912	220.051112	218.888995	218.532676	
18.87671	220.040912	220.051112	218.888995	218.532676	
18.88684	220.040912	220.051112	218.888995	218.532676	
18.89695	220.040912	220.051112	218.888995	218.532676	
18.90713	220.040912	220.051112	218.888995	218.532676	
18.91725	220.040912	220.051112	218.888995	218.532676	
18.92741	220.040912	220.051112	218.888995	218.532676	
18.93753	220.040912	220.051112	218.888995	218.532676	
18.94764	220.040912	220.051112	218.888995	218.532676	
18.95824	220.040912	220.051112	218.888995	218.532676	
18.96799	220.040912	220.051112	218.888995	218.532676	
18.97814	220.040912	220.051112	218.888995	218.532676	
18.98824	220.040912	220.051112	218.888995	218.532676	
18.99833	220.040912	220.051112	218.888995	218.532676	
19.00861	220.040912	220.051112	218.888995	218.532676	
19.01871	220.040912	220.051112	218.888995	218.532676	
19.02885	220.040912	220.051112	218.888995	218.532676	
19.03896	220.040912	220.051112	218.888995	218.532676	
19.0491	220.040912	220.051112	218.888995	218.532676	
19.05944	220.040912	220.051112	218.888995	218.532676	
19.06938	220.040912	220.051112	218.888995	218.532676	
19.07951	220.040912	220.051112	218.888995	218.532676	
19.08961	220.040912	220.051112	218.888995	218.532676	
19.10017	220.040912	220.051112	218.888995	218.532676	
19.10987	220.040912	220.051112	218.888995	218.532676	
19.12	220.040912	220.051112	218.888995	218.532676	
19.13019	220.040912	220.051112	218.888995	218.532676	
19.14022	220.040912	220.051112	218.888995	218.532676	
19.15048	220.040912	220.051112	218.888995	218.532676	
19.16082	220.040912	220.051112	218.888995	218.532676	
19.17065	220.040912	220.051112	218.888995	218.532676	
19.18076	220.040912	220.051112	218.888995	218.532676	
19.1909	220.040912	220.051112	218.888995	218.532676	
19.20106	220.040912	220.051112	218.888995	218.532676	
19.2116	220.040912	220.051112	218.888995	218.532676	
19.22129	220.040912	220.051112	218.888995	218.532676	
19.23168	220.040912	220.051112	218.888995	218.532676	
19.24153	220.040912	220.051112	218.888995	218.532676	
19.25165	220.040912	220.051112	218.888995	218.532676	
19.26996	220.040912	220.051112	218.888995	218.532676	
19.27443	220.040912	220.051112	218.888995	218.532676	
19.28452	220.040912	220.051112	218.888995	218.532676	
19.29464	220.040912	220.051112	218.888995	218.532676	
19.30477	220.040912	220.051112	218.888995	218.532676	
19.31492	220.040912	220.051112	218.888995	218.532676	
19.32504	220.040912	220.051112	218.888995	218.532676	
19.34333	220.040912	220.051112	218.888995	218.532676	
19.3478	220.040912	220.051112	218.888995	218.532676	
19.35789	220.040912	220.051112	218.888995	218.532676	
19.36913	220.040912	220.051112	218.888995	218.532676	
19.38638	220.040912	220.051112	218.888995	218.532676	
19.39072	220.040912	220.051112	218.888995	218.532676	
19.40088	220.040912	220.051112	218.888995	218.532676	
19.41097	220.040912	220.051112	218.888995	218.532676	
19.42903	220.040912	220.051112	218.888995	218.532676	
19.43338	220.040912	220.051112	218.888995	218.532676	
19.44364	220.040912	220.051112	218.888995	218.532676	
19.45367	220.040912	220.051112	218.888995	218.532676	
19.46383	220.040912	220.051112	218.888995	218.532676	
19.47406	220.040912	220.051112	218.888995	218.532676	
19.48416	220.040912	220.051112	218.888995	218.532676	
19.49428	220.040912	220.051112	218.888995	218.532676	
19.50441	220.040912	220.051112	218.888995	218.532676	
19.51453	220.040912	220.051112	218.888995	218.532676	
19.52469	220.040912	220.051112	218.888995	218.532676	
19.53481	220.040912	220.051112	218.888995	218.532676	
19.54502	220.040912	220.051112	218.888995	218.532676	
19.55713	220.040912	220.051112	218.888995	218.532676	
19.56522	220.040912	220.051112	218.888995	218.532676	
19.57538	220.040912	220.051112	218.888995	218.532676	
19.58553	220.040912	220.051112	218.888995	218.532676	
19.59569	220.040912	220.051112	218.888995	218.532676	
19.60578	220.040912	220.051112	218.888995	218.532676	
19.61591	220.040912	220.051112	218.888995	218.532676	
19.62615	220.040912	220.051112	218.888995	218.532676	
19.63619	220.040912	220.051112	218.888995	218.532676	
19.64635	220.040912	220.051112	218.888995	218.532676	
19.65649	220.040912	220.051112	218.888995	218.532676	
19.6666	220.040912	220.051112	218.888995	218.532676	
19.67682	220.040912	220.051112	218.888995	218.532676	
19.68694	220.040912	220.051112	218.888995	218.532676	
19.69707	220.040912	220.051112	218.888995	218.532676	
19.70722	220.040912	220.051112	218.888995	218.532676	
19.71729	220.040912	220.051112	218.888995	218.532676	
19.72744	220.040912	220.051112	218.888995	218.532676	
19.73763	220.040912	220.051112	218.888995	218.532676	
19.74775	220.040912	220.051112	218.888995	218.532676	
19.75785	220.040912	220.051112	218.888995	218.532676	
19.76816	220.040912	220.051112	218.888995	218.532676	
19.77825	220.040912	220.051112	218.888995	218.532676	
19.78835	220.040912	220.051112	218.888995	218.532676	
19.79844	220.040912	220.051112	218.888995	218.532676	
19.80864	220.040912	220.051112	218.888995	218.532676	
19.81899	220.040912	220.051112	218.888995	218.532676	
19.82885	220.040912	220.051112	218.888995	218.532676	
19.83897	220.040912	220.051112	218.888995	218.532676	
19.84915	220.040912	220.051112	218.888995	218.532676	
19.85926	220.040912	220.051112	218.888995	218.532676	
19.86933	220.040912	220.051112	218.888995	218.532676	
19.87961	220.040912	220.051112	218.888995	218.532676	
19.88975	220.040912	220.051112	218.888995	218.532676	
19.89981	220.040912	220.051112	218.888995	218.532676	
19.91003	220.040912	220.051112	218.888995	218.532676	
19.92032	220.040912	220.051112	218.888995	218.532676	
19.93026	220.040912	220.051112	218.888995	218.532676	
19.9403	220.040912	220.051112	218.888995	218.532676	
19.95047	220.040912	220.051112	218.888995	218.532676	
19.96057	220.040912	220.051112	218.888995	218.532676	
19.97069	220.040912	220.051112	218.888995	218.532676	
19.98087	220.040912	220.051112	218.888995	218.532676	
19.99109	220.040912	220.051112	218.888995	218.532676	
20.0012	220.040912	220.051112	218.888995	218.532676	
20.01127	220.040912	220.051112	218.888995	218.532676	
20.02182	220.040912	220.051112	218.888995	218.532676	
20.03151	220.040912	220.051112	218.888995	218.532676	
20.04166	220.040912	220.051112	218.888995	218.532676	
20.05182	220.040912	220.051112	218.888995	218.532676	
20.06188	220.040912	220.051112	218.888995	218.532676	
20.07205	220.040912	220.051112	218.888995	218.532676	
20.08229	220.040912	220.051112	218.888995	218.532676	
20.09239	220.040912	220.051112	218.888995	218.532676	
20.10255	220.040912	220.051112	218.888995	218.532676	
20.11262	220.040912	220.051112	218.888995	218.532676	
20.12311	220.040912	220.051112	218.888995	218.532676	
20.13323	220.040912	220.051112	218.888995	218.532676	
20.14338	220.040912	220.051112	218.888995	218.532676	
20.15355	220.040912	220.051112	218.888995	218.532676	
20.1637	220.040912	220.051112	218.888995	218.532676	
20.17383	220.040912	220.051112	218.888995	218.532676	
20.18426	220.040912	220.051112	218.888995	218.532676	
20.19425	220.040912	220.051112	218.888995	218.532676	
20.20437	220.040912	220.051112	218.888995	218.532676	
20.2144	220.040912	220.051112	218.888995	218.532676	
20.22453	220.040912	220.051112	218.888995	218.532676	
20.23467	220.040912	220.051112	218.888995	218.532676	
20.2448	220.040912	220.051112	218.888995	218.532676	
20.25495	220.040912	220.051112	218.888995	218.532676	
20.26507	220.040912	220.051112	218.888995	218.532676	
20.27525	220.040912	220.051112	218.888995	218.532676	
20.28551	220.040912	220.051112	218.888995	218.532676	
20.29554	220.040912	220.051112	218.888995	218.532676	
20.30566	220.040912	220.051112	218.888995	218.532676	
20.31578	220.040912	220.051112	218.888995	218.532676	
20.32596	220.040912	220.051112	218.888995	218.532676	
20.33609	220.040912	220.051112	218.888995	218.532676	
20.3463	220.040912	220.051112	218.888995	218.532676	
20.35659	220.040912	220.051112	218.888995	218.532676	
20.36646	220.040912	220.051112	218.888995	218.532676	
20.37666	220.040912	220.051112	218.888995	218.532676	
20.38695	220.040912	220.051112	218.888995	218.532676	
20.39693	220.040912	220.051112	218.888995	218.532676	
20.40707	220.040912	220.051112	218.888995	218.532676	
20.41717	220.040912	220.051112	218.888995	218.532676	
20.42729	220.040912	220.051112	218.888995	218.532676	
20.43746	220.040912	220.051112	218.888995	218.532676	
20.44758	220.040912	220.051112	218.888995	218.532676	
20.45793	220.040912	220.051112	218.888995	218.532676	
20.46788	220.040912	220.051112	218.888995	218.532676	
20.47795	220.040912	220.051112	218.888995	218.532676	
20.4882	220.040912	220.051112	218.888995	218.532676	
20.49834	220.040912	220.051112	218.888995	218.532676	
20.50842	220.040912	220.051112	218.888995	218.532676	
20.51855	220.040912	220.051112	218.888995	218.532676	
20.52892	220.040912	220.051112	218.888995	218.532676	
20.53883	220.040912	220.051112	218.888995	218.532676	
20.54895	220.040912	220.051112	218.888995	218.532676	
20.55912	220.040912	220.051112	218.888995	218.532676	
20.56923	220.040912	220.051112	218.888995	218.532676	
20.57931	220.040912	220.051112	218.888995	218.532676	
20.58953	220.040912	220.051112	218.888995	218.532676	
20.59966	220.040912	220.051112	218.888995	218.532676	
20.60978	220.040912	220.051112	218.888995	218.532676	
20.62002	220.040912	220.051112	218.888995	218.532676	
20.63032	220.040912	220.051112	218.888995	218.532676	
20.64013	220.040912	220.051112	218.888995	218.532676	
20.65033	220.040912	220.051112	218.888995	218.532676	
20.6604	220.040912	220.051112	218.888995	218.532676	
20.67049	220.040912	220.051112	218.888995	218.532676	
20.68064	220.040912	220.051112	218.888995	218.532676	
20.69085	220.040912	220.051112	218.888995	218.532676	
20.70097	220.040912	220.051112	218.888995	218.532676	
20.71894	220.040912	220.051112	218.888995	218.532676	
20.72327	220.040912	220.051112	218.888995	218.532676	
20.73397	220.040912	220.051112	218.888995	218.532676	
20.74355	220.040912	220.051112	218.888995	218.532676	
20.75366	220.040912	220.051112	218.888995	218.532676	
20.7638	220.040912	220.051112	218.888995	218.532676	
20.77395	220.040912	220.051112	218.888995	218.532676	
20.78494	220.040912	220.051112	218.888995	218.532676	
20.79459	220.040912	220.051112	218.888995	218.532676	
20.8044	220.040912	220.051112	218.888995	218.532676	
20.8145	220.040912	220.051112	218.888995	218.532676	
20.82462	220.040912	220.051112	218.888995	218.532676	
20.83481	220.040912	220.051112	218.888995	218.532676	
20.84491	220.040912	220.051112	218.888995	218.532676	
20.85506	220.040912	220.051112	218.888995	218.532676	
20.8652	220.040912	220.051112	218.888995	218.532676	
20.87533	220.040912	220.051112	218.888995	218.532676	
20.88616	220.040912	220.051112	218.888995	218.532676	
20.89601	220.040912	220.051112	218.888995	218.532676	
20.90581	220.040912	220.051112	218.888995	218.532676	
20.91591	220.040912	220.051112	218.888995	218.532676	
20.92601	220.040912	220.051112	218.888995	218.532676	
20.93617	220.040912	220.051112	218.888995	218.532676	
20.94637	220.040912	220.051112	218.888995	218.532676	
20.95645	220.040912	220.051112	218.888995	218.532676	
20.96658	220.040912	220.051112	218.888995	218.532676	
20.9767	220.040912	220.051112	218.888995	218.532676	
20.98738	220.040912	220.051112	218.888995	218.532676	
20.99706	220.040912	220.051112	218.888995	218.532676	
21.00713	220.040912	220.051112	218.888995	218.532676	
21.01723	220.040912	220.051112	218.888995	218.532676	
21.02734	220.040912	220.051112	218.888995	218.532676	
21.03752	220.040912	220.051112	218.888995	218.532676	
21.04768	220.040912	220.051112	218.888995	218.532676	
21.05778	220.040912	220.051112	218.888995	218.532676	
21.06791	220.040912	220.051112	218.888995	218.532676	
21.07804	220.040912	220.051112	218.888995	218.532676	
21.08876	220.040912	220.051112	218.888995	218.532676	
21.09862	220.040912	220.051112	218.888995	218.532676	
21.10847	220.040912	220.051112	218.888995	218.532676	
21.11863	220.040912	220.051112	218.888995	218.532676	
21.12893	220.040912	220.051112	218.888995	218.532676	
21.13888	220.040912	220.051112	218.888995	218.532676	
21.14898	220.040912	220.051112	218.888995	218.532676	
21.15912	220.040912	220.051112	218.888995	218.532676	
21.16924	220.040912	220.051112	218.888995	218.532676	
21.17936	220.040912	220.051112	218.888995	218.532676	
21.18999	220.040912	220.051112	218.888995	218.532676	
21.19977	220.040912	220.051112	218.888995	218.532676	
21.20978	220.040912	220.051112	218.888995	218.532676	
21.21986	220.040912	220.051112	218.888995	218.532676	
21.22999	220.040912	220.051112	218.888995	218.532676	
21.24042	220.040912	220.051112	218.888995	218.532676	
21.25033	220.040912	220.051112	218.888995	218.532676	
21.26187	220.040912	220.051112	218.888995	218.532676	
21.27071	220.040912	220.051112	218.888995	218.532676	
21.28106	220.040912	220.051112	218.888995	218.532676	
21.29124	220.040912	220.051112	218.888995	218.532676	
21.30118	220.040912	220.051112	218.888995	218.532676	
21.31122	220.040912	220.051112	218.888995	218.532676	
21.32135	220.040912	220.051112	218.888995	218.532676	
21.33144	220.040912	220.051112	218.888995	218.532676	
21.34185	220.040912	220.051112	218.888995	218.532676	
21.35173	220.040912	220.051112	218.888995	218.532676	
21.36181	220.040912	220.051112	218.888995	218.532676	
21.37196	220.040912	220.051112	218.888995	218.532676	
21.38236	220.040912	220.051112	218.888995	218.532676	
21.39254	220.040912	220.051112	218.888995	218.532676	
21.40244	220.040912	220.051112	218.888995	218.532676	
21.41251	220.040912	220.051112	218.888995	218.532676	
21.42273	220.040912	220.051112	218.888995	218.532676	
21.4327	220.040912	220.051112	218.888995	218.532676	
21.44315	220.040912	220.051112	218.888995	218.532676	
21.45328	220.040912	220.051112	218.888995	218.532676	
21.46341	220.040912	220.051112	218.888995	218.532676	
21.47352	220.040912	220.051112	218.888995	218.532676	
21.4837	220.040912	220.051112	218.888995	218.532676	
21.49492	220.040912	220.051112	218.888995	218.532676	
21.50399	220.040912	220.051112	218.888995	218.532676	
21.51409	220.040912	220.051112	218.888995	218.532676	
21.52421	220.040912	220.051112	218.888995	218.532676	
21.53431	220.040912	220.051112	218.888995	218.532676	
21.5445	220.040912	220.051112	218.888995	218.532676	
21.55468	220.040912	220.051112	218.888995	218.532676	
21.56476	220.040912	220.051112	218.888995	218.532676	
21.5749	220.040912	220.051112	218.888995	218.532676	
21.58505	220.040912	220.051112	218.888995	218.532676	
21.59629	220.040912	220.051112	218.888995	218.532676	
21.60536	220.040912	220.051112	218.888995	218.532676	
21.61547	220.040912	220.051112	218.888995	218.532676	
21.62563	220.040912	220.051112	218.888995	218.532676	
21.6358	220.040912	220.051112	218.888995	218.532676	
21.64593	220.040912	220.051112	218.888995	218.532676	
21.65605	220.040912	220.051112	218.888995	218.532676	
21.66628	220.040912	220.051112	218.888995	218.532676	
21.6764	220.040912	220.051112	218.888995	218.532676	
21.68662	220.040912	220.051112	218.888995	218.532676	
21.69763	220.040912	220.051112	218.888995	218.532676	
21.70708	220.040912	220.051112	218.888995	218.532676	
21.71718	220.040912	220.051112	218.888995	218.532676	
21.72726	220.040912	220.051112	218.888995	218.532676	
21.73931	220.040912	220.051112	218.888995	218.532676	
21.74753	220.040912	220.051112	218.888995	218.532676	
21.75764	220.040912	220.051112	218.888995	218.532676	
21.76777	220.040912	220.051112	218.888995	218.532676	
21.77796	220.040912	220.051112	218.888995	218.532676	
21.78801	220.040912	220.051112	218.888995	218.532676	
21.81301	220.040912	220.051112	218.888995	218.532676	
