11.43208	199.885038	199.883833	6.98252283	6.98131701	
11.44194	199.886596	199.883833	6.98408086	6.98131701	
11.45204	199.888814	199.883833	6.98629811	6.98131701	
11.46224	199.89168	199.883833	6.9891641	6.98131701	
11.47237	199.895138	199.883833	6.99262227	6.99004365	
11.48251	199.89922	199.883833	6.99670454	6.99004365	
11.49261	199.903897	199.883833	7.00138094	6.99004365	
11.50283	199.909258	199.883833	7.00674289	6.99004365	
11.51293	199.915163	199.883833	7.01264705	6.99004365	
11.52304	199.92169	199.883833	7.01917457	6.99004365	
11.53321	199.92888	199.883833	7.02636426	6.99004365	
11.54339	199.936692	199.883833	7.03417662	6.99004365	
11.5535	199.945064	199.883833	7.04254853	6.99004365	
11.56363	199.95407	199.883833	7.05155405	6.9987703	
11.57385	199.963784	199.883833	7.06126892	6.9987703	
11.58393	199.973977	199.883833	7.07146148	6.9987703	
11.59403	199.984802	199.883833	7.08228625	7.00749695	
11.60421	199.996322	199.883833	7.09380665	7.01622359	
11.61435	200.008429	199.883833	7.10591304	7.02495024	
11.62442	200.021053	199.883833	7.11853732	7.04240353	
11.63464	200.034502	199.892559	7.13198656	7.05113018	
11.6448	200.048488	199.892559	7.14597195	7.05985682	
11.65497	200.063102	199.892559	7.16058612	7.07731012	
11.66505	200.078185	199.892559	7.17566966	7.08603676	
11.67515	200.09393	199.892559	7.19141475	7.10349006	
11.6854	200.110529	199.892559	7.20801376	7.12094335	
11.69547	200.127459	199.901286	7.22494315	7.12966999	
11.70556	200.145012	199.901286	7.24249647	7.15584993	
11.71576	200.163407	199.910013	7.26089096	7.17330323	
11.72587	200.182227	199.910013	7.27971121	7.19075652	
11.73611	200.201944	199.927466	7.29942829	7.20820981	
11.74623	200.222023	199.936192	7.31950733	7.2256631	
11.75635	200.242714	199.944919	7.34019835	7.2431164	
11.76647	200.264034	199.953646	7.36151875	7.26056969	
11.7766	200.28597	199.971099	7.38345401	7.28674963	
11.78676	200.308617	199.979826	7.40610152	7.31292957	
11.79689	200.331813	199.997279	7.42929758	7.33038286	
11.8071	200.355792	200.014732	7.45327597	7.3565628	
11.81739	200.38062	200.032186	7.47810432	7.38274274	
11.82747	200.405556	200.049639	7.50304002	7.40019603	
11.8377	200.431453	200.075819	7.5289379	7.42637597	
11.84784	200.457761	200.101999	7.55524499	7.45255591	
11.85794	200.484567	200.119452	7.58205092	7.4700092	
11.86812	200.512223	200.154359	7.60970715	7.50491578	
11.87858	200.541302	200.171812	7.63878654	7.53109572	
11.88838	200.569092	200.206718	7.66657653	7.55727566	
11.89848	200.598372	200.232898	7.6958562	7.5834556	
11.90861	200.628346	200.259078	7.72583065	7.60963554	
11.9188	200.659136	200.293985	7.75661994	7.64454212	
11.92887	200.690139	200.320165	7.78762353	7.67072206	
11.93906	200.722158	200.355071	7.81964223	7.70562865	
11.94913	200.754401	200.381251	7.85188555	7.73180859	
11.95927	200.787508	200.416158	7.88499217	7.76671517	
11.96946	200.821355	200.451065	7.9188394	7.80162176	
11.98	200.857098	200.477245	7.95458243	7.83652834	
11.98969	200.890469	200.520878	7.98795295	7.87143493	
11.99982	200.925965	200.555784	8.02344986	7.90634151	
12.00992	200.962008	200.590691	8.05949224	7.9412481	
12.02002	200.998652	200.625598	8.09613614	7.97615468	
12.03031	201.036596	200.660504	8.13408039	8.01978791	
12.0404	201.074445	200.695411	8.1719292	8.0546945	
12.05058	201.113217	200.730317	8.21070148	8.08960108	
12.06066	201.152258	200.773951	8.24974214	8.13323431	
12.07081	201.19217	200.808857	8.28965454	8.1681409	
12.08921	201.26701	200.87867	8.36449481	8.23795407	
12.09358	201.284703	200.896124	8.38218775	8.25540736	
12.1037	201.326502	200.93103	8.42398661	8.29904059	
12.11382	201.368894	200.974663	8.46637879	8.34267382	
12.12395	201.411996	201.00957	8.50948062	8.37758041	
12.13411	201.455768	201.053203	8.55325209	8.42121364	
12.1444	201.500845	201.096836	8.59832953	8.46484687	
12.15442	201.545215	201.131743	8.64269984	8.5084801	
12.16457	201.590806	201.16665	8.68829005	8.55211333	
12.17475	201.637204	201.201556	8.73468809	8.59574657	
12.18502	201.684629	201.245189	8.78211343	8.6393798	
12.19499	201.731256	201.288823	8.82874085	8.68301303	
12.20509	201.779113	201.323729	8.87659708	8.72664626	
12.21527	201.827948	201.367362	8.92543223	8.77900614	
12.22568	201.878628	201.410996	8.9761123	8.82263937	
12.23554	201.927072	201.454629	9.02455644	8.87499925	
12.24572	201.977817	201.498262	9.07530124	8.91863248	
12.25585	202.028886	201.541895	9.12637079	8.97099236	
12.26719	202.086932	201.585529	9.18441671	9.02335223	
12.27608	202.132743	201.629162	9.23022746	9.07571211	
12.28624	202.185827	201.672795	9.28331179	9.11934534	
12.29634	202.239225	201.716428	9.336709	9.17170522	
12.30647	202.293365	201.760062	9.39084913	9.21533845	
12.3166	202.348126	201.812421	9.44561009	9.27642497	
12.32686	202.40428	201.856055	9.50176492	9.32005821	
12.33685	202.459472	201.899688	9.55695615	9.38114473	
12.34713	202.516977	201.952048	9.61446096	9.42477796	
12.35716	202.573652	202.004408	9.67113622	9.48586448	
12.3673	202.63154	202.048041	9.72902436	9.53822436	
12.37762	202.691129	202.100401	9.78861392	9.59931089	
12.38771	202.749989	202.152761	9.84747363	9.65167076	
12.39788	202.809921	202.20512	9.90740508	9.70403064	
12.408	202.87017	202.25748	9.96765439	9.76511716	
12.41813	202.931137	202.318567	10.0286217	9.81747704	
12.42829	202.992906	202.370927	10.0903902	9.87856357	
12.43979	203.063627	202.423287	10.1611111	9.93092344	
12.44851	203.117634	202.475647	10.215118	9.99200997	
12.45866	203.181141	202.528006	10.278625	10.0530965	
12.4688	203.245291	202.580366	10.3427753	10.1054564	
12.47895	203.31002	202.641453	10.4075048	10.1578162	
12.48906	203.375158	202.702539	10.4726428	10.2189028	
12.49918	203.440943	202.754899	10.5384272	10.2799893	
12.50938	203.507874	202.815986	10.6053582	10.3323492	
12.51958	203.575489	202.877072	10.6729734	10.3934357	
12.52965	203.642808	202.929432	10.740292	10.4545222	
12.54105	203.719877	202.990519	10.8173612	10.5068821	
12.54996	203.780482	203.051605	10.8779664	10.5679686	
12.56015	203.85043	203.103965	10.9479141	10.6290551	
12.57026	203.920445	203.165052	11.0179294	10.6901417	
12.58087	203.994708	203.226138	11.0921919	10.7512282	
12.59061	204.063387	203.287225	11.1608716	10.8035881	
12.60106	204.13775	203.348311	11.2352343	10.8646746	
12.61122	204.210609	203.409398	11.3080937	10.9257611	
12.62349	204.299691	203.470484	11.3971751	10.9868476	
12.63149	204.357966	203.540297	11.4554505	11.0479342	
12.64226	204.437286	203.601384	11.5347706	11.100294	
12.65177	204.507799	203.66247	11.605283	11.1701072	
12.66211	204.585126	203.732284	11.6826102	11.2224671	
12.67219	204.661109	203.79337	11.7585939	11.2835536	
12.68236	204.738487	203.863183	11.8359714	11.3446401	
12.6923	204.814618	203.932996	11.9121023	11.4057267	
12.70273	204.895147	204.00281	11.9926313	11.4668132	
12.71286	204.974027	204.063896	12.0715119	11.5191731	
12.73082	205.116219	204.133709	12.2137032	11.5889862	
12.73628	205.159405	204.229702	12.2568896	11.6587994	
12.74638	205.240051	204.299516	12.3375356	11.7286126	
12.75633	205.320105	204.378055	12.4175895	11.7896991	
12.76645	205.402122	204.447869	12.4996062	11.8507856	
12.77658	205.484786	204.517682	12.5822702	11.9118721	
12.7867	205.568064	204.587495	12.6655488	11.9729587	
12.79701	205.653567	204.666035	12.7510514	12.0340452	
12.80727	205.739277	204.744575	12.8367616	12.0951317	
12.81755	205.825772	204.814388	12.9232569	12.1562182	
12.82739	205.909143	204.892928	13.0066271	12.2173048	
12.83787	205.998596	204.971467	13.0960806	12.2871179	
12.84893	206.093728	205.058734	13.191212	12.3482045	
12.85898	206.180797	205.137274	13.2782813	12.409291	
12.86928	206.270579	205.215813	13.3680635	12.4703775	
12.87927	206.358299	205.294353	13.4557832	12.531464	
12.89767	206.522411	205.372893	13.6198953	12.6012772	
12.90317	206.571501	205.477613	13.6689856	12.679817	
12.91294	206.65922	205.556153	13.7567042	12.7409035	
12.92332	206.753129	205.643419	13.8506134	12.8019901	
12.93359	206.846737	205.721959	13.9442211	12.8630766	
12.95217	207.018551	205.879039	14.1160352	12.9852496	
12.95759	207.068551	205.922672	14.1660352	13.0201562	
12.96776	207.163265	206.009938	14.2607494	13.0812427	
12.97824	207.261611	206.097205	14.3590954	13.1423293	
12.98802	207.353899	206.184471	14.4513833	13.2034158	
12.99819	207.450441	206.263011	14.5479259	13.2645023	
13.00867	207.550587	206.359004	14.648071	13.3255888	
13.0185	207.645194	206.446271	14.7426783	13.3866754	
13.02862	207.743117	206.542264	14.8406012	13.4564885	
13.03887	207.842991	206.62953	14.9404753	13.5088484	
13.05014	207.953548	206.716797	15.0510326	13.5786616	
13.05912	208.042019	206.81279	15.1395036	13.6397481	
13.06969	208.146945	206.908783	15.2444297	13.7008346	
13.0795	208.244933	206.996049	15.3424169	13.7619212	
13.09005	208.350928	207.092042	15.4484128	13.8230077	
13.09975	208.449014	207.188036	15.5464983	13.8928208	
13.11021	208.555347	207.284029	15.6528317	13.9539074	
13.12005	208.655907	207.380022	15.7533912	14.0149939	
13.13041	208.762568	207.476015	15.8600524	14.0760804	
13.14037	208.865676	207.572008	15.9631604	14.1371669	
13.15154	208.982054	207.668001	16.0795383	14.2069801	
13.16065	209.077398	207.763994	16.1748825	14.2680666	
13.17112	209.18769	207.868714	16.2851743	14.3291532	
13.18884	209.376663	208.043247	16.4741471	14.4338729	
13.19397	209.431222	208.095607	16.5287063	14.4687795	
13.20412	209.540174	208.1916	16.6376586	14.529866	
13.21428	209.649865	208.287593	16.7473489	14.5909525	
13.22446	209.760394	208.392313	16.8578779	14.6607657	
13.2346	209.871082	208.488306	16.9685668	14.7218522	
13.24474	209.980497	208.593026	17.077981	14.7829388	
13.25503	210.090995	208.689019	17.1884798	14.8440253	
13.26506	210.19801	208.785012	17.2954941	14.9051118	
13.27525	210.306219	208.889732	17.4037032	14.974925	
13.28538	210.413028	208.985725	17.5105127	15.0360115	
13.29554	210.519721	209.090444	17.6172056	15.097098	
13.3059	210.62784	209.186437	17.7253246	15.1581846	
13.3161	210.733617	209.282431	17.8311018	15.2192711	
13.33634	210.9405	209.49187	18.0379849	15.3414441	
13.34187	210.997104	209.54423	18.094588	15.3763507	
13.36087	211.188715	209.736216	18.2861992	15.4897971	
13.36603	211.240699	209.788576	18.3381838	15.5247037	
13.37629	211.343557	209.884569	18.4410414	15.5857902	
13.38656	211.445713	209.989289	18.5431969	15.6468767	
13.39651	211.544274	210.085282	18.6417589	15.7079633	
13.40662	211.643684	210.190002	18.7411681	15.7777764	
13.4168	211.743207	210.294722	18.840691	15.838863	
13.427	211.8423	210.399441	18.9397847	15.8999495	
13.43719	211.942214	210.495434	19.0396988	15.961036	
13.44729	212.037713	210.600154	19.135197	16.0221225	
13.45742	212.134346	210.704874	19.2318303	16.0919357	
13.46762	212.230927	210.800867	19.3284112	16.1442956	
13.47815	212.330046	210.905587	19.4275301	16.2053821	
13.48788	212.421125	211.010307	19.5186099	16.2664686	
13.49803	212.515533	211.115026	19.6130177	16.3362818	
13.5164	212.683919	211.211019	19.7814037	16.3886417	
13.52164	212.731939	211.350646	19.829423	16.4759081	
13.53182	212.824548	211.446639	19.9220324	16.5369947	
13.54227	212.919006	211.551359	20.0164904	16.5893545	
13.56038	213.080278	211.656078	20.1777628	16.6504411	
13.56558	213.126629	211.786978	20.2241132	16.7289809	
13.57581	213.217063	211.882971	20.3145472	16.7900674	
13.59427	213.377769	211.987691	20.4752537	16.8511539	
13.5995	213.423297	212.127317	20.5207813	16.9296937	
13.60994	213.51347	212.22331	20.6109547	16.9820536	
13.62008	213.600447	212.32803	20.6979313	17.0431401	
13.62987	213.683883	212.424023	20.7813677	17.1042267	
13.64029	213.771978	212.528743	20.8694625	17.1565865	
13.65023	213.855512	212.624736	20.9529962	17.2176731	
13.66043	213.940534	212.729456	21.0380183	17.2787596	
13.67056	214.024411	212.825449	21.1218956	17.3398461	
13.68101	214.110285	212.930169	21.2077692	17.392206	
13.69086	214.190746	213.034888	21.2882307	17.4532925	
13.70129	214.275145	213.130882	21.3726298	17.514379	
13.71122	214.354986	213.226875	21.4524702	17.5667389	
13.72945	214.499211	213.322868	21.5966957	17.6278254	
13.73456	214.539687	213.453768	21.6371716	17.6976386	
13.7448	214.619916	213.549761	21.7174007	17.7587251	
13.75577	214.705255	213.645754	21.8027392	17.811085	
13.76553	214.780574	213.750473	21.8780587	17.8721715	
13.77596	214.860528	213.83774	21.9580129	17.9332581	
13.78584	214.935636	213.94246	22.0331202	17.9856179	
13.79603	215.012427	214.029726	22.1099117	18.0467045	
13.80662	215.091638	214.125719	22.1891222	18.0990643	
13.81642	215.164369	214.221712	22.2618535	18.1601509	
13.82649	215.238515	214.308979	22.335999	18.2212374	
13.83666	215.312792	214.404972	22.4102766	18.2735973	
13.85506	215.444695	214.492238	22.5421795	18.3259571	
13.86154	215.49115	214.623138	22.5886344	18.4132236	
13.87182	215.564067	214.710405	22.6615517	18.4655835	
13.88174	215.633898	214.797671	22.731382	18.52667	
13.89191	215.704879	214.884938	22.8023634	18.5877565	
13.90238	215.7773	214.972204	22.8747844	18.6401164	
13.91227	215.845105	215.05947	22.9425892	18.7012029	
13.92271	215.916046	215.13801	23.01353	18.7535628	
13.93282	215.984187	215.225277	23.0816712	18.8146493	
13.94274	216.050442	215.303817	23.1479267	18.8670092	
13.95312	216.119104	215.391083	23.2165888	18.9193691	
13.96531	216.198898	215.469623	23.2963823	18.9891823	
13.98753	216.34067	215.548163	23.4381546	19.0415421	
13.99291	216.375126	215.705242	23.4726105	19.1462619	
14.00304	216.439119	215.775055	23.5366038	19.1986218	
14.02172	216.55481	215.853595	23.6522947	19.2597083	
14.02638	216.583699	215.949588	23.681183	19.3382481	
14.03661	216.646439	216.036855	23.7439234	19.390608	
14.04676	216.707991	216.106668	23.8054759	19.4516945	
14.05705	216.7698	216.176481	23.8672845	19.512781	
14.0672	216.830198	216.246294	23.9276826	19.5651409	
14.07734	216.889912	216.316107	23.9873962	19.6262274	
14.08752	216.949277	216.394647	24.046761	19.687314	
14.09818	217.010737	216.46446	24.1082216	19.7396738	
14.10796	217.066634	216.534274	24.1641186	19.7920337	
14.11824	217.124737	216.604087	24.2222211	19.8531202	
14.13692	217.228525	216.665173	24.3260091	19.9142068	
14.14188	217.255159	216.761166	24.3526437	19.9840199	
14.15193	217.309957	216.822253	24.4074418	20.0451065	
14.1635	217.372266	216.892066	24.4697502	20.0974663	
14.17262	217.420951	216.961879	24.5184357	20.1585529	
14.18271	217.474132	217.022966	24.5716167	20.2109127	
14.19271	217.526305	217.084052	24.623789	20.2719993	
14.20317	217.580193	217.145139	24.6776777	20.3243591	
14.21308	217.630731	217.206225	24.7282154	20.3854457	
14.23173	217.723293	217.267312	24.8207775	20.4378055	
14.23637	217.746619	217.345852	24.8441037	20.5163454	
14.25527	217.837584	217.406938	24.9350683	20.5687052	
14.2602	217.861419	217.485478	24.9589032	20.6472451	
14.2788	217.948667	217.537838	25.0461517	20.6996049	
14.28347	217.970611	217.616378	25.0680958	20.7781447	
14.29405	218.019536	217.668738	25.1170206	20.8305046	
14.30389	218.064511	217.729824	25.1619954	20.8915911	
14.31412	218.110635	217.782184	25.2081191	20.943951	
14.32424	218.155697	217.834544	25.2531815	21.0050375	
14.33484	218.202159	217.886904	25.2996435	21.0661241	
14.35348	218.281512	217.939264	25.3789966	21.1184839	
14.35827	218.301936	218.009077	25.3994203	21.1970238	
14.37702	218.379189	218.061437	25.4766739	21.2581103	
14.38175	218.398752	218.13125	25.4962364	21.3279235	
14.39224	218.441265	218.18361	25.5387493	21.38901	
14.40207	218.480605	218.227243	25.5780895	21.4500965	
14.41262	218.522113	218.279603	25.6195976	21.5024564	
14.42244	218.560261	218.323236	25.6577452	21.5635429	
14.4327	218.599465	218.375596	25.6969494	21.6246294	
14.44278	218.637407	218.410503	25.7348919	21.6769893	
14.45296	218.675115	218.462862	25.772599	21.7380758	
14.46357	218.713774	218.506496	25.8112585	21.7904357	
14.47338	218.748969	218.550129	25.8464539	21.8515222	
14.48359	218.784992	218.602489	25.882476	21.9038821	
14.4938	218.820424	218.646122	25.9179081	21.9649686	
14.50419	218.855833	218.689755	25.9533179	22.0260552	
14.51415	218.889246	218.724662	25.98673	22.078415	
14.52438	218.923091	218.768295	26.0205754	22.1307749	
14.53482	218.956688	218.811928	26.0541725	22.1918614	
14.54486	218.988607	218.846835	26.086091	22.2442213	
14.55539	219.021378	218.890468	26.1188626	22.3053078	
14.57421	219.077542	218.925375	26.1750259	22.3576677	
14.57898	219.091819	218.977735	26.1893029	22.4362075	
14.58947	219.122437	219.021368	26.219921	22.4885674	
14.59939	219.150884	219.056274	26.2483681	22.5496539	
14.60962	219.17957	219.091181	26.2770549	22.6020138	
14.61981	219.207565	219.126088	26.3050498	22.6543737	
14.63878	219.257166	219.160994	26.3546503	22.7067336	
14.64345	219.269431	219.204627	26.3669159	22.7852734	
14.66257	219.316826	219.239534	26.4143109	22.8376333	
14.66716	219.328288	219.283167	26.4257725	22.9074464	
14.67741	219.353104	219.318074	26.4505883	22.968533	
14.68784	219.377724	219.344254	26.4752082	23.0208928	
14.69782	219.400735	219.37916	26.4982189	23.0732527	
14.70795	219.423515	219.40534	26.5209996	23.1343392	
14.72673	219.463289	219.440247	26.5607737	23.1866991	
14.73152	219.473496	219.475153	26.5709809	23.2565123	
14.74184	219.494729	219.51006	26.5922137	23.3175988	
14.75229	219.515623	219.527513	26.6131075	23.3699587	
14.76216	219.53483	219.56242	26.632314	23.4223186	
14.77233	219.554024	219.5886	26.6515081	23.4746784	
14.79127	219.587326	219.606053	26.6848109	23.5270383	
14.79591	219.59555	219.64096	26.6930344	23.6055781	
14.8065	219.613521	219.66714	26.7110058	23.657938	
14.81647	219.629912	219.69332	26.7273963	23.7190245	
14.82702	219.646632	219.7195	26.7441164	23.7713844	
14.83687	219.66173	219.736953	26.7592142	23.8237443	
14.84713	219.676855	219.771859	26.7743391	23.8761042	
14.85717	219.691126	219.789313	26.7886101	23.9371907	
14.86806	219.705941	219.815493	26.8034251	23.9982772	
14.87825	219.719242	219.841673	26.8167266	24.0506371	
14.88877	219.732382	219.859126	26.8298662	24.102997	
14.89848	219.744018	219.876579	26.841502	24.1553568	
14.91709	219.764029	219.902759	26.8615136	24.2164434	
14.92173	219.769078	219.928939	26.8665629	24.2862565	
14.93229	219.779812	219.946392	26.8772964	24.3386164	
14.94228	219.789465	219.963846	26.886949	24.3997029	
14.95231	219.798633	219.981299	26.8961174	24.4520628	
14.96247	219.807384	219.981299	26.904868	24.5044227	
14.9727	219.815647	219.998752	26.9131315	24.5567826	
14.98286	219.823341	220.007479	26.9208254	24.6091425	
14.99301	219.830499	220.016206	26.927983	24.670229	
15.00315	219.837142	220.016206	26.9346267	24.7225889	
15.01333	219.843297	220.033659	26.9407811	24.7836754	
15.03215	219.852552	220.033659	26.9500367	24.8360353	
15.03679	219.854899	220.042385	26.9523836	24.9058484	
15.04708	219.859484	220.051112	26.9569683	24.9582083	
15.0572	219.863535	220.051112	26.9610191	25.0192948	
15.06889	219.867578	220.051112	26.9650626	25.0716547	
15.07767	219.870351	220.051112	26.9678354	25.1327412	
15.08776	219.873091	220.051112	26.9705749	25.1851011	
15.09792	219.875446	220.051112	26.9729309	25.237461	
15.11664	219.878174	220.051112	26.9756581	25.2898209	
15.1214	219.878939	220.042385	26.976423	25.3683607	
15.13155	219.883833	220.042385	26.981317	25.4207206	
15.14209	219.883833	220.051112	26.981317	25.4730804	
15.15197	219.883833	220.051112	26.981317	25.5254403	
15.16208	219.883833	220.051112	26.981317	25.5865268	
15.18079	219.883833	220.051112	26.981317	25.6388867	
15.1854	219.883833	220.051112	26.981317	25.7086999	
15.19564	219.883833	220.051112	26.981317	25.7697864	
15.2062	219.883833	220.051112	26.981317	25.8308729	
15.21629	219.883833	220.051112	26.981317	25.8832328	
15.22629	219.883833	220.051112	26.981317	25.9355927	
15.23654	219.883833	220.051112	26.981317	25.9966792	
15.24691	219.883833	220.051112	26.981317	26.0490391	
15.25708	219.883833	220.051112	26.981317	26.1101256	
15.2686	219.883833	220.051112	26.981317	26.1624855	
15.27787	219.883833	220.051112	26.981317	26.2148454	
15.2876	219.883833	220.051112	26.981317	26.2672052	
15.29801	219.883833	220.051112	26.981317	26.3282918	
15.30795	219.883833	220.051112	26.981317	26.3806516	
15.3269	219.883833	220.051112	26.981317	26.4417382	
15.33165	219.883833	220.051112	26.981317	26.5115513	
15.34183	219.883833	220.051112	26.981317	26.5639112	
15.35199	219.883833	220.051112	26.981317	26.6162711	
15.36214	219.883833	220.051112	26.981317	26.668631	
15.37233	219.883833	220.051112	26.981317	26.7209908	
15.38271	219.883833	220.051112	26.981317	26.7733507	
15.39277	219.883833	220.051112	26.981317	26.8344372	
15.40287	219.883833	220.051112	26.981317	26.8780705	
15.41303	219.883833	220.051112	26.981317	26.9304304	
15.4233	219.883833	220.051112	26.981317	26.9740636	
15.43338	219.883833	220.051112	26.981317	27.0176968	
15.44358	219.883833	220.051112	26.981317	27.0438768	
15.45385	219.883833	220.051112	26.981317	27.0700567	
15.46393	219.883833	220.051112	26.981317	27.08751	
15.4741	219.883833	220.051112	26.981317	27.0962366	
15.48425	219.883833	220.051112	26.981317	27.0962366	
15.49447	219.883833	220.051112	26.981317	27.08751	
15.50476	219.883833	220.051112	26.981317	27.0700567	
15.51481	219.883833	220.051112	26.981317	27.0526034	
15.52496	219.883833	220.051112	26.981317	27.0438768	
15.53521	219.883833	220.051112	26.981317	27.0176968	
15.54534	219.883833	220.051112	26.981317	27.0002435	
15.55551	219.883833	220.051112	26.981317	26.9827902	
15.56576	219.883833	220.042385	26.981317	26.9740636	
15.57585	219.883833	220.042385	26.981317	26.9653369	
15.58607	219.883833	220.042385	26.981317	26.9653369	
15.59627	219.883833	220.042385	26.981317	26.9566103	
15.62303	219.883833	220.042385	26.981317	26.9566103	
15.62758	219.883833	220.042385	26.981317	26.9566103	
15.63784	219.883833	220.042385	26.981317	26.9566103	
15.64794	219.883833	220.042385	26.981317	26.9653369	
15.65821	219.883833	220.042385	26.981317	26.9653369	
15.66919	219.883833	220.042385	26.981317	26.9740636	
15.68688	219.883833	220.042385	26.981317	26.9740636	
15.69155	219.883833	220.042385	26.981317	26.9827902	
15.70181	219.883833	220.033659	26.981317	26.9827902	
15.71187	219.883833	220.033659	26.981317	26.9827902	
15.72209	219.883833	220.033659	26.981317	26.9827902	
15.73221	219.883833	220.033659	26.981317	26.9827902	
15.74239	219.883833	220.033659	26.981317	26.9827902	
15.75258	219.883833	220.033659	26.981317	26.9827902	
15.76272	219.883833	220.033659	26.981317	26.9827902	
15.77325	219.883833	220.033659	26.981317	26.9827902	
15.78349	219.883833	220.033659	26.981317	26.9827902	
15.79361	219.883833	220.033659	26.981317	26.9827902	
15.80382	219.883833	220.033659	26.981317	26.9827902	
15.81404	219.883833	220.033659	26.981317	26.9827902	
15.82414	219.883833	220.033659	26.981317	26.9827902	
15.83431	219.883833	220.033659	26.981317	26.9827902	
15.84451	219.883833	220.033659	26.981317	26.9827902	
15.85463	219.883833	220.033659	26.981317	26.9827902	
15.86493	219.883833	220.033659	26.981317	26.9827902	
15.87509	219.883833	220.033659	26.981317	26.9827902	
15.88528	219.883833	220.033659	26.981317	26.9827902	
15.89548	219.883833	220.033659	26.981317	26.9827902	
15.90559	219.883833	220.033659	26.981317	26.9827902	
15.91578	219.883833	220.033659	26.981317	26.9827902	
15.926	219.883833	220.033659	26.981317	26.9827902	
15.93613	219.883833	220.033659	26.981317	26.9827902	
15.94627	219.883833	220.033659	26.981317	26.9827902	
15.95649	219.883833	220.033659	26.981317	26.9827902	
15.96664	219.883833	220.033659	26.981317	26.9827902	
15.97703	219.883833	220.033659	26.981317	26.9827902	
15.98713	219.883833	220.033659	26.981317	26.9827902	
15.99734	219.883833	220.033659	26.981317	26.9827902	
16.00754	219.883833	220.033659	26.981317	26.9827902	
16.01771	219.883833	220.033659	26.981317	26.9827902	
16.02788	219.883833	220.033659	26.981317	26.9827902	
16.03808	219.883833	220.033659	26.981317	26.9827902	
16.04824	219.883833	220.033659	26.981317	26.9827902	
16.05847	219.883833	220.033659	26.981317	26.9827902	
16.06878	219.883833	220.033659	26.981317	26.9827902	
16.07879	219.883833	220.033659	26.981317	26.9827902	
16.08902	219.883833	220.033659	26.981317	26.9827902	
16.09929	219.883833	220.033659	26.981317	26.9827902	
16.10961	219.883833	220.033659	26.981317	26.9827902	
16.11979	219.883833	220.033659	26.981317	26.9827902	
16.12981	219.883833	220.033659	26.981317	26.9827902	
16.13998	219.883833	220.033659	26.981317	26.9827902	
16.15019	219.883833	220.033659	26.981317	26.9827902	
16.1603	219.883833	220.033659	26.981317	26.9827902	
16.17072	219.883833	220.033659	26.981317	26.9827902	
16.18099	219.883833	220.033659	26.981317	26.9827902	
16.19089	219.883833	220.033659	26.981317	26.9827902	
16.20931	219.883833	220.033659	26.981317	26.9827902	
16.21391	219.883833	220.033659	26.981317	26.9827902	
16.22404	219.883833	220.033659	26.981317	26.9827902	
16.23421	219.883833	220.033659	26.981317	26.9827902	
16.24441	219.883833	220.033659	26.981317	26.9827902	
16.25455	219.883833	220.033659	26.981317	26.9827902	
16.27439	219.883833	220.033659	26.981317	26.9827902	
16.27922	219.883833	220.033659	26.981317	26.9827902	
16.28913	219.883833	220.033659	26.981317	26.9827902	
16.29932	219.883833	220.033659	26.981317	26.9827902	
16.31766	219.883833	220.033659	26.981317	26.9827902	
16.32225	219.883833	220.033659	26.981317	26.9827902	
16.33245	219.883833	220.033659	26.981317	26.9827902	
16.34264	219.883833	220.033659	26.981317	26.9827902	
16.35292	219.883833	220.033659	26.981317	26.9827902	
16.36294	219.883833	220.033659	26.981317	26.9827902	
16.37357	219.883833	220.033659	26.981317	26.9827902	
16.38372	219.883833	220.033659	26.981317	26.9827902	
16.39351	219.883833	220.033659	26.981317	26.9827902	
16.40367	219.883833	220.033659	26.981317	26.9827902	
16.41393	219.883833	220.033659	26.981317	26.9827902	
16.424	219.883833	220.033659	26.981317	26.9827902	
16.43417	219.883833	220.033659	26.981317	26.9827902	
16.44435	219.883833	220.033659	26.981317	26.9827902	
16.45453	219.883833	220.033659	26.981317	26.9827902	
16.46481	219.883833	220.033659	26.981317	26.9827902	
16.47502	219.883833	220.033659	26.981317	26.9827902	
16.48504	219.883833	220.033659	26.981317	26.9827902	
16.50345	219.883833	220.033659	26.981317	26.9827902	
16.50799	219.883833	220.033659	26.981317	26.9827902	
16.51826	219.883833	220.033659	26.981317	26.9827902	
16.52841	219.883833	220.033659	26.981317	26.9827902	
16.53854	219.883833	220.033659	26.981317	26.9827902	
16.54879	219.883833	220.033659	26.981317	26.9827902	
16.55888	219.883833	220.033659	26.981317	26.9827902	
16.56915	219.883833	220.033659	26.981317	26.9827902	
16.5793	219.883833	220.033659	26.981317	26.9827902	
16.58956	219.883833	220.033659	26.981317	26.9827902	
16.59975	219.883833	220.033659	26.981317	26.9827902	
16.60996	219.883833	220.033659	26.981317	26.9827902	
16.62035	219.883833	220.033659	26.981317	26.9827902	
16.63026	219.883833	220.033659	26.981317	26.9827902	
16.64047	219.883833	220.033659	26.981317	26.9827902	
16.65066	219.883833	220.033659	26.981317	26.9827902	
16.66088	219.883833	220.033659	26.981317	26.9827902	
16.67121	219.883833	220.033659	26.981317	26.9827902	
16.68144	219.883833	220.033659	26.981317	26.9827902	
16.69148	219.883833	220.033659	26.981317	26.9827902	
16.70168	219.883833	220.033659	26.981317	26.9827902	
16.71184	219.883833	220.033659	26.981317	26.9827902	
16.72196	219.883833	220.033659	26.981317	26.9827902	
16.73216	219.883833	220.033659	26.981317	26.9827902	
16.74229	219.883833	220.033659	26.981317	26.9827902	
16.75256	219.883833	220.033659	26.981317	26.9827902	
16.76274	219.883833	220.033659	26.981317	26.9827902	
16.77292	219.883833	220.033659	26.981317	26.9827902	
16.78343	219.883833	220.033659	26.981317	26.9827902	
16.79329	219.883833	220.033659	26.981317	26.9827902	
16.80348	219.883833	220.033659	26.981317	26.9827902	
16.81365	219.883833	220.033659	26.981317	26.9827902	
16.82381	219.883833	220.033659	26.981317	26.9827902	
16.83416	219.883833	220.033659	26.981317	26.9827902	
16.84421	219.883833	220.033659	26.981317	26.9827902	
16.85441	219.883833	220.033659	26.981317	26.9827902	
16.86464	219.883833	220.033659	26.981317	26.9827902	
16.8752	219.883833	220.033659	26.981317	26.9827902	
16.88499	219.883833	220.033659	26.981317	26.9827902	
16.89523	219.883833	220.033659	26.981317	26.9827902	
16.90537	219.883833	220.033659	26.981317	26.9827902	
16.91561	219.883833	220.033659	26.981317	26.9827902	
16.92576	219.883833	220.033659	26.981317	26.9827902	
16.93631	219.883833	220.033659	26.981317	26.9827902	
16.94614	219.883833	220.033659	26.981317	26.9827902	
16.95635	219.883833	220.033659	26.981317	26.9827902	
16.96662	219.883833	220.033659	26.981317	26.9827902	
16.98533	219.883833	220.033659	26.981317	26.9827902	
16.99003	219.883833	220.033659	26.981317	26.9827902	
17.00016	219.883833	220.033659	26.981317	26.9827902	
17.01032	219.883833	220.033659	26.981317	26.9827902	
17.02055	219.883833	220.033659	26.981317	26.9827902	
17.03072	219.883833	220.033659	26.981317	26.9827902	
17.04931	219.883833	220.033659	26.981317	26.9827902	
17.05393	219.883833	220.033659	26.981317	26.9827902	
17.06408	219.883833	220.033659	26.981317	26.9827902	
17.07426	219.883833	220.033659	26.981317	26.9827902	
17.08445	219.883833	220.033659	26.981317	26.9827902	
17.09469	219.883833	220.033659	26.981317	26.9827902	
17.10494	219.883833	220.033659	26.981317	26.9827902	
17.11503	219.883833	220.033659	26.981317	26.9827902	
17.12525	219.883833	220.033659	26.981317	26.9827902	
17.14305	219.883833	220.033659	26.981317	26.9827902	
17.1474	219.883833	220.033659	26.981317	26.9827902	
17.15753	219.883833	220.033659	26.981317	26.9827902	
17.16768	219.883833	220.033659	26.981317	26.9827902	
17.17897	219.883833	220.033659	26.981317	26.9827902	
17.18798	219.883833	220.033659	26.981317	26.9827902	
17.19813	219.883833	220.033659	26.981317	26.9827902	
17.20847	219.883833	220.033659	26.981317	26.9827902	
17.21835	219.883833	220.033659	26.981317	26.9827902	
17.22876	219.883833	220.033659	26.981317	26.9827902	
17.2386	219.883833	220.033659	26.981317	26.9827902	
17.2488	219.883833	220.033659	26.981317	26.9827902	
17.25888	219.883833	220.033659	26.981317	26.9827902	
17.26899	219.883833	220.033659	26.981317	26.9827902	
17.28229	219.883833	220.033659	26.981317	26.9827902	
17.28932	219.883833	220.033659	26.981317	26.9827902	
17.29949	219.883833	220.033659	26.981317	26.9827902	
17.31027	219.883833	220.033659	26.981317	26.9827902	
17.33054	219.883833	220.033659	26.981317	26.9827902	
17.33493	219.883833	220.033659	26.981317	26.9827902	
17.34507	219.883833	220.033659	26.981317	26.9827902	
17.35519	219.883833	220.033659	26.981317	26.9827902	
17.36531	219.883833	220.033659	26.981317	26.9827902	
17.37546	219.883833	220.033659	26.981317	26.9827902	
17.38625	219.883833	220.033659	26.981317	26.9827902	
17.39638	219.883833	220.033659	26.981317	26.9827902	
17.40656	219.883833	220.033659	26.981317	26.9827902	
17.41684	219.883833	220.033659	26.981317	26.9827902	
17.42682	219.883833	220.033659	26.981317	26.9827902	
17.43699	219.883833	220.033659	26.981317	26.9827902	
17.44718	219.883833	220.033659	26.981317	26.9827902	
17.45721	219.883833	220.033659	26.981317	26.9827902	
17.46739	219.883833	220.033659	26.981317	26.9827902	
17.47747	219.883833	220.033659	26.981317	26.9827902	
17.48772	219.883833	220.033659	26.981317	26.9827902	
17.49779	219.883833	220.033659	26.981317	26.9827902	
17.50794	219.883833	220.033659	26.981317	26.9827902	
17.5182	219.883833	220.033659	26.981317	26.9827902	
17.52859	219.883833	220.033659	26.981317	26.9827902	
17.53835	219.883833	220.033659	26.981317	26.9827902	
17.54849	219.883833	220.033659	26.981317	26.9827902	
17.55862	219.883833	220.033659	26.981317	26.9827902	
17.56878	219.883833	220.033659	26.981317	26.9827902	
17.57896	219.883833	220.033659	26.981317	26.9827902	
17.58904	219.883833	220.033659	26.981317	26.9827902	
17.59923	219.883833	220.033659	26.981317	26.9827902	
17.60929	219.883833	220.033659	26.981317	26.9827902	
17.61977	219.883833	220.033659	26.981317	26.9827902	
17.63016	219.883833	220.033659	26.981317	26.9827902	
17.64011	219.883833	220.033659	26.981317	26.9827902	
17.65029	219.883833	220.033659	26.981317	26.9827902	
17.66049	219.883833	220.033659	26.981317	26.9827902	
17.67069	219.883833	220.033659	26.981317	26.9827902	
17.68108	219.883833	220.033659	26.981317	26.9827902	
17.69934	219.883833	220.033659	26.981317	26.9827902	
17.70371	219.883833	220.033659	26.981317	26.9827902	
17.71381	219.883833	220.033659	26.981317	26.9827902	
17.72394	219.883833	220.033659	26.981317	26.9827902	
17.73411	219.883833	220.033659	26.981317	26.9827902	
17.74419	219.883833	220.033659	26.981317	26.9827902	
17.75433	219.883833	220.033659	26.981317	26.9827902	
17.76448	219.883833	220.033659	26.981317	26.9827902	
17.77459	219.883833	220.033659	26.981317	26.9827902	
17.78478	219.883833	220.033659	26.981317	26.9827902	
17.79493	219.883833	220.033659	26.981317	26.9827902	
17.80509	219.883833	220.033659	26.981317	26.9827902	
17.81527	219.883833	220.033659	26.981317	26.9827902	
17.82531	219.883833	220.033659	26.981317	26.9827902	
17.83549	219.883833	220.033659	26.981317	26.9827902	
17.84564	219.883833	220.033659	26.981317	26.9827902	
17.85578	219.883833	220.033659	26.981317	26.9827902	
17.86592	219.883833	220.033659	26.981317	26.9827902	
17.876	219.883833	220.033659	26.981317	26.9827902	
17.88625	219.883833	220.033659	26.981317	26.9827902	
17.89641	219.883833	220.033659	26.981317	26.9827902	
17.90649	219.883833	220.033659	26.981317	26.9827902	
17.91663	219.883833	220.033659	26.981317	26.9827902	
17.92677	219.883833	220.033659	26.981317	26.9827902	
17.93691	219.883833	220.033659	26.981317	26.9827902	
17.94704	219.883833	220.033659	26.981317	26.9827902	
17.95735	219.883833	220.033659	26.981317	26.9827902	
17.9674	219.883833	220.033659	26.981317	26.9827902	
17.97764	219.883833	220.033659	26.981317	26.9827902	
17.98754	219.883833	220.033659	26.981317	26.9827902	
17.99777	219.883833	220.033659	26.981317	26.9827902	
18.00781	219.883833	220.033659	26.981317	26.9827902	
18.01797	219.883833	220.033659	26.981317	26.9827902	
18.02814	219.883833	220.033659	26.981317	26.9827902	
18.03857	219.883833	220.033659	26.981317	26.9827902	
18.04837	219.883833	220.033659	26.981317	26.9827902	
18.05848	219.883833	220.033659	26.981317	26.9827902	
18.06863	219.883833	220.033659	26.981317	26.9827902	
18.07873	219.883833	220.033659	26.981317	26.9827902	
18.09018	219.883833	220.033659	26.981317	26.9827902	
18.09943	219.883833	220.033659	26.981317	26.9827902	
18.10917	219.883833	220.033659	26.981317	26.9827902	
18.11941	219.883833	220.033659	26.981317	26.9827902	
18.12966	219.883833	220.033659	26.981317	26.9827902	
18.14003	219.883833	220.033659	26.981317	26.9827902	
18.14968	219.883833	220.033659	26.981317	26.9827902	
18.15982	219.883833	220.033659	26.981317	26.9827902	
18.16996	219.883833	220.033659	26.981317	26.9827902	
18.18004	219.883833	220.033659	26.981317	26.9827902	
18.19138	219.883833	220.033659	26.981317	26.9827902	
18.20036	219.883833	220.033659	26.981317	26.9827902	
18.21048	219.883833	220.033659	26.981317	26.9827902	
18.22061	219.883833	220.033659	26.981317	26.9827902	
18.23071	219.883833	220.033659	26.981317	26.9827902	
18.2492	219.883833	220.033659	26.981317	26.9827902	
18.25354	219.883833	220.033659	26.981317	26.9827902	
18.26374	219.883833	220.033659	26.981317	26.9827902	
18.27384	219.883833	220.033659	26.981317	26.9827902	
18.30293	219.883833	220.033659	26.981317	26.9827902	
18.30727	219.883833	220.033659	26.981317	26.9827902	
18.31743	219.883833	220.033659	26.981317	26.9827902	
18.32762	219.883833	220.033659	26.981317	26.9827902	
18.33768	219.883833	220.033659	26.981317	26.9827902	
18.34785	219.883833	220.033659	26.981317	26.9827902	
18.35806	219.883833	220.033659	26.981317	26.9827902	
18.36835	219.883833	220.033659	26.981317	26.9827902	
18.37823	219.883833	220.033659	26.981317	26.9827902	
18.38875	219.883833	220.033659	26.981317	26.9827902	
18.39855	219.883833	220.033659	26.981317	26.9827902	
18.40873	219.883833	220.033659	26.981317	26.9827902	
18.41882	219.883833	220.033659	26.981317	26.9827902	
18.42897	219.883833	220.033659	26.981317	26.9827902	
18.43913	219.883833	220.033659	26.981317	26.9827902	
18.44921	219.883833	220.033659	26.981317	26.9827902	
18.45933	219.883833	220.033659	26.981317	26.9827902	
18.47002	219.883833	220.033659	26.981317	26.9827902	
18.47967	219.883833	220.033659	26.981317	26.9827902	
18.49006	219.883833	220.033659	26.981317	26.9827902	
18.49994	219.883833	220.033659	26.981317	26.9827902	
18.51011	219.883833	220.033659	26.981317	26.9827902	
18.52021	219.883833	220.033659	26.981317	26.9827902	
18.5303	219.883833	220.033659	26.981317	26.9827902	
18.54046	219.883833	220.033659	26.981317	26.9827902	
18.55058	219.883833	220.033659	26.981317	26.9827902	
18.56071	219.883833	220.033659	26.981317	26.9827902	
18.57085	219.883833	220.033659	26.981317	26.9827902	
18.58114	219.883833	220.033659	26.981317	26.9827902	
18.59152	219.883833	220.033659	26.981317	26.9827902	
18.60154	219.883833	220.033659	26.981317	26.9827902	
18.6117	219.883833	220.033659	26.981317	26.9827902	
18.62184	219.883833	220.033659	26.981317	26.9827902	
18.63193	219.883833	220.033659	26.981317	26.9827902	
18.64212	219.883833	220.033659	26.981317	26.9827902	
18.65225	219.883833	220.033659	26.981317	26.9827902	
18.6624	219.883833	220.033659	26.981317	26.9827902	
18.67254	219.883833	220.033659	26.981317	26.9827902	
18.68266	219.883833	220.033659	26.981317	26.9827902	
18.69282	219.883833	220.033659	26.981317	26.9827902	
18.70296	219.883833	220.033659	26.981317	26.9827902	
18.71315	219.883833	220.033659	26.981317	26.9827902	
18.72325	219.883833	220.033659	26.981317	26.9827902	
18.7334	219.883833	220.033659	26.981317	26.9827902	
18.74355	219.883833	220.033659	26.981317	26.9827902	
18.75368	219.883833	220.033659	26.981317	26.9827902	
18.76381	219.883833	220.033659	26.981317	26.9827902	
18.77398	219.883833	220.033659	26.981317	26.9827902	
18.78412	219.883833	220.033659	26.981317	26.9827902	
18.79421	219.883833	220.033659	26.981317	26.9827902	
18.80443	219.883833	220.033659	26.981317	26.9827902	
18.8146	219.883833	220.033659	26.981317	26.9827902	
18.82475	219.883833	220.033659	26.981317	26.9827902	
18.83487	219.883833	220.033659	26.981317	26.9827902	
18.84495	219.883833	220.033659	26.981317	26.9827902	
18.85513	219.883833	220.033659	26.981317	26.9827902	
18.86526	219.883833	220.033659	26.981317	26.9827902	
18.87538	219.883833	220.033659	26.981317	26.9827902	
18.88573	219.883833	220.033659	26.981317	26.9827902	
18.89584	219.883833	220.033659	26.981317	26.9827902	
18.90604	219.883833	220.033659	26.981317	26.9827902	
18.91618	219.883833	220.033659	26.981317	26.9827902	
18.92634	219.883833	220.033659	26.981317	26.9827902	
18.93644	219.883833	220.033659	26.981317	26.9827902	
18.94653	219.883833	220.033659	26.981317	26.9827902	
18.95666	219.883833	220.033659	26.981317	26.9827902	
18.96683	219.883833	220.033659	26.981317	26.9827902	
18.97704	219.883833	220.033659	26.981317	26.9827902	
18.98717	219.883833	220.033659	26.981317	26.9827902	
18.99747	219.883833	220.033659	26.981317	26.9827902	
19.00754	219.883833	220.033659	26.981317	26.9827902	
19.01761	219.883833	220.033659	26.981317	26.9827902	
19.02771	219.883833	220.033659	26.981317	26.9827902	
19.03784	219.883833	220.033659	26.981317	26.9827902	
19.04795	219.883833	220.033659	26.981317	26.9827902	
19.05815	219.883833	220.033659	26.981317	26.9827902	
19.06823	219.883833	220.033659	26.981317	26.9827902	
19.07838	219.883833	220.033659	26.981317	26.9827902	
19.08849	219.883833	220.033659	26.981317	26.9827902	
19.11047	219.883833	220.033659	26.981317	26.9827902	
19.11543	219.883833	220.033659	26.981317	26.9827902	
