6.800409	220.05239	220.051112	218.533954	218.532676	
6.81075	220.054092	220.051112	218.535656	218.532676	
6.820597	220.056279	220.051112	218.537842	218.532676	
6.830705	220.059144	220.051112	218.540708	218.532676	
6.849211	220.066932	220.051112	218.548496	218.532676	
6.853591	220.068687	220.051112	218.550251	218.532676	
6.863722	220.073569	220.051112	218.555132	218.532676	
6.873856	220.079067	220.051112	218.560631	218.532676	
6.883985	220.085178	220.051112	218.566742	218.532676	
6.894159	220.091938	220.051112	218.573502	218.532676	
6.912452	220.106552	220.051112	218.588116	218.532676	
6.916975	220.110099	220.051112	218.591663	218.532676	
6.926959	220.118689	220.051112	218.600252	218.532676	
6.937058	220.127995	220.051112	218.609559	218.532676	
6.947234	220.138003	220.059839	218.619567	218.532676	
6.957364	220.148574	220.068565	218.630137	218.532676	
6.967505	220.159769	220.086019	218.641332	218.532676	
6.977633	220.171573	220.103472	218.653137	218.532676	
6.987797	220.184036	220.120925	218.6656	218.532676	
6.998987	220.198561	220.147105	218.680124	218.532676	
7.008401	220.211238	220.173285	218.692802	218.532676	
7.01818	220.224995	220.199465	218.706558	218.532676	
7.028316	220.239962	220.225645	218.721526	218.532676	
7.038459	220.255405	220.243098	218.736969	218.541402	
7.048745	220.27192	220.260552	218.753484	218.541402	
7.058776	220.28836	220.286732	218.769924	218.541402	
7.068883	220.305664	220.304185	218.787228	218.550129	
7.079022	220.323646	220.321638	218.80521	218.550129	
7.089124	220.34223	220.339091	218.823794	218.558856	
7.10021	220.363292	220.347818	218.844856	218.567582	
7.109782	220.382011	220.365271	218.863575	218.585036	
7.119541	220.401673	220.382725	218.883236	218.593762	
7.129717	220.422821	220.400178	218.904385	218.611215	
7.139856	220.444509	220.408905	218.926072	218.619942	
7.150208	220.467295	220.426358	218.948858	218.637395	
7.160028	220.489468	220.443811	218.971031	218.654849	
7.170178	220.513019	220.461264	218.994582	218.672302	
7.180315	220.537158	220.478718	219.018722	218.689755	
7.190404	220.561795	220.504898	219.043358	218.707209	
7.201475	220.589616	220.522351	219.071179	218.724662	
7.210756	220.613381	220.539804	219.094944	218.742115	
7.228698	220.661727	220.565984	219.14329	218.759568	
7.233047	220.67337	220.600891	219.154934	218.777022	
7.243155	220.701259	220.627071	219.182823	218.794475	
7.253342	220.729985	220.653251	219.211549	218.820655	
7.263496	220.759237	220.688157	219.2408	218.838108	
7.273614	220.788988	220.714337	219.270552	218.864288	
7.28383	220.81966	220.749244	219.301224	218.881741	
7.293849	220.850343	220.792877	219.331906	218.899195	
7.305598	220.887235	220.827784	219.368799	218.925375	
7.31537	220.918417	220.86269	219.399981	218.951555	
7.325164	220.950219	220.906323	219.431782	218.969008	
7.335229	220.983533	220.949957	219.465097	218.995188	
7.345356	221.017684	220.984863	219.499247	219.021368	
7.355525	221.052594	221.028496	219.534158	219.047548	
7.365643	221.087931	221.063403	219.569495	219.073728	
7.375773	221.123938	221.09831	219.605501	219.099908	
7.385926	221.16063	221.141943	219.642193	219.126088	
7.396033	221.19779	221.168123	219.679353	219.152268	
7.406925	221.238588	221.203029	219.720152	219.178447	
7.416368	221.274403	221.237936	219.755966	219.213354	
7.426531	221.313623	221.272843	219.795186	219.239534	
7.436623	221.353166	221.307749	219.834729	219.265714	
7.446722	221.393352	221.342656	219.874916	219.300621	
7.456905	221.434522	221.377562	219.916086	219.3268	
7.467089	221.476277	221.421196	219.957841	219.35298	
7.477272	221.518675	221.456102	220.000239	219.387887	
7.4875	221.561886	221.499735	220.043449	219.422794	
7.497597	221.605146	221.534642	220.086709	219.4577	
7.508258	221.651576	221.578275	220.133139	219.48388	
7.517936	221.694174	221.613182	220.175738	219.518787	
7.528022	221.739228	221.656815	220.220791	219.553693	
7.538129	221.784998	221.691722	220.266562	219.5886	
7.548253	221.831447	221.735355	220.31301	219.61478	
7.558439	221.878819	221.787715	220.360382	219.649686	
7.568552	221.926472	221.831348	220.408036	219.684593	
7.578719	221.974973	221.883708	220.456536	219.7195	
7.588842	222.023892	221.936068	220.505455	219.763133	
7.598886	222.073051	221.979701	220.554615	219.798039	
7.609572	222.126053	222.032061	220.607617	219.832946	
7.619257	222.174585	222.084421	220.656149	219.876579	
7.629369	222.225894	222.145507	220.707458	219.911486	
7.63952	222.278041	222.197867	220.759604	219.946392	
7.64997	222.332399	222.250227	220.813962	219.990026	
7.659819	222.384164	222.311313	220.865727	220.033659	
7.669842	222.437462	222.3724	220.919025	220.068565	
7.67996	222.491893	222.42476	220.973457	220.112199	
7.69007	222.546884	222.485846	221.028447	220.155832	
7.700232	222.602806	222.538206	221.08437	220.199465	
7.710919	222.662331	222.599293	221.143894	220.243098	
7.720507	222.716189	222.651653	221.197753	220.286732	
7.730615	222.773616	222.721466	221.25518	220.330365	
7.740721	222.831668	222.773826	221.313231	220.373998	
7.759159	222.940076	222.834912	221.42164	220.417631	
7.763516	222.965598	222.904725	221.447162	220.469991	
7.773618	223.025627	222.957085	221.50719	220.522351	
7.793547	223.147021	223.079258	221.628585	220.609617	
7.797883	223.173307	223.105438	221.654871	220.627071	
7.80932	223.24402	223.166525	221.725583	220.679431	
7.81854	223.301045	223.227611	221.782609	220.714337	
7.828378	223.362686	223.288698	221.84425	220.766697	
7.838499	223.426737	223.349784	221.908301	220.81033	
7.848611	223.491356	223.410871	221.97292	220.853964	
7.858843	223.557414	223.480684	222.038977	220.906323	
7.868864	223.622641	223.550497	222.104204	220.958683	
7.878981	223.689149	223.611584	222.170712	221.002317	
7.889059	223.756009	223.681397	222.237573	221.04595	
7.899233	223.82411	223.742483	222.305673	221.09831	
7.910486	223.900306	223.812297	222.381869	221.15067	
7.919827	223.963961	223.88211	222.445524	221.203029	
7.929632	224.031348	223.943196	222.512911	221.246663	
7.939816	224.102016	224.021736	222.58358	221.299023	
7.949851	224.172229	224.091549	222.653793	221.351382	
7.960197	224.245321	224.152636	222.726884	221.403742	
7.970117	224.315917	224.231176	222.797481	221.447375	
7.980242	224.388616	224.300989	222.87018	221.508462	
7.990347	224.461798	224.379529	222.943362	221.560822	
8.000443	224.535504	224.449342	223.017067	221.613182	
8.0117	224.618591	224.519155	223.100155	221.665542	
8.021102	224.688346	224.597695	223.169909	221.726628	
8.030968	224.762157	224.667508	223.243721	221.778988	
8.041015	224.837957	224.746048	223.31952	221.831348	
8.051173	224.915216	224.824588	223.39678	221.892434	
8.061661	224.995687	224.903127	223.477251	221.953521	
8.071373	225.070702	224.981667	223.552266	222.005881	
8.081526	225.14978	225.060207	223.631344	222.066967	
8.093826	225.246639	225.138747	223.728203	222.128054	
8.101724	225.30901	225.217287	223.790574	222.180414	
8.112931	225.398485	225.295826	223.880049	222.2415	
8.122445	225.47488	225.374366	223.956443	222.302587	
8.132379	225.555285	225.452906	224.036848	222.363673	
8.150293	225.702586	225.601259	224.184149	222.47712	
8.154625	225.738134	225.644892	224.219698	222.5033	
8.164776	225.822275	225.723432	224.303839	222.564386	
8.17492	225.90695	225.810699	224.388514	222.625473	
8.18507	225.992319	225.889238	224.473883	222.686559	
8.195248	226.078537	225.976505	224.560101	222.756372	
8.205399	226.165144	226.063771	224.646708	222.817459	
8.216699	226.26242	226.159764	224.743984	222.878545	
8.225723	226.340482	226.238304	224.822045	222.948359	
8.235915	226.429245	226.325571	224.910808	223.009445	
8.245941	226.517211	226.412837	224.998775	223.070532	
8.256058	226.606611	226.50883	225.088175	223.140345	
8.266239	226.697209	226.596097	225.178773	223.201431	
8.276359	226.787851	226.683363	225.269414	223.262518	
8.286497	226.879288	226.77063	225.360852	223.332331	
8.296619	226.971178	226.866623	225.452741	223.402144	
8.307457	227.070342	226.962616	225.551906	223.471957	
8.318129	227.168667	227.049882	225.65023	223.533044	
8.328033	227.260409	227.145876	225.741973	223.602857	
8.337825	227.351705	227.241869	225.833268	223.663944	
8.348038	227.447574	227.337862	225.929137	223.733757	
8.358144	227.543029	227.433855	226.024592	223.794843	
8.368324	227.640344	227.521121	226.121908	223.864657	
8.378506	227.737341	227.617114	226.218905	223.925743	
8.388595	227.834468	227.713108	226.316032	223.995556	
8.398735	227.932743	227.809101	226.414307	224.065369	
8.408867	228.031596	227.905094	226.51316	224.135183	
8.419548	228.136506	228.001087	226.61807	224.196269	
8.429152	228.231255	228.105807	226.712818	224.266082	
8.439277	228.331847	228.2018	226.813411	224.335895	
8.449537	228.434437	228.306519	226.916	224.396982	
8.459971	228.539405	228.402513	227.020968	224.466795	
8.469737	228.638225	228.507232	227.119789	224.536608	
8.480173	228.744488	228.611952	227.226052	224.606421	
8.490294	228.848139	228.716672	227.329703	224.667508	
8.500162	228.949787	228.812665	227.43135	224.728594	
8.510294	229.054756	228.917385	227.53632	224.798408	
8.520738	229.163643	229.022104	227.645207	224.868221	
8.530651	229.267558	229.126824	227.749122	224.938034	
8.540913	229.375743	229.231544	227.857306	225.007847	
8.550969	229.482344	229.336264	227.963907	225.068934	
8.561454	229.594275	229.44971	228.075839	225.13002	
8.571218	229.698946	229.563157	228.18051	225.199833	
8.58923	229.894573	229.755143	228.376136	225.31328	
8.59438	229.95041	229.807503	228.431974	225.348186	
8.604549	230.061591	229.920949	228.543155	225.418	
8.615	230.174474	230.034395	228.656038	225.479086	
8.624868	230.28054	230.139115	228.762104	225.548899	
8.635255	230.391494	230.252562	228.873058	225.618712	
8.645241	230.497594	230.357281	228.979158	225.679799	
8.655622	230.607218	230.470728	229.088781	225.740885	
8.665511	230.711152	230.584174	229.192715	225.810699	
8.676034	230.821005	230.697621	229.302569	225.880512	
8.69395	231.005734	230.80234	229.487298	225.950325	
8.699108	231.05891	230.941967	229.540473	226.028865	
8.709286	231.163253	231.055413	229.644817	226.098678	
8.720853	231.280902	231.168859	229.762466	226.159764	
8.729604	231.369488	231.273579	229.851051	226.229578	
8.739895	231.473074	231.387026	229.954637	226.299391	
8.749849	231.572611	231.500472	230.054175	226.360477	
8.768119	231.752957	231.605192	230.23452	226.421564	
8.773414	231.805239	231.744818	230.286803	226.50883	
8.783567	231.904759	231.849538	230.386323	226.578643	
8.793955	232.005974	231.962984	230.487538	226.63973	
8.803939	232.102636	232.067704	230.5842	226.700817	
8.823424	232.288547	232.172424	230.77011	226.77063	
8.828964	232.34141	232.320777	230.822974	226.857896	
8.838743	232.434036	232.41677	230.9156	226.918983	
8.848909	232.52978	232.512763	231.011344	226.980069	
8.859067	232.624846	232.608756	231.10641	227.049882	
8.869641	232.723054	232.704749	231.204618	227.110969	
8.879384	232.813057	232.792016	231.294621	227.172055	
8.889854	232.909075	232.888009	231.390638	227.241869	
8.907833	233.071645	232.975275	231.553209	227.302955	
8.913396	233.121926	233.088722	231.60349	227.381495	
8.93168	233.284769	233.245801	231.766332	227.494941	
8.936793	233.330215	233.289434	231.811779	227.529848	
8.947049	233.420871	233.376701	231.902434	227.590934	
8.957357	233.511275	233.455241	231.992839	227.660748	
8.975552	233.668505	233.542507	232.150068	227.721834	
8.980722	233.713193	233.655954	232.194757	227.800374	
8.990954	233.800932	233.734493	232.282496	227.870187	
9.001357	233.889465	233.82176	232.371029	227.931274	
9.011576	233.975845	233.909026	232.457408	227.99236	
9.021692	234.060735	233.987566	232.542298	228.053447	
9.03152	234.142644	234.074833	232.624208	228.114533	
9.041946	234.228884	234.153372	232.710447	228.184346	
9.060195	234.37744	234.301725	232.859004	228.289066	
9.065386	234.419661	234.345359	232.901225	228.323973	
9.075579	234.501969	234.432625	232.983532	228.385059	
9.08605	234.585854	234.511165	233.067418	228.454872	
9.095874	234.66399	234.598431	233.145554	228.515959	
9.106274	234.746026	234.676971	233.22759	228.577045	
9.116232	234.824048	234.755511	233.305612	228.638132	
9.12706	234.908163	234.842778	233.389727	228.707945	
9.136793	234.983177	234.930044	233.464741	228.769032	
9.147323	235.063733	235.008584	233.545297	228.830118	
9.157522	235.141085	235.087124	233.622649	228.891205	
9.168016	235.220069	235.165663	233.701632	228.952291	
9.17788	235.293754	235.25293	233.775318	229.022104	
9.18839	235.37157	235.33147	233.853133	229.083191	
9.198185	235.443567	235.41001	233.925131	229.144277	
9.216732	235.577356	235.479823	234.058919	229.205364	
9.221928	235.614847	235.584542	234.09641	229.29263	
9.23217	235.688074	235.663082	234.169637	229.353717	
9.242333	235.760094	235.732895	234.241657	229.42353	
9.252942	235.83461	235.811435	234.316173	229.484617	
9.263207	235.906106	235.889975	234.387669	229.545703	
9.273078	235.97428	235.959788	234.455844	229.615516	
9.283583	236.046177	236.029601	234.52774	229.676603	
9.293501	236.113439	236.099415	234.595003	229.746416	
9.305066	236.191127	236.160501	234.672691	229.807503	
9.313719	236.24884	236.230314	234.730404	229.868589	
9.323863	236.315802	236.291401	234.797365	229.929676	
9.334349	236.384462	236.352487	234.866025	229.999489	
9.344204	236.448381	236.4223	234.929944	230.060575	
9.354731	236.515985	236.483387	234.997549	230.121662	
9.372618	236.628611	236.544474	235.110174	230.191475	
9.377765	236.661023	236.623013	235.142587	230.278742	
9.388053	236.725124	236.6841	235.206688	230.339828	
9.39839	236.788863	236.745186	235.270427	230.400915	
9.408204	236.848831	236.806273	235.330395	230.470728	
9.41841	236.91057	236.876086	235.392134	230.531814	
9.429378	236.976204	236.928446	235.457767	230.592901	
9.439016	237.033336	236.989532	235.5149	230.662714	
9.448871	237.09278	237.050619	235.574344	230.7238	
9.4592	237.151209	237.111706	235.632773	230.793614	
9.469217	237.208817	237.172792	235.690381	230.8547	
9.479658	237.268198	237.233879	235.749762	230.915787	
9.489575	237.324064	237.294965	235.805628	230.976873	
9.500026	237.382246	237.356052	235.86381	231.046686	
9.510382	237.439289	237.408412	235.920852	231.107773	
9.519942	237.491432	237.469498	235.972996	231.177586	
9.530636	237.54907	237.530585	236.030634	231.238673	
9.540234	237.600261	237.582944	236.081825	231.299759	
9.550347	237.653579	237.635304	236.135143	231.360846	
9.560501	237.706539	237.687664	236.188102	231.430659	
9.570697	237.759091	237.748751	236.240655	231.491745	
9.580879	237.810964	237.801111	236.292527	231.552832	
9.590981	237.861833	237.85347	236.343397	231.613918	
9.601199	237.912691	237.897104	236.394255	231.675005	
9.611727	237.964438	237.949464	236.446001	231.744818	
9.621575	238.012265	237.993097	236.493829	231.805905	
9.633138	238.067607	238.045457	236.54917	231.866991	
9.641843	238.108879	238.097817	236.590442	231.919351	
9.652267	238.157624	238.14145	236.639187	231.989164	
9.662163	238.203343	238.185083	236.684906	232.050251	
9.672648	238.251112	238.237443	236.732676	232.111337	
9.682496	238.295462	238.281076	236.777026	232.172424	
9.692956	238.341865	238.324709	236.823428	232.23351	
9.703107	238.386334	238.368343	236.867897	232.294597	
9.713263	238.43023	238.411976	236.911794	232.355683	
9.723148	238.472356	238.455609	236.953919	232.41677	
9.734381	238.519485	238.499242	237.001049	232.477856	
9.743458	238.557112	238.542876	237.038676	232.538943	
9.761654	238.630183	238.586509	237.111746	232.600029	
9.766833	238.651	238.647595	237.132564	232.678569	
9.776966	238.691015	238.691229	237.172578	232.739656	
9.797168	238.767842	238.769768	237.249406	232.861829	
9.80235	238.787602	238.795948	237.269166	232.896735	
9.813127	238.827907	238.830855	237.309471	232.957822	
9.823027	238.864348	238.865761	237.345911	233.018908	
9.834816	238.906898	238.909395	237.388461	233.071268	
9.84364	238.93836	238.944301	237.419923	233.141081	
9.853877	238.974204	238.987934	237.455768	233.193441	
9.863755	239.008254	239.022841	237.489817	233.254528	
9.873915	239.042652	239.057748	237.524216	233.315614	
9.884115	239.076581	239.092654	237.558144	233.376701	
9.894265	239.109781	239.127561	237.591345	233.437787	
9.904397	239.142311	239.153741	237.623874	233.498874	
9.922741	239.19883	239.188647	237.680394	233.559961	
9.927903	239.214768	239.223554	237.696332	233.6385	
9.939376	239.249265	239.249734	237.730829	233.699587	
9.948279	239.275609	239.28464	237.757172	233.7694	
9.958792	239.306274	239.31082	237.787838	233.830487	
9.968573	239.333859	239.337	237.815422	233.891573	
9.978778	239.36226	239.36318	237.843823	233.943933	
9.989176	239.390555	239.38936	237.872119	234.013746	
9.998985	239.416721	239.41554	237.898285	234.074833	
10.00946	239.444013	239.44172	237.925577	234.135919	
10.01932	239.469172	239.4679	237.950735	234.197006	
10.02986	239.4954	239.49408	237.976963	234.258092	
10.04069	239.521676	239.511533	238.00324	234.319179	
10.0498	239.543351	239.537713	238.024915	234.380265	
10.06025	239.567557	239.563893	238.049121	234.441352	
10.07012	239.589869	239.590073	238.071433	234.502438	
10.08049	239.612706	239.607526	238.09427	234.563525	
10.09041	239.634002	239.633706	238.115566	234.624611	
10.10885	239.6712	239.65116	238.152764	234.685698	
10.11401	239.681644	239.686066	238.163207	234.764238	
10.12447	239.702072	239.703519	238.183636	234.825324	
10.13435	239.720829	239.720973	238.202392	234.886411	
10.14485	239.740128	239.747153	238.221692	234.947497	
10.15473	239.757752	239.764606	238.239316	235.008584	
10.16518	239.775764	239.782059	238.257328	235.06967	
10.18316	239.804586	239.808239	238.28615	235.130757	
10.1884	239.813018	239.834419	238.294581	235.209297	
10.19861	239.828727	239.851872	238.31029	235.270383	
10.20891	239.843999	239.869326	238.325563	235.340196	
10.21886	239.858204	239.886779	238.339768	235.401283	
10.22928	239.872487	239.904232	238.354051	235.462369	
10.23911	239.885436	239.912959	238.366999	235.523456	
10.24961	239.898656	239.930412	238.38022	235.584542	
10.25938	239.910459	239.939139	238.392022	235.645629	
10.27772	239.93036	239.956592	238.411923	235.759075	
10.28301	239.936135	239.956592	238.417699	235.793982	
10.29316	239.94655	239.965319	238.428113	235.855068	
10.30356	239.956636	239.965319	238.438199	235.916155	
10.31365	239.9659	239.974046	238.447464	235.977242	
10.32351	239.974443	239.982772	238.456006	236.038328	
10.33366	239.982699	239.982772	238.464262	236.099415	
10.34446	239.990875	239.991499	238.472438	236.160501	
10.35401	239.997667	239.991499	238.479231	236.221588	
10.36419	240.004366	240.000225	238.48593	236.282674	
10.37427	240.010496	240.000225	238.492059	236.352487	
10.38439	240.01615	240.000225	238.497714	236.413574	
10.3946	240.021347	240.000225	238.50291	236.465934	
10.40469	240.026005	240.008952	238.507569	236.52702	
10.41484	240.030205	240.008952	238.511768	236.588107	
10.42495	240.03393	240.017679	238.515493	236.640467	
10.43506	240.037205	240.017679	238.518769	236.701553	
10.44575	240.04017	240.017679	238.521734	236.753913	
10.4555	240.04251	240.017679	238.524074	236.806273	
10.46565	240.044542	240.017679	238.526106	236.858633	
10.47575	240.046201	240.017679	238.527765	236.910993	
10.48599	240.051112	240.017679	238.532676	236.963353	
10.4961	240.051112	240.017679	238.532676	237.006986	
10.50625	240.051112	240.017679	238.532676	237.050619	
10.51642	240.051112	240.017679	238.532676	237.094252	
10.52652	240.051112	240.017679	238.532676	237.137885	
10.53661	240.051112	240.017679	238.532676	237.181519	
10.54705	240.051112	240.017679	238.532676	237.225152	
10.55696	240.051112	240.017679	238.532676	237.260059	
10.56706	240.051112	240.017679	238.532676	237.294965	
10.57721	240.051112	240.017679	238.532676	237.329872	
10.58736	240.051112	240.017679	238.532676	237.364778	
10.59757	240.051112	240.008952	238.532676	237.399685	
10.60763	240.051112	240.008952	238.532676	237.434591	
10.61776	240.051112	240.008952	238.532676	237.469498	
10.62794	240.051112	240.008952	238.532676	237.495678	
10.63799	240.051112	240.017679	238.532676	237.521858	
10.65725	240.051112	240.017679	238.532676	237.574218	
10.66175	240.051112	240.017679	238.532676	237.591671	
10.67187	240.051112	240.017679	238.532676	237.609124	
10.68197	240.051112	240.017679	238.532676	237.635304	
10.6922	240.051112	240.017679	238.532676	237.661484	
10.70229	240.051112	240.008952	238.532676	237.678938	
10.71259	240.051112	240.008952	238.532676	237.696391	
10.72276	240.051112	240.008952	238.532676	237.713844	
10.73284	240.051112	240.008952	238.532676	237.740024	
10.74296	240.051112	240.017679	238.532676	237.757477	
10.75316	240.051112	240.017679	238.532676	237.774931	
10.76331	240.051112	240.017679	238.532676	237.792384	
10.77347	240.051112	240.017679	238.532676	237.809837	
10.78354	240.051112	240.017679	238.532676	237.818564	
10.79373	240.051112	240.017679	238.532676	237.836017	
10.80386	240.051112	240.017679	238.532676	237.85347	
10.81417	240.051112	240.008952	238.532676	237.862197	
10.82414	240.051112	240.008952	238.532676	237.870924	
10.83424	240.051112	240.008952	238.532676	237.888377	
10.84444	240.051112	240.017679	238.532676	237.897104	
10.85459	240.051112	240.017679	238.532676	237.90583	
10.86471	240.051112	240.017679	238.532676	237.923284	
10.87487	240.051112	240.017679	238.532676	237.923284	
10.88501	240.051112	240.017679	238.532676	237.93201	
10.89556	240.051112	240.017679	238.532676	237.940737	
10.9057	240.051112	240.017679	238.532676	237.949464	
10.91576	240.051112	240.017679	238.532676	237.95819	
10.92593	240.051112	240.017679	238.532676	237.966917	
10.93603	240.051112	240.017679	238.532676	237.975644	
10.9462	240.051112	240.017679	238.532676	237.98437	
10.95648	240.051112	240.017679	238.532676	237.993097	
10.96651	240.051112	240.017679	238.532676	237.993097	
10.97662	240.051112	240.017679	238.532676	237.993097	
10.9868	240.051112	240.017679	238.532676	237.993097	
10.99689	240.051112	240.017679	238.532676	238.001823	
11.00704	240.051112	240.017679	238.532676	238.01055	
11.01717	240.051112	240.017679	238.532676	238.019277	
11.02732	240.051112	240.017679	238.532676	238.028003	
11.03749	240.051112	240.017679	238.532676	238.028003	
11.04755	240.051112	240.017679	238.532676	238.03673	
11.05778	240.051112	240.017679	238.532676	238.03673	
11.06792	240.051112	240.017679	238.532676	238.045457	
11.07804	240.051112	240.017679	238.532676	238.045457	
11.08823	240.051112	240.017679	238.532676	238.045457	
11.10633	240.051112	240.017679	238.532676	238.045457	
11.11069	240.051112	240.017679	238.532676	238.045457	
11.12089	240.051112	240.017679	238.532676	238.045457	
11.13102	240.051112	240.017679	238.532676	238.045457	
11.14108	240.051112	240.017679	238.532676	238.045457	
11.15269	240.051112	240.017679	238.532676	238.045457	
11.16139	240.051112	240.017679	238.532676	238.045457	
11.17148	240.051112	240.017679	238.532676	238.045457	
11.18168	240.051112	240.017679	238.532676	238.045457	
11.19174	240.051112	240.017679	238.532676	238.045457	
11.20196	240.051112	240.017679	238.532676	238.045457	
11.21212	240.051112	240.017679	238.532676	238.045457	
11.22216	240.051112	240.017679	238.532676	238.045457	
11.23234	240.051112	240.017679	238.532676	238.045457	
11.24238	240.051112	240.017679	238.532676	238.045457	
11.25404	240.051112	240.017679	238.532676	238.045457	
11.26301	240.051112	240.008952	238.532676	238.045457	
11.2731	240.051112	240.008952	238.532676	238.045457	
11.28323	240.051112	240.017679	238.532676	238.045457	
11.29332	240.051112	240.017679	238.532676	238.045457	
11.3038	240.051112	240.017679	238.532676	238.045457	
11.31437	240.051112	240.017679	238.532676	238.045457	
11.32435	240.051112	240.017679	238.532676	238.045457	
11.33439	240.051112	240.017679	238.532676	238.045457	
11.34453	240.051112	240.017679	238.532676	238.045457	
11.35533	240.051112	240.017679	238.532676	238.045457	
11.36487	240.051112	240.017679	238.532676	238.045457	
11.37497	240.051112	240.017679	238.532676	238.045457	
11.38516	240.051112	240.017679	238.532676	238.045457	
11.39526	240.051112	240.017679	238.532676	238.045457	
11.41274	240.051112	240.017679	238.532676	238.045457	
11.42293	240.051112	240.017679	238.532676	238.045457	
11.43975	240.051112	240.017679	238.532676	238.045457	
11.44445	240.051112	240.008952	238.532676	238.045457	
11.45459	240.051112	240.008952	238.532676	238.045457	
11.46474	240.051112	240.017679	238.532676	238.045457	
11.47495	240.051112	240.017679	238.532676	238.045457	
11.48513	240.051112	240.017679	238.532676	238.045457	
11.49528	240.051112	240.017679	238.532676	238.045457	
11.50582	240.051112	240.017679	238.532676	238.045457	
11.51566	240.051112	240.017679	238.532676	238.045457	
11.52595	240.051112	240.017679	238.532676	238.045457	
11.53613	240.051112	240.017679	238.532676	238.045457	
11.54633	240.051112	240.017679	238.532676	238.045457	
11.55777	240.051112	240.017679	238.532676	238.045457	
11.57516	240.051112	240.017679	238.532676	238.045457	
11.57986	240.051112	240.017679	238.532676	238.045457	
11.59003	240.051112	240.008952	238.532676	238.045457	
11.60034	240.051112	240.008952	238.532676	238.045457	
11.61047	240.051112	240.017679	238.532676	238.045457	
11.62069	240.051112	240.017679	238.532676	238.045457	
11.63084	240.051112	240.017679	238.532676	238.045457	
11.64111	240.051112	240.017679	238.532676	238.045457	
11.65148	240.051112	240.017679	238.532676	238.045457	
11.66147	240.051112	240.017679	238.532676	238.045457	
11.6716	240.051112	240.017679	238.532676	238.045457	
11.68184	240.051112	240.017679	238.532676	238.045457	
11.69201	240.051112	240.017679	238.532676	238.045457	
11.70227	240.051112	240.017679	238.532676	238.045457	
11.71247	240.051112	240.017679	238.532676	238.045457	
11.72266	240.051112	240.008952	238.532676	238.045457	
11.73285	240.051112	240.008952	238.532676	238.045457	
11.74302	240.051112	240.017679	238.532676	238.045457	
11.75321	240.051112	240.017679	238.532676	238.045457	
11.7634	240.051112	240.017679	238.532676	238.045457	
11.77358	240.051112	240.017679	238.532676	238.045457	
11.78404	240.051112	240.017679	238.532676	238.045457	
11.79406	240.051112	240.017679	238.532676	238.045457	
11.81254	240.051112	240.017679	238.532676	238.045457	
11.81743	240.051112	240.017679	238.532676	238.045457	
11.82758	240.051112	240.017679	238.532676	238.045457	
11.84612	240.051112	240.008952	238.532676	238.045457	
11.85075	240.051112	240.008952	238.532676	238.045457	
11.86139	240.051112	240.017679	238.532676	238.045457	
11.87156	240.051112	240.017679	238.532676	238.045457	
11.88179	240.051112	240.017679	238.532676	238.045457	
11.89194	240.051112	240.017679	238.532676	238.045457	
11.90213	240.051112	240.017679	238.532676	238.045457	
11.91232	240.051112	240.017679	238.532676	238.045457	
11.93102	240.051112	240.017679	238.532676	238.045457	
11.93562	240.051112	240.017679	238.532676	238.045457	
11.94587	240.051112	240.017679	238.532676	238.045457	
11.95604	240.051112	240.008952	238.532676	238.045457	
11.96655	240.051112	240.008952	238.532676	238.045457	
11.97641	240.051112	240.017679	238.532676	238.045457	
11.98661	240.051112	240.017679	238.532676	238.045457	
11.99681	240.051112	240.017679	238.532676	238.045457	
12.00699	240.051112	240.017679	238.532676	238.045457	
12.0172	240.051112	240.017679	238.532676	238.045457	
12.02769	240.051112	240.017679	238.532676	238.045457	
12.03762	240.051112	240.017679	238.532676	238.045457	
12.04779	240.051112	240.008952	238.532676	238.045457	
12.05829	240.051112	240.008952	238.532676	238.045457	
12.06824	240.051112	240.017679	238.532676	238.045457	
12.07847	240.051112	240.017679	238.532676	238.045457	
12.08855	240.051112	240.017679	238.532676	238.045457	
12.09885	240.051112	240.017679	238.532676	238.045457	
12.10899	240.051112	240.017679	238.532676	238.045457	
12.11919	240.051112	240.017679	238.532676	238.045457	
12.12941	240.051112	240.017679	238.532676	238.045457	
12.13969	240.051112	240.017679	238.532676	238.045457	
12.15811	240.051112	240.008952	238.532676	238.045457	
12.16342	240.051112	240.008952	238.532676	238.045457	
12.17359	240.051112	240.017679	238.532676	238.045457	
12.18375	240.051112	240.017679	238.532676	238.045457	
12.19395	240.051112	240.017679	238.532676	238.045457	
12.20413	240.051112	240.017679	238.532676	238.045457	
12.21435	240.051112	240.017679	238.532676	238.045457	
12.22444	240.051112	240.017679	238.532676	238.045457	
12.23462	240.051112	240.017679	238.532676	238.045457	
12.24481	240.051112	240.017679	238.532676	238.045457	
12.25504	240.051112	240.017679	238.532676	238.045457	
12.26524	240.051112	240.008952	238.532676	238.045457	
12.27543	240.051112	240.008952	238.532676	238.045457	
12.2856	240.051112	240.017679	238.532676	238.045457	
12.29581	240.051112	240.017679	238.532676	238.045457	
12.30599	240.051112	240.017679	238.532676	238.045457	
12.32457	240.051112	240.017679	238.532676	238.045457	
12.32932	240.051112	240.017679	238.532676	238.045457	
12.33969	240.051112	240.017679	238.532676	238.045457	
12.34986	240.051112	240.017679	238.532676	238.045457	
12.3601	240.051112	240.017679	238.532676	238.045457	
12.37877	240.051112	240.008952	238.532676	238.045457	
12.38336	240.051112	240.008952	238.532676	238.045457	
12.39356	240.051112	240.017679	238.532676	238.045457	
12.40379	240.051112	240.017679	238.532676	238.045457	
12.41401	240.051112	240.017679	238.532676	238.045457	
12.42421	240.051112	240.017679	238.532676	238.045457	
12.43438	240.051112	240.017679	238.532676	238.045457	
12.44464	240.051112	240.017679	238.532676	238.045457	
12.45476	240.051112	240.017679	238.532676	238.045457	
12.46497	240.051112	240.017679	238.532676	238.045457	
12.47518	240.051112	240.008952	238.532676	238.045457	
12.48537	240.051112	240.008952	238.532676	238.045457	
12.49559	240.051112	240.017679	238.532676	238.045457	
12.50584	240.051112	240.017679	238.532676	238.045457	
12.51599	240.051112	240.017679	238.532676	238.045457	
12.52622	240.051112	240.017679	238.532676	238.045457	
12.5364	240.051112	240.017679	238.532676	238.045457	
12.54659	240.051112	240.017679	238.532676	238.045457	
12.55684	240.051112	240.017679	238.532676	238.045457	
12.567	240.051112	240.008952	238.532676	238.045457	
12.57722	240.051112	240.008952	238.532676	238.045457	
12.58739	240.051112	240.017679	238.532676	238.045457	
12.59758	240.051112	240.017679	238.532676	238.045457	
12.60795	240.051112	240.017679	238.532676	238.045457	
12.61788	240.051112	240.017679	238.532676	238.045457	
12.62789	240.051112	240.017679	238.532676	238.045457	
12.638	240.051112	240.017679	238.532676	238.045457	
12.64814	240.051112	240.017679	238.532676	238.045457	
12.65824	240.051112	240.017679	238.532676	238.045457	
12.66849	240.051112	240.017679	238.532676	238.045457	
12.67863	240.051112	240.017679	238.532676	238.045457	
12.68876	240.051112	240.008952	238.532676	238.045457	
12.69892	240.051112	240.008952	238.532676	238.045457	
12.70896	240.051112	240.017679	238.532676	238.045457	
12.71914	240.051112	240.017679	238.532676	238.045457	
12.72926	240.051112	240.017679	238.532676	238.045457	
12.73936	240.051112	240.017679	238.532676	238.045457	
12.74954	240.051112	240.017679	238.532676	238.045457	
12.75999	240.051112	240.017679	238.532676	238.045457	
12.76986	240.051112	240.017679	238.532676	238.045457	
12.77997	240.051112	240.017679	238.532676	238.045457	
12.79008	240.051112	240.017679	238.532676	238.045457	
12.80053	240.051112	240.017679	238.532676	238.045457	
12.81035	240.051112	240.008952	238.532676	238.045457	
12.82052	240.051112	240.008952	238.532676	238.045457	
12.83058	240.051112	240.017679	238.532676	238.045457	
12.84074	240.051112	240.017679	238.532676	238.045457	
12.85884	240.051112	240.017679	238.532676	238.045457	
12.8632	240.051112	240.017679	238.532676	238.045457	
12.87352	240.051112	240.017679	238.532676	238.045457	
12.88352	240.051112	240.017679	238.532676	238.045457	
12.89371	240.051112	240.017679	238.532676	238.045457	
12.90376	240.051112	240.017679	238.532676	238.045457	
12.9139	240.051112	240.017679	238.532676	238.045457	
12.92406	240.051112	240.017679	238.532676	238.045457	
12.93414	240.051112	240.008952	238.532676	238.045457	
12.94434	240.051112	240.008952	238.532676	238.045457	
12.95443	240.051112	240.017679	238.532676	238.045457	
12.96464	240.051112	240.017679	238.532676	238.045457	
12.9748	240.051112	240.017679	238.532676	238.045457	
12.98487	240.051112	240.017679	238.532676	238.045457	
12.99501	240.051112	240.017679	238.532676	238.045457	
13.00509	240.051112	240.017679	238.532676	238.045457	
13.01527	240.051112	240.017679	238.532676	238.045457	
13.02539	240.051112	240.017679	238.532676	238.045457	
13.03555	240.051112	240.017679	238.532676	238.045457	
13.04595	240.051112	240.017679	238.532676	238.045457	
13.05602	240.051112	240.008952	238.532676	238.045457	
13.0673	240.051112	240.008952	238.532676	238.045457	
13.07677	240.051112	240.017679	238.532676	238.045457	
13.08647	240.051112	240.017679	238.532676	238.045457	
13.0986	240.051112	240.017679	238.532676	238.045457	
13.10888	240.051112	240.017679	238.532676	238.045457	
13.11878	240.051112	240.017679	238.532676	238.045457	
13.12893	240.051112	240.017679	238.532676	238.045457	
13.13912	240.051112	240.017679	238.532676	238.045457	
13.14926	240.051112	240.017679	238.532676	238.045457	
13.15932	240.051112	240.017679	238.532676	238.045457	
13.17002	240.051112	240.008952	238.532676	238.045457	
13.17974	240.051112	240.008952	238.532676	238.045457	
13.18987	240.051112	240.017679	238.532676	238.045457	
13.19991	240.051112	240.017679	238.532676	238.045457	
13.2102	240.051112	240.017679	238.532676	238.045457	
13.22023	240.051112	240.017679	238.532676	238.045457	
13.23032	240.051112	240.017679	238.532676	238.045457	
13.24043	240.051112	240.017679	238.532676	238.045457	
13.2506	240.051112	240.017679	238.532676	238.045457	
13.26076	240.051112	240.017679	238.532676	238.045457	
13.27936	240.051112	240.017679	238.532676	238.045457	
13.28377	240.051112	240.017679	238.532676	238.045457	
13.29392	240.051112	240.008952	238.532676	238.045457	
13.30402	240.051112	240.008952	238.532676	238.045457	
13.31636	240.051112	240.017679	238.532676	238.045457	
13.32434	240.051112	240.017679	238.532676	238.045457	
13.33437	240.051112	240.017679	238.532676	238.045457	
13.34451	240.051112	240.017679	238.532676	238.045457	
13.35467	240.051112	240.017679	238.532676	238.045457	
13.36479	240.051112	240.017679	238.532676	238.045457	
13.37518	240.051112	240.017679	238.532676	238.045457	
13.38531	240.051112	240.017679	238.532676	238.045457	
13.39568	240.051112	240.017679	238.532676	238.045457	
13.40558	240.051112	240.017679	238.532676	238.045457	
13.41567	240.051112	240.008952	238.532676	238.045457	
13.42586	240.051112	240.008952	238.532676	238.045457	
13.436	240.051112	240.017679	238.532676	238.045457	
13.44612	240.051112	240.017679	238.532676	238.045457	
13.45637	240.051112	240.017679	238.532676	238.045457	
13.46646	240.051112	240.017679	238.532676	238.045457	
13.47673	240.051112	240.017679	238.532676	238.045457	
13.48683	240.051112	240.017679	238.532676	238.045457	
13.49692	240.051112	240.017679	238.532676	238.045457	
13.50712	240.051112	240.017679	238.532676	238.045457	
13.51718	240.051112	240.017679	238.532676	238.045457	
13.52735	240.051112	240.017679	238.532676	238.045457	
13.53745	240.051112	240.008952	238.532676	238.045457	
13.54763	240.051112	240.008952	238.532676	238.045457	
13.55785	240.051112	240.017679	238.532676	238.045457	
13.56786	240.051112	240.017679	238.532676	238.045457	
13.57809	240.051112	240.017679	238.532676	238.045457	
13.5883	240.051112	240.017679	238.532676	238.045457	
13.59841	240.051112	240.017679	238.532676	238.045457	
13.6085	240.051112	240.017679	238.532676	238.045457	
13.61883	240.051112	240.017679	238.532676	238.045457	
13.62879	240.051112	240.017679	238.532676	238.045457	
13.63888	240.051112	240.017679	238.532676	238.045457	
13.649	240.051112	240.017679	238.532676	238.045457	
13.65921	240.051112	240.017679	238.532676	238.045457	
13.66924	240.051112	240.008952	238.532676	238.045457	
13.67944	240.051112	240.008952	238.532676	238.045457	
13.68961	240.051112	240.017679	238.532676	238.045457	
13.69972	240.051112	240.017679	238.532676	238.045457	
13.70987	240.051112	240.017679	238.532676	238.045457	
13.72023	240.051112	240.017679	238.532676	238.045457	
13.73009	240.051112	240.017679	238.532676	238.045457	
13.74032	240.051112	240.017679	238.532676	238.045457	
13.75042	240.051112	240.017679	238.532676	238.045457	
13.76046	240.051112	240.017679	238.532676	238.045457	
13.77062	240.051112	240.017679	238.532676	238.045457	
13.78974	240.051112	240.017679	238.532676	238.045457	
13.79413	240.051112	240.017679	238.532676	238.045457	
13.80433	240.051112	240.017679	238.532676	238.045457	
13.81436	240.051112	240.008952	238.532676	238.045457	
13.82457	240.051112	240.008952	238.532676	238.045457	
13.83468	240.051112	240.017679	238.532676	238.045457	
13.84482	240.051112	240.017679	238.532676	238.045457	
13.85494	240.051112	240.017679	238.532676	238.045457	
13.86506	240.051112	240.017679	238.532676	238.045457	
13.87521	240.051112	240.017679	238.532676	238.045457	
13.88537	240.051112	240.017679	238.532676	238.045457	
13.89555	240.051112	240.017679	238.532676	238.045457	
13.90567	240.051112	240.017679	238.532676	238.045457	
13.91578	240.051112	240.017679	238.532676	238.045457	
13.92598	240.051112	240.017679	238.532676	238.045457	
13.93603	240.051112	240.017679	238.532676	238.045457	
13.94621	240.051112	240.017679	238.532676	238.045457	
13.95642	240.051112	240.008952	238.532676	238.045457	
13.96647	240.051112	240.008952	238.532676	238.045457	
13.9766	240.051112	240.017679	238.532676	238.045457	
13.98681	240.051112	240.017679	238.532676	238.045457	
13.99689	240.051112	240.017679	238.532676	238.045457	
14.00704	240.051112	240.017679	238.532676	238.045457	
14.01713	240.051112	240.017679	238.532676	238.045457	
14.02734	240.051112	240.017679	238.532676	238.045457	
14.03743	240.051112	240.017679	238.532676	238.045457	
14.04756	240.051112	240.017679	238.532676	238.045457	
14.05769	240.051112	240.017679	238.532676	238.045457	
14.0678	240.051112	240.017679	238.532676	238.045457	
14.078	240.051112	240.017679	238.532676	238.045457	
14.08821	240.051112	240.008952	238.532676	238.045457	
14.09829	240.051112	240.008952	238.532676	238.045457	
14.10849	240.051112	240.017679	238.532676	238.045457	
14.11854	240.051112	240.017679	238.532676	238.045457	
14.12882	240.051112	240.017679	238.532676	238.045457	
14.13877	240.051112	240.017679	238.532676	238.045457	
14.14894	240.051112	240.017679	238.532676	238.045457	
14.15906	240.051112	240.017679	238.532676	238.045457	
14.16939	240.051112	240.017679	238.532676	238.045457	
14.17932	240.051112	240.017679	238.532676	238.045457	
14.18954	240.051112	240.017679	238.532676	238.045457	
14.19961	240.051112	240.017679	238.532676	238.045457	
14.20975	240.051112	240.017679	238.532676	238.045457	
14.21986	240.051112	240.017679	238.532676	238.045457	
14.2302	240.051112	240.008952	238.532676	238.045457	
14.24009	240.051112	240.008952	238.532676	238.045457	
14.25023	240.051112	240.017679	238.532676	238.045457	
14.26043	240.051112	240.017679	238.532676	238.045457	
14.27049	240.051112	240.017679	238.532676	238.045457	
14.28063	240.051112	240.017679	238.532676	238.045457	
14.29086	240.051112	240.017679	238.532676	238.045457	
14.30096	240.051112	240.017679	238.532676	238.045457	
14.31104	240.051112	240.017679	238.532676	238.045457	
14.32205	240.051112	240.017679	238.532676	238.045457	
14.33196	240.051112	240.017679	238.532676	238.045457	
14.34206	240.051112	240.017679	238.532676	238.045457	
14.35222	240.051112	240.017679	238.532676	238.045457	
14.37018	240.051112	240.008952	238.532676	238.045457	
14.37452	240.051112	240.008952	238.532676	238.045457	
14.39395	240.051112	240.017679	238.532676	238.045457	
14.39839	240.051112	240.017679	238.532676	238.045457	
14.40851	240.051112	240.017679	238.532676	238.045457	
14.41864	240.051112	240.017679	238.532676	238.045457	
14.42887	240.051112	240.017679	238.532676	238.045457	
14.43888	240.051112	240.017679	238.532676	238.045457	
14.449	240.051112	240.017679	238.532676	238.045457	
14.45919	240.051112	240.008952	238.532676	238.045457	
14.46929	240.051112	240.008952	238.532676	238.045457	
14.47938	240.051112	240.017679	238.532676	238.045457	
14.4896	240.051112	240.017679	238.532676	238.045457	
14.49978	240.051112	240.017679	238.532676	238.045457	
14.50995	240.051112	240.017679	238.532676	238.045457	
14.52002	240.051112	240.017679	238.532676	238.045457	
14.53019	240.051112	240.017679	238.532676	238.045457	
14.54026	240.051112	240.017679	238.532676	238.045457	
14.55038	240.051112	240.017679	238.532676	238.045457	
14.56051	240.051112	240.017679	238.532676	238.045457	
14.57062	240.051112	240.017679	238.532676	238.045457	
14.58095	240.051112	240.017679	238.532676	238.045457	
14.59101	240.051112	240.017679	238.532676	238.045457	
14.60105	240.051112	240.017679	238.532676	238.045457	
14.61129	240.051112	240.017679	238.532676	238.045457	
14.6213	240.051112	240.008952	238.532676	238.045457	
14.63171	240.051112	240.008952	238.532676	238.045457	
14.64157	240.051112	240.017679	238.532676	238.045457	
14.65169	240.051112	240.017679	238.532676	238.045457	
14.66187	240.051112	240.017679	238.532676	238.045457	
14.67192	240.051112	240.017679	238.532676	238.045457	
14.68212	240.051112	240.017679	238.532676	238.045457	
14.6924	240.051112	240.017679	238.532676	238.045457	
14.70248	240.051112	240.017679	238.532676	238.045457	
14.71259	240.051112	240.017679	238.532676	238.045457	
14.7227	240.051112	240.017679	238.532676	238.045457	
14.73287	240.051112	240.017679	238.532676	238.045457	
14.74296	240.051112	240.017679	238.532676	238.045457	
14.75315	240.051112	240.017679	238.532676	238.045457	
14.7633	240.051112	240.008952	238.532676	238.045457	
14.77339	240.051112	240.008952	238.532676	238.045457	
14.78366	240.051112	240.017679	238.532676	238.045457	
14.79373	240.051112	240.017679	238.532676	238.045457	
14.80392	240.051112	240.017679	238.532676	238.045457	
14.81407	240.051112	240.017679	238.532676	238.045457	
14.82416	240.051112	240.017679	238.532676	238.045457	
14.83431	240.051112	240.017679	238.532676	238.045457	
14.84452	240.051112	240.017679	238.532676	238.045457	
14.85456	240.051112	240.017679	238.532676	238.045457	
14.86469	240.051112	240.017679	238.532676	238.045457	
14.87481	240.051112	240.017679	238.532676	238.045457	
14.88514	240.051112	240.017679	238.532676	238.045457	
14.89516	240.051112	240.017679	238.532676	238.045457	
14.90531	240.051112	240.017679	238.532676	238.045457	
14.91541	240.051112	240.017679	238.532676	238.045457	
14.92551	240.051112	240.008952	238.532676	238.045457	
14.93563	240.051112	240.008952	238.532676	238.045457	
14.94579	240.051112	240.017679	238.532676	238.045457	
14.95594	240.051112	240.017679	238.532676	238.045457	
14.9661	240.051112	240.017679	238.532676	238.045457	
14.97614	240.051112	240.017679	238.532676	238.045457	
14.98632	240.051112	240.017679	238.532676	238.045457	
14.99655	240.051112	240.017679	238.532676	238.045457	
15.00663	240.051112	240.017679	238.532676	238.045457	
15.01674	240.051112	240.017679	238.532676	238.045457	
15.02684	240.051112	240.017679	238.532676	238.045457	
15.03702	240.051112	240.017679	238.532676	238.045457	
15.04714	240.051112	240.017679	238.532676	238.045457	
15.05727	240.051112	240.017679	238.532676	238.045457	
15.06743	240.051112	240.017679	238.532676	238.045457	
15.07752	240.051112	240.017679	238.532676	238.045457	
15.0877	240.051112	240.008952	238.532676	238.045457	
15.09786	240.051112	240.008952	238.532676	238.045457	
15.10802	240.051112	240.017679	238.532676	238.045457	
15.11815	240.051112	240.017679	238.532676	238.045457	
15.12829	240.051112	240.017679	238.532676	238.045457	
15.1386	240.051112	240.017679	238.532676	238.045457	
15.14865	240.051112	240.017679	238.532676	238.045457	
15.15869	240.051112	240.017679	238.532676	238.045457	
15.16882	240.051112	240.017679	238.532676	238.045457	
15.17895	240.051112	240.017679	238.532676	238.045457	
15.18904	240.051112	240.017679	238.532676	238.045457	
15.19955	240.051112	240.017679	238.532676	238.045457	
15.20937	240.051112	240.017679	238.532676	238.045457	
15.21954	240.051112	240.017679	238.532676	238.045457	
15.22962	240.051112	240.017679	238.532676	238.045457	
15.23999	240.051112	240.017679	238.532676	238.045457	
15.24986	240.051112	240.008952	238.532676	238.045457	
15.26	240.051112	240.008952	238.532676	238.045457	
15.27014	240.051112	240.017679	238.532676	238.045457	
15.28025	240.051112	240.017679	238.532676	238.045457	
15.29039	240.051112	240.017679	238.532676	238.045457	
15.30067	240.051112	240.017679	238.532676	238.045457	
15.31068	240.051112	240.017679	238.532676	238.045457	
15.32317	240.051112	240.017679	238.532676	238.045457	
15.33098	240.051112	240.017679	238.532676	238.045457	
15.3415	240.051112	240.017679	238.532676	238.045457	
15.35122	240.051112	240.017679	238.532676	238.045457	
15.36131	240.051112	240.017679	238.532676	238.045457	
15.37146	240.051112	240.017679	238.532676	238.045457	
15.38152	240.051112	240.017679	238.532676	238.045457	
15.39169	240.051112	240.017679	238.532676	238.045457	
15.4019	240.051112	240.017679	238.532676	238.045457	
15.41201	240.051112	240.008952	238.532676	238.045457	
15.42214	240.051112	240.008952	238.532676	238.045457	
15.43224	240.051112	240.017679	238.532676	238.045457	
15.45063	240.051112	240.017679	238.532676	238.045457	
15.45511	240.051112	240.017679	238.532676	238.045457	
15.46513	240.051112	240.017679	238.532676	238.045457	
15.4753	240.051112	240.017679	238.532676	238.045457	
15.48538	240.051112	240.017679	238.532676	238.045457	
15.4955	240.051112	240.017679	238.532676	238.045457	
15.50576	240.051112	240.008952	238.532676	238.045457	
15.51587	240.051112	240.008952	238.532676	238.045457	
15.52604	240.051112	240.017679	238.532676	238.045457	
15.53608	240.051112	240.017679	238.532676	238.045457	
15.54626	240.051112	240.017679	238.532676	238.045457	
15.55642	240.051112	240.017679	238.532676	238.045457	
15.56652	240.051112	240.017679	238.532676	238.045457	
15.57665	240.051112	240.017679	238.532676	238.045457	
15.58674	240.051112	240.017679	238.532676	238.045457	
15.59694	240.051112	240.017679	238.532676	238.045457	
15.60711	240.051112	240.017679	238.532676	238.045457	
15.6172	240.051112	240.017679	238.532676	238.045457	
15.62737	240.051112	240.017679	238.532676	238.045457	
15.63743	240.051112	240.017679	238.532676	238.045457	
15.6476	240.051112	240.017679	238.532676	238.045457	
15.65774	240.051112	240.017679	238.532676	238.045457	
15.66788	240.051112	240.008952	238.532676	238.045457	
15.67807	240.051112	240.008952	238.532676	238.045457	
15.68811	240.051112	240.017679	238.532676	238.045457	
15.69826	240.051112	240.017679	238.532676	238.045457	
15.70872	240.051112	240.017679	238.532676	238.045457	
15.71861	240.051112	240.017679	238.532676	238.045457	
15.72873	240.051112	240.017679	238.532676	238.045457	
15.73879	240.051112	240.017679	238.532676	238.045457	
15.74897	240.051112	240.017679	238.532676	238.045457	
15.7591	240.051112	240.017679	238.532676	238.045457	
15.76922	240.051112	240.017679	238.532676	238.045457	
15.77959	240.051112	240.017679	238.532676	238.045457	
15.78971	240.051112	240.017679	238.532676	238.045457	
15.80078	240.051112	240.017679	238.532676	238.045457	
15.80997	240.051112	240.008952	238.532676	238.045457	
15.82007	240.051112	240.008952	238.532676	238.045457	
15.83022	240.051112	240.017679	238.532676	238.045457	
15.84031	240.051112	240.017679	238.532676	238.045457	
15.85045	240.051112	240.017679	238.532676	238.045457	
15.86065	240.051112	240.017679	238.532676	238.045457	
15.8707	240.051112	240.017679	238.532676	238.045457	
15.88087	240.051112	240.017679	238.532676	238.045457	
15.89109	240.051112	240.017679	238.532676	238.045457	
15.90199	240.051112	240.017679	238.532676	238.045457	
15.91169	240.051112	240.017679	238.532676	238.045457	
15.92134	240.051112	240.017679	238.532676	238.045457	
15.93146	240.051112	240.017679	238.532676	238.045457	
15.94154	240.051112	240.017679	238.532676	238.045457	
15.95173	240.051112	240.008952	238.532676	238.045457	
15.96184	240.051112	240.008952	238.532676	238.045457	
15.97196	240.051112	240.017679	238.532676	238.045457	
15.98217	240.051112	240.017679	238.532676	238.045457	
15.99227	240.051112	240.017679	238.532676	238.045457	
16.01061	240.051112	240.017679	238.532676	238.045457	
16.01504	240.051112	240.017679	238.532676	238.045457	
16.02515	240.051112	240.017679	238.532676	238.045457	
16.03533	240.051112	240.017679	238.532676	238.045457	
16.0454	240.051112	240.017679	238.532676	238.045457	
16.05557	240.051112	240.017679	238.532676	238.045457	
16.0657	240.051112	240.017679	238.532676	238.045457	
16.07584	240.051112	240.017679	238.532676	238.045457	
16.08604	240.051112	240.017679	238.532676	238.045457	
16.09608	240.051112	240.008952	238.532676	238.045457	
16.10743	240.051112	240.008952	238.532676	238.045457	
16.11642	240.051112	240.017679	238.532676	238.045457	
16.12652	240.051112	240.017679	238.532676	238.045457	
16.13662	240.051112	240.017679	238.532676	238.045457	
16.14675	240.051112	240.017679	238.532676	238.045457	
16.15698	240.051112	240.017679	238.532676	238.045457	
16.16704	240.051112	240.017679	238.532676	238.045457	
16.17718	240.051112	240.017679	238.532676	238.045457	
16.18734	240.051112	240.017679	238.532676	238.045457	
16.19742	240.051112	240.017679	238.532676	238.045457	
16.2087	240.051112	240.017679	238.532676	238.045457	
16.21775	240.051112	240.017679	238.532676	238.045457	
16.2279	240.051112	240.017679	238.532676	238.045457	
16.2381	240.051112	240.017679	238.532676	238.045457	
16.24812	240.051112	240.008952	238.532676	238.045457	
16.2583	240.051112	240.008952	238.532676	238.045457	
16.26844	240.051112	240.017679	238.532676	238.045457	
16.27855	240.051112	240.017679	238.532676	238.045457	
16.28868	240.051112	240.017679	238.532676	238.045457	
16.29886	240.051112	240.017679	238.532676	238.045457	
16.31008	240.051112	240.017679	238.532676	238.045457	
16.31911	240.051112	240.017679	238.532676	238.045457	
16.32922	240.051112	240.017679	238.532676	238.045457	
16.33936	240.051112	240.017679	238.532676	238.045457	
16.34998	240.051112	240.017679	238.532676	238.045457	
16.3596	240.051112	240.017679	238.532676	238.045457	
16.36975	240.051112	240.017679	238.532676	238.045457	
16.37991	240.051112	240.017679	238.532676	238.045457	
16.39007	240.051112	240.017679	238.532676	238.045457	
16.40022	240.051112	240.008952	238.532676	238.045457	
16.4115	240.051112	240.008952	238.532676	238.045457	
16.4206	240.051112	240.017679	238.532676	238.045457	
16.43056	240.051112	240.017679	238.532676	238.045457	
16.44065	240.051112	240.017679	238.532676	238.045457	
16.45921	240.051112	240.017679	238.532676	238.045457	
16.46357	240.051112	240.017679	238.532676	238.045457	
16.47372	240.051112	240.017679	238.532676	238.045457	
16.48387	240.051112	240.017679	238.532676	238.045457	
16.49403	240.051112	240.017679	238.532676	238.045457	
16.5041	240.051112	240.017679	238.532676	238.045457	
16.51437	240.051112	240.017679	238.532676	238.045457	
16.52457	240.051112	240.017679	238.532676	238.045457	
16.53458	240.051112	240.008952	238.532676	238.045457	
16.54476	240.051112	240.008952	238.532676	238.045457	
16.55484	240.051112	240.017679	238.532676	238.045457	
16.56507	240.051112	240.017679	238.532676	238.045457	
16.57514	240.051112	240.017679	238.532676	238.045457	
16.58528	240.051112	240.017679	238.532676	238.045457	
16.59546	240.051112	240.017679	238.532676	238.045457	
16.60552	240.051112	240.017679	238.532676	238.045457	
16.61575	240.051112	240.017679	238.532676	238.045457	
16.62594	240.051112	240.017679	238.532676	238.045457	
16.63606	240.051112	240.017679	238.532676	238.045457	
16.64625	240.051112	240.017679	238.532676	238.045457	
16.65631	240.051112	240.017679	238.532676	238.045457	
16.66649	240.051112	240.017679	238.532676	238.045457	
16.67672	240.051112	240.008952	238.532676	238.045457	
16.68676	240.051112	240.008952	238.532676	238.045457	
16.69688	240.051112	240.017679	238.532676	238.045457	
16.70699	240.051112	240.017679	238.532676	238.045457	
16.71721	240.051112	240.017679	238.532676	238.045457	
16.72737	240.051112	240.017679	238.532676	238.045457	
16.73743	240.051112	240.017679	238.532676	238.045457	
16.74759	240.051112	240.017679	238.532676	238.045457	
16.75767	240.051112	240.017679	238.532676	238.045457	
16.76784	240.051112	240.017679	238.532676	238.045457	
16.77796	240.051112	240.017679	238.532676	238.045457	
16.7881	240.051112	240.017679	238.532676	238.045457	
16.79826	240.051112	240.017679	238.532676	238.045457	
16.80831	240.051112	240.017679	238.532676	238.045457	
16.81856	240.051112	240.017679	238.532676	238.045457	
16.82893	240.051112	240.017679	238.532676	238.045457	
16.83882	240.051112	240.008952	238.532676	238.045457	
16.84894	240.051112	240.008952	238.532676	238.045457	
16.85903	240.051112	240.017679	238.532676	238.045457	
16.86923	240.051112	240.017679	238.532676	238.045457	
16.87932	240.051112	240.017679	238.532676	238.045457	
16.8894	240.051112	240.017679	238.532676	238.045457	
16.89961	240.051112	240.017679	238.532676	238.045457	
16.91004	240.051112	240.017679	238.532676	238.045457	
16.91987	240.051112	240.017679	238.532676	238.045457	
16.92999	240.051112	240.017679	238.532676	238.045457	
16.94014	240.051112	240.017679	238.532676	238.045457	
16.95027	240.051112	240.017679	238.532676	238.045457	
16.96038	240.051112	240.017679	238.532676	238.045457	
16.9705	240.051112	240.017679	238.532676	238.045457	
16.9807	240.051112	240.017679	238.532676	238.045457	
16.99081	240.051112	240.017679	238.532676	238.045457	
17.00093	240.051112	240.008952	238.532676	238.045457	
17.01145	240.051112	240.008952	238.532676	238.045457	
17.0212	240.051112	240.017679	238.532676	238.045457	
17.03135	240.051112	240.017679	238.532676	238.045457	
17.04146	240.051112	240.017679	238.532676	238.045457	
17.05158	240.051112	240.017679	238.532676	238.045457	
17.06174	240.051112	240.017679	238.532676	238.045457	
17.07182	240.051112	240.017679	238.532676	238.045457	
17.08197	240.051112	240.017679	238.532676	238.045457	
17.09208	240.051112	240.017679	238.532676	238.045457	
17.10232	240.051112	240.017679	238.532676	238.045457	
17.1216	240.051112	240.017679	238.532676	238.045457	
17.12603	240.051112	240.017679	238.532676	238.045457	
17.14415	240.051112	240.017679	238.532676	238.045457	
17.14855	240.051112	240.017679	238.532676	238.045457	
17.15884	240.051112	240.008952	238.532676	238.045457	
17.1688	240.051112	240.008952	238.532676	238.045457	
17.17891	240.051112	240.017679	238.532676	238.045457	
17.18909	240.051112	240.017679	238.532676	238.045457	
17.19918	240.051112	240.017679	238.532676	238.045457	
17.20926	240.051112	240.017679	238.532676	238.045457	
17.22036	240.051112	240.017679	238.532676	238.045457	
17.22991	240.051112	240.017679	238.532676	238.045457	
17.2397	240.051112	240.017679	238.532676	238.045457	
17.24982	240.051112	240.017679	238.532676	238.045457	
17.25993	240.051112	240.017679	238.532676	238.045457	
17.27025	240.051112	240.017679	238.532676	238.045457	
17.28021	240.051112	240.017679	238.532676	238.045457	
17.29035	240.051112	240.017679	238.532676	238.045457	
17.30047	240.051112	240.017679	238.532676	238.045457	
17.31058	240.051112	240.017679	238.532676	238.045457	
17.3218	240.051112	240.008952	238.532676	238.045457	
17.33119	240.051112	240.008952	238.532676	238.045457	
17.34131	240.051112	240.017679	238.532676	238.045457	
17.35137	240.051112	240.017679	238.532676	238.045457	
17.36149	240.051112	240.017679	238.532676	238.045457	
17.3717	240.051112	240.017679	238.532676	238.045457	
17.38176	240.051112	240.017679	238.532676	238.045457	
17.39189	240.051112	240.017679	238.532676	238.045457	
17.40201	240.051112	240.017679	238.532676	238.045457	
17.4121	240.051112	240.017679	238.532676	238.045457	
17.43131	240.051112	240.017679	238.532676	238.045457	
17.43571	240.051112	240.017679	238.532676	238.045457	
17.44609	240.051112	240.017679	238.532676	238.045457	
17.45609	240.051112	240.017679	238.532676	238.045457	
17.46607	240.051112	240.017679	238.532676	238.045457	
17.47625	240.051112	240.017679	238.532676	238.045457	
17.48658	240.051112	240.008952	238.532676	238.045457	
17.49652	240.051112	240.008952	238.532676	238.045457	
17.50667	240.051112	240.017679	238.532676	238.045457	
17.51684	240.051112	240.017679	238.532676	238.045457	
17.52699	240.051112	240.017679	238.532676	238.045457	
17.53713	240.051112	240.017679	238.532676	238.045457	
17.54731	240.051112	240.017679	238.532676	238.045457	
17.55745	240.051112	240.017679	238.532676	238.045457	
17.5675	240.051112	240.017679	238.532676	238.045457	
17.57768	240.051112	240.017679	238.532676	238.045457	
17.58781	240.051112	240.017679	238.532676	238.045457	
17.59795	240.051112	240.017679	238.532676	238.045457	
17.60806	240.051112	240.017679	238.532676	238.045457	
17.61813	240.051112	240.017679	238.532676	238.045457	
17.6284	240.051112	240.017679	238.532676	238.045457	
17.63852	240.051112	240.017679	238.532676	238.045457	
17.64865	240.051112	240.017679	238.532676	238.045457	
17.65881	240.051112	240.008952	238.532676	238.045457	
17.66891	240.051112	240.008952	238.532676	238.045457	
17.67903	240.051112	240.017679	238.532676	238.045457	
17.68915	240.051112	240.017679	238.532676	238.045457	
17.69928	240.051112	240.017679	238.532676	238.045457	
17.70939	240.051112	240.017679	238.532676	238.045457	
17.71996	240.051112	240.017679	238.532676	238.045457	
17.72971	240.051112	240.017679	238.532676	238.045457	
17.73983	240.051112	240.017679	238.532676	238.045457	
17.74996	240.051112	240.017679	238.532676	238.045457	
17.7601	240.051112	240.017679	238.532676	238.045457	
17.77025	240.051112	240.017679	238.532676	238.045457	
17.79173	240.051112	240.017679	238.532676	238.045457	
17.79611	240.051112	240.017679	238.532676	238.045457	
17.80674	240.051112	240.008952	238.532676	238.045457	
17.81682	240.051112	240.008952	238.532676	238.045457	
17.82786	240.051112	240.017679	238.532676	238.045457	
17.83741	240.051112	240.017679	238.532676	238.045457	
17.84749	240.051112	240.017679	238.532676	238.045457	
17.85765	240.051112	240.017679	238.532676	238.045457	
17.86774	240.051112	240.017679	238.532676	238.045457	
17.87791	240.051112	240.017679	238.532676	238.045457	
17.88799	240.051112	240.017679	238.532676	238.045457	
17.89816	240.051112	240.017679	238.532676	238.045457	
17.9083	240.051112	240.017679	238.532676	238.045457	
17.91862	240.051112	240.017679	238.532676	238.045457	
17.92914	240.051112	240.017679	238.532676	238.045457	
17.93873	240.051112	240.017679	238.532676	238.045457	
17.94896	240.051112	240.017679	238.532676	238.045457	
17.95901	240.051112	240.017679	238.532676	238.045457	
17.96909	240.051112	240.008952	238.532676	238.045457	
17.97926	240.051112	240.008952	238.532676	238.045457	
17.98938	240.051112	240.017679	238.532676	238.045457	
17.99953	240.051112	240.017679	238.532676	238.045457	
18.00962	240.051112	240.017679	238.532676	238.045457	
18.02002	240.051112	240.017679	238.532676	238.045457	
18.03047	240.051112	240.017679	238.532676	238.045457	
18.04004	240.051112	240.017679	238.532676	238.045457	
18.05014	240.051112	240.017679	238.532676	238.045457	
18.06048	240.051112	240.017679	238.532676	238.045457	
18.07043	240.051112	240.017679	238.532676	238.045457	
18.08056	240.051112	240.017679	238.532676	238.045457	
18.0907	240.051112	240.017679	238.532676	238.045457	
18.10306	240.051112	240.017679	238.532676	238.045457	
18.11311	240.051112	240.017679	238.532676	238.045457	
18.12322	240.051112	240.017679	238.532676	238.045457	
18.13445	240.051112	240.017679	238.532676	238.045457	
18.14461	240.051112	240.008952	238.532676	238.045457	
18.15472	240.051112	240.008952	238.532676	238.045457	
18.16497	240.051112	240.017679	238.532676	238.045457	
18.17496	240.051112	240.017679	238.532676	238.045457	
18.18515	240.051112	240.017679	238.532676	238.045457	
18.19527	240.051112	240.017679	238.532676	238.045457	
18.20541	240.051112	240.017679	238.532676	238.045457	
18.21555	240.051112	240.017679	238.532676	238.045457	
18.22564	240.051112	240.017679	238.532676	238.045457	
18.23587	240.051112	240.017679	238.532676	238.045457	
18.24599	240.051112	240.017679	238.532676	238.045457	
18.25614	240.051112	240.017679	238.532676	238.045457	
18.2663	240.051112	240.017679	238.532676	238.045457	
18.27637	240.051112	240.017679	238.532676	238.045457	
18.28654	240.051112	240.017679	238.532676	238.045457	
18.29667	240.051112	240.017679	238.532676	238.045457	
18.3068	240.051112	240.008952	238.532676	238.045457	
18.31698	240.051112	240.008952	238.532676	238.045457	
18.32915	240.051112	240.017679	238.532676	238.045457	
18.33734	240.051112	240.017679	238.532676	238.045457	
18.34754	240.051112	240.017679	238.532676	238.045457	
18.35762	240.051112	240.017679	238.532676	238.045457	
18.36783	240.051112	240.017679	238.532676	238.045457	
18.37784	240.051112	240.017679	238.532676	238.045457	
18.38803	240.051112	240.017679	238.532676	238.045457	
18.39817	240.051112	240.017679	238.532676	238.045457	
18.40827	240.051112	240.017679	238.532676	238.045457	
18.41843	240.051112	240.017679	238.532676	238.045457	
18.42874	240.051112	240.017679	238.532676	238.045457	
18.43872	240.051112	240.017679	238.532676	238.045457	
18.44882	240.051112	240.017679	238.532676	238.045457	
18.45906	240.051112	240.017679	238.532676	238.045457	
18.46923	240.051112	240.017679	238.532676	238.045457	
18.47927	240.051112	240.008952	238.532676	238.045457	
18.48953	240.051112	240.008952	238.532676	238.045457	
18.4996	240.051112	240.017679	238.532676	238.045457	
18.5097	240.051112	240.017679	238.532676	238.045457	
18.51981	240.051112	240.017679	238.532676	238.045457	
18.53017	240.051112	240.017679	238.532676	238.045457	
18.54011	240.051112	240.017679	238.532676	238.045457	
18.55034	240.051112	240.017679	238.532676	238.045457	
18.56037	240.051112	240.017679	238.532676	238.045457	
18.57046	240.051112	240.017679	238.532676	238.045457	
18.58062	240.051112	240.017679	238.532676	238.045457	
18.59075	240.051112	240.017679	238.532676	238.045457	
18.60093	240.051112	240.017679	238.532676	238.045457	
18.61101	240.051112	240.017679	238.532676	238.045457	
18.62121	240.051112	240.017679	238.532676	238.045457	
18.63163	240.051112	240.008952	238.532676	238.045457	
18.64142	240.051112	240.008952	238.532676	238.045457	
18.65162	240.051112	240.017679	238.532676	238.045457	
18.6617	240.051112	240.017679	238.532676	238.045457	
18.67179	240.051112	240.017679	238.532676	238.045457	
18.68199	240.051112	240.017679	238.532676	238.045457	
18.69215	240.051112	240.017679	238.532676	238.045457	
18.71019	240.051112	240.017679	238.532676	238.045457	
18.71454	240.051112	240.017679	238.532676	238.045457	
18.72464	240.051112	240.017679	238.532676	238.045457	
18.73478	240.051112	240.017679	238.532676	238.045457	
18.74503	240.051112	240.017679	238.532676	238.045457	
18.75515	240.051112	240.017679	238.532676	238.045457	
18.76531	240.051112	240.017679	238.532676	238.045457	
18.77537	240.051112	240.017679	238.532676	238.045457	
18.78558	240.051112	240.017679	238.532676	238.045457	
18.79572	240.051112	240.017679	238.532676	238.045457	
18.80585	240.051112	240.008952	238.532676	238.045457	
18.81598	240.051112	240.008952	238.532676	238.045457	
18.82625	240.051112	240.017679	238.532676	238.045457	
18.83624	240.051112	240.017679	238.532676	238.045457	
18.84651	240.051112	240.017679	238.532676	238.045457	
18.85658	240.051112	240.017679	238.532676	238.045457	
18.86669	240.051112	240.017679	238.532676	238.045457	
18.87688	240.051112	240.017679	238.532676	238.045457	
18.88694	240.051112	240.017679	238.532676	238.045457	
18.89711	240.051112	240.017679	238.532676	238.045457	
18.90724	240.051112	240.017679	238.532676	238.045457	
18.91735	240.051112	240.017679	238.532676	238.045457	
18.92751	240.051112	240.017679	238.532676	238.045457	
18.93758	240.051112	240.017679	238.532676	238.045457	
18.94808	240.051112	240.017679	238.532676	238.045457	
18.95793	240.051112	240.017679	238.532676	238.045457	
18.96806	240.051112	240.017679	238.532676	238.045457	
18.97819	240.051112	240.008952	238.532676	238.045457	
18.9883	240.051112	240.008952	238.532676	238.045457	
18.99846	240.051112	240.017679	238.532676	238.045457	
19.00858	240.051112	240.017679	238.532676	238.045457	
19.0187	240.051112	240.017679	238.532676	238.045457	
19.0289	240.051112	240.017679	238.532676	238.045457	
19.03891	240.051112	240.017679	238.532676	238.045457	
19.04931	240.051112	240.017679	238.532676	238.045457	
19.05924	240.051112	240.017679	238.532676	238.045457	
19.06938	240.051112	240.017679	238.532676	238.045457	
19.07953	240.051112	240.017679	238.532676	238.045457	
19.08998	240.051112	240.017679	238.532676	238.045457	
19.09981	240.051112	240.017679	238.532676	238.045457	
19.10989	240.051112	240.017679	238.532676	238.045457	
19.12002	240.051112	240.017679	238.532676	238.045457	
19.13013	240.051112	240.017679	238.532676	238.045457	
19.14033	240.051112	240.017679	238.532676	238.045457	
19.15058	240.051112	240.008952	238.532676	238.045457	
19.16067	240.051112	240.008952	238.532676	238.045457	
19.17083	240.051112	240.017679	238.532676	238.045457	
19.18102	240.051112	240.017679	238.532676	238.045457	
19.19143	240.051112	240.017679	238.532676	238.045457	
19.2012	240.051112	240.017679	238.532676	238.045457	
19.21129	240.051112	240.017679	238.532676	238.045457	
19.22143	240.051112	240.017679	238.532676	238.045457	
19.23152	240.051112	240.017679	238.532676	238.045457	
19.24165	240.051112	240.017679	238.532676	238.045457	
19.25217	240.051112	240.017679	238.532676	238.045457	
19.26196	240.051112	240.017679	238.532676	238.045457	
19.27207	240.051112	240.017679	238.532676	238.045457	
19.28222	240.051112	240.017679	238.532676	238.045457	
19.30064	240.051112	240.017679	238.532676	238.045457	
19.305	240.051112	240.017679	238.532676	238.045457	
19.31517	240.051112	240.017679	238.532676	238.045457	
19.32549	240.051112	240.008952	238.532676	238.045457	
19.33548	240.051112	240.008952	238.532676	238.045457	
19.34625	240.051112	240.017679	238.532676	238.045457	
19.35575	240.051112	240.017679	238.532676	238.045457	
19.36583	240.051112	240.017679	238.532676	238.045457	
19.376	240.051112	240.017679	238.532676	238.045457	
19.3861	240.051112	240.017679	238.532676	238.045457	
19.39629	240.051112	240.017679	238.532676	238.045457	
19.4065	240.051112	240.017679	238.532676	238.045457	
19.41658	240.051112	240.017679	238.532676	238.045457	
19.42671	240.051112	240.017679	238.532676	238.045457	
19.43685	240.051112	240.017679	238.532676	238.045457	
19.44755	240.051112	240.017679	238.532676	238.045457	
19.46536	240.051112	240.017679	238.532676	238.045457	
19.46976	240.051112	240.017679	238.532676	238.045457	
19.47988	240.051112	240.008952	238.532676	238.045457	
19.49019	240.051112	240.008952	238.532676	238.045457	
19.50016	240.051112	240.017679	238.532676	238.045457	
19.51031	240.051112	240.017679	238.532676	238.045457	
19.52041	240.051112	240.017679	238.532676	238.045457	
19.53053	240.051112	240.017679	238.532676	238.045457	
19.54067	240.051112	240.017679	238.532676	238.045457	
19.55212	240.051112	240.017679	238.532676	238.045457	
19.5622	240.051112	240.017679	238.532676	238.045457	
19.58017	240.051112	240.017679	238.532676	238.045457	
19.58448	240.051112	240.017679	238.532676	238.045457	
19.59466	240.051112	240.017679	238.532676	238.045457	
19.60487	240.051112	240.017679	238.532676	238.045457	
19.61494	240.051112	240.017679	238.532676	238.045457	
19.62507	240.051112	240.017679	238.532676	238.045457	
19.63518	240.051112	240.017679	238.532676	238.045457	
19.64539	240.051112	240.008952	238.532676	238.045457	
19.65555	240.051112	240.008952	238.532676	238.045457	
19.66567	240.051112	240.017679	238.532676	238.045457	
19.6758	240.051112	240.017679	238.532676	238.045457	
19.68593	240.051112	240.017679	238.532676	238.045457	
19.69603	240.051112	240.017679	238.532676	238.045457	
19.70623	240.051112	240.017679	238.532676	238.045457	
19.71635	240.051112	240.017679	238.532676	238.045457	
19.72654	240.051112	240.017679	238.532676	238.045457	
19.73661	240.051112	240.017679	238.532676	238.045457	
19.74674	240.051112	240.017679	238.532676	238.045457	
19.75737	240.051112	240.017679	238.532676	238.045457	
19.76709	240.051112	240.017679	238.532676	238.045457	
19.77718	240.051112	240.017679	238.532676	238.045457	
19.79666	240.051112	240.008952	238.532676	238.045457	
19.80147	240.051112	240.008952	238.532676	238.045457	
19.81121	240.051112	240.017679	238.532676	238.045457	
19.82132	240.051112	240.017679	238.532676	238.045457	
19.83144	240.051112	240.017679	238.532676	238.045457	
19.84151	240.051112	240.017679	238.532676	238.045457	
19.8529	240.051112	240.017679	238.532676	238.045457	
19.86185	240.051112	240.017679	238.532676	238.045457	
19.87193	240.051112	240.017679	238.532676	238.045457	
19.88203	240.051112	240.017679	238.532676	238.045457	
19.89218	240.051112	240.017679	238.532676	238.045457	
19.91068	240.051112	240.017679	238.532676	238.045457	
19.915	240.051112	240.017679	238.532676	238.045457	
19.92523	240.051112	240.017679	238.532676	238.045457	
19.93528	240.051112	240.008952	238.532676	238.045457	
19.9454	240.051112	240.008952	238.532676	238.045457	
19.95584	240.051112	240.017679	238.532676	238.045457	
19.96574	240.051112	240.017679	238.532676	238.045457	
19.97584	240.051112	240.017679	238.532676	238.045457	
19.98596	240.051112	240.017679	238.532676	238.045457	
19.99609	240.051112	240.017679	238.532676	238.045457	
20.00643	240.051112	240.017679	238.532676	238.045457	
20.01637	240.051112	240.017679	238.532676	238.045457	
20.0265	240.051112	240.017679	238.532676	238.045457	
20.03664	240.051112	240.017679	238.532676	238.045457	
20.04672	240.051112	240.017679	238.532676	238.045457	
20.05712	240.051112	240.017679	238.532676	238.045457	
20.06707	240.051112	240.017679	238.532676	238.045457	
20.07724	240.051112	240.008952	238.532676	238.045457	
20.08734	240.051112	240.008952	238.532676	238.045457	
20.09742	240.051112	240.017679	238.532676	238.045457	
20.10765	240.051112	240.017679	238.532676	238.045457	
20.11774	240.051112	240.017679	238.532676	238.045457	
20.12786	240.051112	240.017679	238.532676	238.045457	
20.13797	240.051112	240.017679	238.532676	238.045457	
20.14808	240.051112	240.017679	238.532676	238.045457	
20.15958	240.051112	240.017679	238.532676	238.045457	
20.16973	240.051112	240.017679	238.532676	238.045457	
20.17993	240.051112	240.017679	238.532676	238.045457	
20.1899	240.051112	240.017679	238.532676	238.045457	
20.20021	240.051112	240.017679	238.532676	238.045457	
20.21019	240.051112	240.017679	238.532676	238.045457	
20.22034	240.051112	240.008952	238.532676	238.045457	
20.2305	240.051112	240.008952	238.532676	238.045457	
20.24052	240.051112	240.017679	238.532676	238.045457	
20.25068	240.051112	240.017679	238.532676	238.045457	
20.26883	240.051112	240.017679	238.532676	238.045457	
20.27323	240.051112	240.017679	238.532676	238.045457	
20.28337	240.051112	240.017679	238.532676	238.045457	
20.29348	240.051112	240.017679	238.532676	238.045457	
20.30364	240.051112	240.017679	238.532676	238.045457	
20.3138	240.051112	240.017679	238.532676	238.045457	
20.32396	240.051112	240.017679	238.532676	238.045457	
20.34401	240.051112	240.017679	238.532676	238.045457	
20.34861	240.051112	240.017679	238.532676	238.045457	
20.35931	240.051112	240.017679	238.532676	238.045457	
20.369	240.051112	240.008952	238.532676	238.045457	
20.37913	240.051112	240.008952	238.532676	238.045457	
20.3893	240.051112	240.017679	238.532676	238.045457	
20.39934	240.051112	240.017679	238.532676	238.045457	
20.40955	240.051112	240.017679	238.532676	238.045457	
20.41976	240.051112	240.017679	238.532676	238.045457	
20.4298	240.051112	240.017679	238.532676	238.045457	
20.43989	240.051112	240.017679	238.532676	238.045457	
20.45021	240.051112	240.017679	238.532676	238.045457	
20.46123	240.051112	240.017679	238.532676	238.045457	
20.47832	240.051112	240.017679	238.532676	238.045457	
20.48275	240.051112	240.017679	238.532676	238.045457	
20.4929	240.051112	240.017679	238.532676	238.045457	
20.50298	240.051112	240.017679	238.532676	238.045457	
20.51316	240.051112	240.017679	238.532676	238.045457	
20.52333	240.051112	240.008952	238.532676	238.045457	
20.53344	240.051112	240.008952	238.532676	238.045457	
20.54359	240.051112	240.017679	238.532676	238.045457	
20.55368	240.051112	240.017679	238.532676	238.045457	
20.57319	240.051112	240.017679	238.532676	238.045457	
20.57758	240.051112	240.017679	238.532676	238.045457	
20.58775	240.051112	240.017679	238.532676	238.045457	
20.59785	240.051112	240.017679	238.532676	238.045457	
20.60793	240.051112	240.017679	238.532676	238.045457	
20.61814	240.051112	240.017679	238.532676	238.045457	
20.62827	240.051112	240.017679	238.532676	238.045457	
20.63843	240.051112	240.017679	238.532676	238.045457	
20.64852	240.051112	240.017679	238.532676	238.045457	
20.65886	240.051112	240.017679	238.532676	238.045457	
20.66889	240.051112	240.008952	238.532676	238.045457	
20.67897	240.051112	240.008952	238.532676	238.045457	
20.68906	240.051112	240.017679	238.532676	238.045457	
20.69918	240.051112	240.017679	238.532676	238.045457	
20.70948	240.051112	240.017679	238.532676	238.045457	
20.7195	240.051112	240.017679	238.532676	238.045457	
20.7435	240.051112	240.017679	238.532676	238.045457	
