9.129729	
9.139882	
9.149932	
9.160156	
9.170634	
9.180466	
9.190603	
9.200709	
9.210879	
9.220996	
9.231056	
9.241234	
9.251381	
9.26146	
9.271592	
9.281766	
9.291884	
9.302007	
9.312152	
9.322321	
9.332487	
9.342622	
9.352752	
9.362919	
9.372968	
9.38314	
9.39327	
9.403412	
9.413504	
9.42365	
9.43384	
9.443962	
9.454077	
9.464183	
9.474352	
9.484496	
9.49463	
9.504755	
9.516912	
9.526993	
9.53716	
9.547368	
9.557535	
9.567593	
9.577803	
9.587905	
9.598014	
9.609358	
9.618231	
9.628893	
9.638569	
9.648679	
9.658827	
9.668886	
9.679224	
9.689407	
9.699529	
9.709653	
9.719833	
9.730337	
9.750677	
9.754961	
9.765019	
9.775109	
9.785285	
9.795426	
9.805543	
9.815631	
9.825838	
9.836183	
9.84607	
9.856193	
9.866328	
9.87646	
9.886609	
9.896734	
9.906945	
9.916984	
9.927073	
9.937244	
9.947386	
9.957491	
9.967615	
9.977788	
9.987874	
9.997976	
10.0081	
10.01826	
10.02862	
10.03853	
10.04871	
10.05886	
10.06893	
10.07904	
10.08917	
10.09934	
10.10944	
10.11953	
10.12969	
10.14791	
10.15213	
10.16229	
10.17247	
10.18257	
10.19274	
10.20293	
10.21295	
10.22312	
10.23321	
10.2434	
10.25353	
10.26365	
10.27384	
10.28389	
10.29407	
10.30419	
10.31434	
10.32455	
10.33458	
10.34477	
10.35495	
10.36501	
10.37511	
10.38527	
10.39542	
10.40552	
10.41562	
10.42579	
10.43591	
10.44603	
10.45616	
10.4663	
10.4765	
10.48657	
10.49674	
10.50691	
10.51705	
10.52711	
10.53723	
10.54742	
10.55752	
10.5676	
10.5778	
10.58789	
10.598	
10.60814	
10.61823	
10.62848	
10.6385	
10.64866	
10.65879	
10.66888	
10.67921	
10.68913	
10.69929	
10.7094	
10.7195	
10.72968	
10.73981	
10.75036	
10.76805	
10.77228	
10.78239	
10.79251	
10.80269	
10.81276	
10.82295	
10.83307	
10.84321	
10.85329	
10.86349	
10.87362	
10.8837	
10.89427	
10.90403	
10.91419	
10.92426	
10.93442	
10.94459	
10.95469	
10.97307	
10.97735	
10.98746	
10.99756	
11.00772	
11.01858	
11.02871	
11.03875	
11.04886	
11.05918	
11.06918	
11.07927	
11.08941	
11.09952	
11.10965	
11.11982	
11.12997	
11.14004	
11.15013	
11.16077	
11.17121	
11.18084	
11.19094	
11.20103	
11.21119	
11.22965	
11.23389	
11.24409	
11.25418	
11.26428	
11.27449	
11.28466	
11.29475	
11.30488	
11.31505	
11.32516	
11.33527	
11.34542	
11.35556	
11.36565	
11.3758	
11.386	
11.39609	
11.40621	
11.41631	
11.42649	
11.43668	
11.44676	
11.45689	
11.46704	
11.47713	
11.48733	
11.49749	
11.50763	
11.5178	
11.52786	
11.53802	
11.54812	
11.55824	
11.56832	
11.57853	
11.58865	
11.59877	
11.60886	
11.61906	
11.6291	
11.63923	
11.64936	
11.65951	
11.66973	167.840529	167.839588	169.06226	169.061318	
11.68004	167.84212	167.839588	169.06385	169.061318	
11.68997	167.844227	167.839588	169.065957	169.061318	
11.70001	167.846972	167.848314	169.068702	169.061318	
11.71044	167.850485	167.848314	169.072215	169.061318	
11.72029	167.854365	167.857041	169.076095	169.070045	
11.73039	167.858968	167.865767	169.080699	169.070045	
11.75169	167.872115	167.865767	169.093846	169.070045	
11.756	167.874666	167.874494	169.096396	169.070045	
11.7675	167.882519	167.883221	169.104249	169.070045	
11.77627	167.888885	167.891947	169.110615	169.070045	
11.78648	167.896977	167.900674	169.118707	169.070045	
11.79668	167.905683	167.900674	169.127413	169.078771	
11.80678	167.914924	167.909401	169.136655	169.087498	
11.81687	167.924751	167.909401	169.146481	169.096225	
11.8271	167.935348	167.918127	169.157079	169.104951	
11.83718	167.946401	167.926854	169.168132	169.122405	
11.84735	167.958174	167.935581	169.179904	169.131131	
11.85752	167.970777	167.935581	169.192507	169.148584	
11.86871	167.984999	167.944307	169.20673	169.157311	
11.87772	167.997027	167.953034	169.218758	169.174764	
11.88786	168.011232	167.961761	169.232962	169.192218	
11.89804	168.026102	167.970487	169.247832	169.209671	
11.90807	168.041381	167.970487	169.263112	169.227124	
11.91823	168.057457	167.979214	169.279187	169.244578	
11.92831	168.074012	167.987941	169.295742	169.262031	
11.9385	168.091376	168.005394	169.313106	169.279484	
11.9487	168.109383	168.005394	169.331113	169.296937	
11.95902	168.128265	168.022847	169.349996	169.314391	
11.97007	168.149216	168.031574	169.370947	169.323117	
11.97913	168.166833	168.0403	169.388564	169.340571	
11.98922	168.187106	168.057754	169.408836	169.358024	
11.99931	168.207968	168.06648	169.429698	169.375477	
12.00943	168.229542	168.075207	169.451273	169.392931	
12.02023	168.253253	168.09266	169.474984	169.41911	
12.03024	168.275818	168.110114	169.497548	169.436564	
12.04036	168.299246	168.127567	169.520976	169.454017	
12.05053	168.323512	168.14502	169.545243	169.480197	
12.06071	168.34825	168.162473	169.56998	169.506377	
12.07136	168.374907	168.179927	169.596638	169.52383	
12.08096	168.399449	168.206107	169.62118	169.55001	
12.09134	168.426686	168.232287	169.648416	169.57619	
12.10125	168.453228	168.24974	169.674958	169.60237	
12.11136	168.480944	168.27592	169.702674	169.62855	
12.12176	168.510124	168.3021	169.731855	169.663457	
12.13193	168.539259	168.32828	169.760989	169.689637	
12.14205	168.568863	168.35446	169.790594	169.715816	
12.15219	168.599153	168.389366	169.820883	169.741996	
12.16244	168.630383	168.415546	169.852113	169.776903	
12.17378	168.665782	168.450453	169.887513	169.81181	
12.18394	168.698062	168.476633	169.919792	169.83799	
12.19407	168.730857	168.511539	169.952588	169.872896	
12.20422	168.76435	168.546446	169.98608	169.907803	
12.21431	168.798202	168.572626	170.019932	169.942709	
12.2245	168.83306	168.607532	170.054791	169.977616	
12.23461	168.86827	168.651166	170.090001	170.003796	
12.24476	168.90421	168.686072	170.125941	170.038702	
12.25489	168.940694	168.720979	170.162425	170.073609	
12.26499	168.977723	168.755885	170.199453	170.108516	
12.2753	169.01615	168.799519	170.23788	170.143422	
12.28539	169.054304	168.834425	170.276034	170.178329	
12.29553	169.093328	168.869332	170.315058	170.213235	
12.30567	169.132925	168.912965	170.354655	170.256869	
12.31573	169.172833	168.947872	170.394564	170.291775	
12.32593	169.213963	168.991505	170.435694	170.326682	
12.33605	169.255342	169.035138	170.477072	170.370315	
12.35418	169.331921	169.104951	170.553651	170.440128	
12.35853	169.350214	169.122405	170.571944	170.466308	
12.36899	169.395083	169.166038	170.616813	170.501215	
12.37882	169.437789	169.209671	170.65952	170.544848	
12.38898	169.482541	169.253304	170.704271	170.588481	
12.39909	169.527724	169.296937	170.749455	170.632114	
12.40921	169.573558	169.340571	170.795289	170.675748	
12.41937	169.620189	169.384204	170.84192	170.728107	
12.42946	169.667103	169.427837	170.888834	170.771741	
12.4396	169.714844	169.47147	170.936574	170.815374	
12.4498	169.76356	169.52383	170.985291	170.867734	
12.45988	169.812277	169.567463	171.034007	170.911367	
12.47035	169.863538	169.611097	171.085269	170.955	
12.48023	169.912479	169.65473	171.134209	171.00736	
12.49032	169.963066	169.70709	171.184797	171.05972	
12.50045	170.014513	169.750723	171.236243	171.103353	
12.5105	170.0661	169.803083	171.28783	171.155713	
12.52067	170.118995	169.846716	171.340725	171.208073	
12.53079	170.172196	169.890349	171.393927	171.260433	
12.54092	170.226028	169.942709	171.447758	171.304066	
12.55103	170.280425	169.995069	171.502155	171.365153	
12.56119	170.335723	170.047429	171.557454	171.408786	
12.57977	170.43939	170.134695	171.66112	171.513506	
12.58419	170.463943	170.160875	171.685674	171.539686	
12.59431	170.520961	170.213235	171.742691	171.592045	
12.60446	170.578846	170.265595	171.800576	171.653132	
12.61568	170.64364	170.317955	171.86537	171.705492	
12.62483	170.6969	170.370315	171.91863	171.766578	
12.63485	170.755803	170.431401	171.977534	171.827665	
12.64494	170.815773	170.483761	172.037503	171.880025	
12.65509	170.876689	170.536121	172.098419	171.941111	
12.66519	170.937908	170.588481	172.159639	172.002198	
12.67578	171.002899	170.649568	172.22463	172.063284	
12.68555	171.063276	170.710654	172.285007	172.124371	
12.69563	171.126278	170.763014	172.348008	172.185457	
12.70588	171.190926	170.824101	172.412656	172.246544	
12.71591	171.254783	170.885187	172.476513	172.30763	
12.7261	171.320319	170.937547	172.542049	172.368717	
12.73622	171.385984	171.00736	172.607715	172.43853	
12.74637	171.452476	171.05972	172.674207	172.499617	
12.75651	171.51956	171.120807	172.74129	172.560703	
12.76659	171.586807	171.181893	172.808538	172.630516	
12.77706	171.657395	171.251706	172.879126	172.691603	
12.78696	171.724695	171.312793	172.946426	172.752689	
12.79707	171.793903	171.373879	173.015633	172.822503	
12.80726	171.86485	171.443692	173.086581	172.883589	
12.81727	171.935814	171.504779	173.157544	172.944676	
12.82752	172.006407	171.565865	173.228137	173.014489	
12.83757	172.077733	171.635679	173.299463	173.075575	
12.84771	172.150339	171.705492	173.372069	173.136662	
12.85826	172.226561	171.775305	173.448292	173.206475	
12.86807	172.298045	171.845118	173.519775	173.267561	
12.87967	172.38335	171.914931	173.605081	173.328648	
12.88846	172.448367	171.984744	173.670098	173.398461	
12.90682	172.586806	172.054558	173.808537	173.459548	
12.91234	172.628392	172.150551	173.850122	173.546814	
12.92247	172.705432	172.220364	173.927162	173.607901	
12.93238	172.781474	172.298904	174.003204	173.677714	
12.94276	172.861703	172.368717	174.083433	173.7388	
12.953	172.941474	172.43853	174.163205	173.799887	
12.97123	173.085989	172.51707	174.307719	173.8697	
12.97638	173.126673	172.613063	174.348403	173.956967	
12.98657	173.208121	172.691603	174.429851	174.018053	
12.99681	173.290591	172.770143	174.512321	174.07914	
13.00691	173.372541	172.848682	174.594272	174.148953	
13.01822	173.46521	172.927222	174.686941	174.210039	
13.02722	173.539219	173.005762	174.760949	174.271126	
13.03728	173.623498	173.084302	174.845229	174.340939	
13.04776	173.710417	173.162842	174.932147	174.402026	
13.05768	173.793872	173.241382	175.015603	174.463112	
13.07592	173.949909	173.328648	175.171639	174.532925	
13.08218	174.003454	173.433368	175.225184	174.611465	
13.09139	174.082817	173.520634	175.304547	174.681278	
13.10176	174.172929	173.599174	175.39466	174.742365	
13.11191	174.261681	173.686441	175.483412	174.803451	
13.12191	174.349717	173.773707	175.571448	174.864538	
13.13237	174.44242	173.860973	175.664151	174.934351	
13.14248	174.532747	173.939513	175.754477	175.004164	
13.15239	174.621791	174.02678	175.843521	175.065251	
13.1629	174.716954	174.114046	175.938684	175.126337	
13.17316	174.810451	174.210039	176.032181	175.187424	
13.19251	174.989622	174.297306	176.211353	175.257237	
13.19779	175.038281	174.428205	176.260012	175.35323	
13.20798	175.13337	174.515472	176.3551	175.414316	
13.2182	175.231528	174.602738	176.453258	175.475403	
13.22839	175.325411	174.698731	176.547142	175.545216	
13.23885	175.424917	174.785998	176.646647	175.597576	
13.25682	175.598109	174.881991	176.819839	175.667389	
13.262	175.647946	175.004164	176.869677	175.754656	
13.27222	175.74723	175.091431	176.96896	175.815742	
13.28367	175.859194	175.187424	177.080924	175.876829	
13.29259	175.946717	175.283417	177.168447	175.946642	
13.30308	176.050543	175.37941	177.272273	176.007728	
13.31286	176.147808	175.475403	177.369539	176.068815	
13.32349	176.254296	175.580123	177.476027	176.138628	
13.33363	176.356519	175.667389	177.57825	176.199715	
13.34409	176.462531	175.772109	177.684262	176.260801	
13.35398	176.563426	175.868102	177.785157	176.330614	
13.3643	176.669317	175.964095	177.891048	176.391701	
13.38233	176.856594	176.068815	178.078325	176.452787	
13.38782	176.913699	176.199715	178.135429	176.540054	
13.39768	177.016821	176.295708	178.238552	176.60114	
13.40811	177.126523	176.400427	178.348253	176.662227	
13.41798	177.231027	176.505147	178.452757	176.73204	
13.42816	177.339292	176.60114	178.561023	176.793127	
13.43857	177.45077	176.70586	178.672501	176.854213	
13.44849	177.557503	176.81058	178.779233	176.924026	
13.45884	177.669596	176.906573	178.891326	176.985113	
13.46903	177.780586	177.020019	179.002316	177.046199	
13.47888	177.888369	177.124739	179.110099	177.116012	
13.49834	178.097483	177.325452	179.319214	177.238186	
13.50352	178.153056	177.377812	179.374787	177.273092	
13.51372	178.261942	177.491258	179.483673	177.334179	
13.52413	178.3725	177.595978	179.59423	177.395265	
13.53404	178.477062	177.709424	179.698792	177.456352	
13.54449	178.586696	177.814144	179.808426	177.517438	
13.55463	178.692523	177.918864	179.914254	177.587251	
13.5645	178.794938	178.03231	180.016668	177.648338	
13.57501	178.90328	178.13703	180.12501	177.709424	
13.59337	179.090154	178.250477	180.311884	177.779238	
13.59879	179.145281	178.398829	180.367012	177.866504	
13.60898	179.248334	178.503549	180.470065	177.927591	
13.62847	179.44245	178.704262	180.664181	178.049764	
13.63363	179.493891	178.765349	180.715621	178.075944	
13.64386	179.595202	178.878795	180.816932	178.145757	
13.65433	179.698137	178.983515	180.919867	178.21557	
13.66414	179.794074	179.088235	181.015804	178.276656	
13.6746	179.895741	179.192954	181.117471	178.337743	
13.69245	180.066865	179.306401	181.288596	178.398829	
13.69763	180.116505	179.4373	181.338235	178.486096	
13.70782	180.213438	179.550747	181.435169	178.547182	
13.71789	180.308637	179.655467	181.530368	178.608269	
13.72809	180.404468	179.760186	181.626199	178.669356	
13.73838	180.502145	179.864906	181.723875	178.739169	
13.75691	180.670995	180.056892	181.892725	178.852615	
13.76228	180.720373	180.117979	181.942103	178.887522	
13.77244	180.813228	180.213972	182.034959	178.948608	
13.78261	180.905403	180.318692	182.127134	179.018421	
13.80207	181.079238	180.510678	182.300968	179.140594	
13.80722	181.125142	180.563038	182.346872	179.166774	
13.81773	181.218915	180.667758	182.440646	179.227861	
13.82761	181.305281	180.763751	182.527011	179.297674	
13.83803	181.396262	180.859744	182.617992	179.358761	
13.84788	181.481787	180.955737	182.703517	179.419847	
13.85834	181.571952	181.060457	182.793683	179.48966	
13.86891	181.66237	181.147723	182.8841	179.550747	
13.87829	181.742075	181.243716	182.963805	179.611833	
13.88881	181.830801	181.339709	183.052531	179.681646	
13.899	181.916209	181.435702	183.137939	179.742733	
13.90887	181.998224	181.522969	183.219955	179.80382	
13.927	182.146615	181.618962	183.368346	179.873633	
13.93228	182.189865	181.741135	183.411596	179.952173	
13.94243	182.272261	181.828401	183.493991	180.021986	
13.9529	182.356598	181.915668	183.578328	180.083072	
13.96305	182.437691	182.002934	183.659421	180.144159	
13.97294	182.516201	182.098928	183.737931	180.205245	
13.98337	182.598261	182.177467	183.819991	180.275058	
13.99368	182.678847	182.264734	183.900578	180.336145	
14.00363	182.755912	182.352	183.977643	180.405958	
14.01373	182.833658	182.439267	184.055389	180.467045	
14.02389	182.911142	182.526533	184.132873	180.528131	
14.0341	182.988424	182.6138	184.210155	180.589218	
14.04452	183.066702	182.692339	184.288433	180.659031	
14.05434	183.139852	182.770879	184.361583	180.720117	
14.06483	183.217304	182.849419	184.439035	180.781204	
14.07468	183.289543	182.927959	184.511274	180.851017	
14.08525	183.366271	183.015225	184.588001	180.912104	
14.09641	183.446645	183.085039	184.668376	180.97319	
14.10522	183.509651	183.163578	184.731382	181.043003	
14.1154	183.581754	183.242118	184.803484	181.10409	
14.13357	183.708143	183.320658	184.929874	181.165176	
14.13875	183.744152	183.416651	184.965883	181.252443	
14.14895	183.814377	183.495191	185.036107	181.313529	
14.15917	183.884192	183.573731	185.105922	181.374616	
14.16947	183.953846	183.643544	185.175577	181.444429	
14.17996	184.024172	183.713357	185.245903	181.505516	
14.18955	184.087887	183.78317	185.309618	181.566602	
14.20802	184.208214	183.852983	185.429944	181.636415	
14.2132	184.24189	183.957703	185.46362	181.714955	
14.22342	184.307809	184.027516	185.529539	181.776042	
14.23358	184.372679	184.088603	185.594409	181.845855	
14.2438	184.437292	184.167143	185.659022	181.906941	
14.25424	184.502667	184.236956	185.724397	181.976754	
14.26404	184.563429	184.298042	185.78516	182.037841	
14.27443	184.627273	184.367856	185.849004	182.098928	
14.28441	184.687948	184.428942	185.909679	182.160014	
14.29482	184.750673	184.498755	185.972404	182.229827	
14.30473	184.80975	184.559842	186.03148	182.290914	
14.31517	184.871313	184.620928	186.093043	182.360727	
14.32507	184.929189	184.690741	186.150919	182.421813	
14.33524	184.98797	184.751828	186.2097	182.4829	
14.34541	185.046178	184.812914	186.267909	182.543986	
14.35579	185.104888	184.874001	186.326618	182.6138	
14.36601	185.162118	184.935088	186.383848	182.674886	
14.37609	185.217966	184.996174	186.439697	182.735973	
14.38608	185.272712	185.057261	186.494443	182.805786	
14.39744	185.33418	185.10962	186.55591	182.866872	
14.40675	185.384064	185.170707	186.605794	182.927959	
14.41649	185.435727	185.231794	186.657458	182.997772	
14.42669	185.489159	185.284153	186.71089	183.058859	
14.43717	185.543452	185.34524	186.765183	183.119945	
14.45509	185.633955	185.441233	186.855686	183.233392	
14.46021	185.659815	185.47614	186.881545	183.268298	
14.4706	185.711592	185.528499	186.933323	183.329385	
14.4805	185.760283	185.580859	186.982013	183.399198	
14.49082	185.810502	185.633219	187.032232	183.460284	
14.50155	185.861974	185.685579	187.083705	183.521371	
14.51297	185.916006	185.737939	187.137737	183.591184	
14.52199	185.958202	185.790299	187.179932	183.652271	
14.53953	186.038047	185.886292	187.259777	183.765717	
14.54462	186.06123	185.912472	187.282961	183.800624	
14.55495	186.107543	185.964832	187.329274	183.86171	
14.56537	186.153675	186.017192	187.375405	183.922797	
14.57525	186.196803	186.060825	187.418534	183.983883	
14.58543	186.240623	186.113185	187.462354	184.04497	
14.59561	186.283818	186.156818	187.505549	184.114783	
14.60576	186.326282	186.209178	187.548013	184.184596	
14.61589	186.368086	186.252811	187.589816	184.245682	
14.6264	186.410833	186.296444	187.632563	184.306769	
14.6363	186.450519	186.348804	187.67225	184.367856	
14.64642	186.490449	186.392437	187.71218	184.428942	
14.65687	186.531036	186.436071	187.752766	184.498755	
14.6667	186.568666	186.470977	187.790397	184.559842	
14.6772	186.608222	186.523337	187.829953	184.620928	
14.68711	186.644987	186.558244	187.866718	184.690741	
14.69748	186.682798	186.601877	187.904529	184.751828	
14.70779	186.71982	186.64551	187.94155	184.812914	
14.71769	186.755012	186.680417	187.976743	184.882728	
14.73582	186.81641	186.72405	188.038141	184.943814	
14.74102	186.834117	186.77641	188.055848	185.022354	
14.75124	186.868222	186.811316	188.089953	185.092167	
14.76168	186.90238	186.85495	188.124111	185.153254	
14.77219	186.936129	186.889856	188.157859	185.223067	
14.78196	186.96697	186.924763	188.188701	185.284153	
14.79214	186.998498	186.959669	188.220228	185.34524	
14.80346	187.032762	186.994576	188.254492	185.406326	
14.81272	187.060365	187.029483	188.282095	185.47614	
14.8229	187.090077	187.064389	188.311808	185.537226	
14.84093	187.140459	187.099296	188.36219	185.598313	
14.84608	187.154776	187.142929	188.376506	185.685579	
14.8563	187.182632	187.169109	188.404363	185.755392	
14.86671	187.210362	187.204016	188.432092	185.816479	
14.87655	187.236038	187.238922	188.457769	185.877565	
14.88709	187.26286	187.273829	188.484591	185.938652	
14.89692	187.287366	187.300009	188.509096	185.999738	
14.90795	187.314114	187.326189	188.535845	186.069552	
14.91779	187.33746	187.361095	188.55919	186.139365	
14.92816	187.361405	187.387275	188.583136	186.200451	
14.93812	187.383878	187.413455	188.605608	186.261538	
14.9485	187.406652	187.439635	188.628382	186.331351	
14.95841	187.427849	187.465815	188.64958	186.392437	
14.9691	187.450054	187.491995	188.671785	186.453524	
14.97867	187.469429	187.518175	188.69116	186.523337	
14.98891	187.489549	187.544355	188.711279	186.584424	
15.00735	187.523412	187.570535	188.745143	186.64551	
15.01284	187.53353	187.605441	188.755261	186.732777	
15.0237	187.552714	187.622895	188.774445	186.793863	
15.03305	187.568762	187.649075	188.790492	186.85495	
15.04292	187.585157	187.666528	188.806887	186.924763	
15.05325	187.601713	187.692708	188.823443	186.985849	
15.06343	187.617442	187.710161	188.839172	187.046936	
15.0815	187.643151	187.727614	188.864882	187.116749	
15.08662	187.650478	187.762521	188.872209	187.195289	
15.09694	187.664508	187.779974	188.886239	187.256375	
15.10824	187.679146	187.797428	188.900876	187.317462	
15.11712	187.69026	187.814881	188.911991	187.378548	
15.12723	187.702331	187.832334	188.924061	187.448362	
15.13745	187.713968	187.849787	188.935699	187.509448	
15.14762	187.724994	187.867241	188.946725	187.570535	
15.15777	187.735438	187.884694	188.957169	187.640348	
15.16784	187.745269	187.902147	188.967	187.701434	
15.1781	187.754713	187.902147	188.976443	187.762521	
15.18827	187.763527	187.919601	188.985258	187.823607	
15.19877	187.772049	187.919601	188.993779	187.884694	
15.20958	187.780208	187.928327	189.001938	187.954507	
15.22737	187.791683	187.937054	189.013413	188.067954	
15.23251	187.795032	187.937054	189.016762	188.094133	
15.24276	187.801069	187.937054	189.0228	188.163947	
15.25319	187.806679	187.937054	189.02841	188.225033	
15.26303	187.811521	187.937054	189.033252	188.28612	
15.27347	187.816131	187.937054	189.037861	188.347206	
15.29157	187.822295	187.937054	189.044025	188.408293	
15.29671	187.82409	187.937054	189.04582	188.495559	
15.30693	187.827118	187.928327	189.048849	188.556646	
15.3177	187.829851	187.928327	189.051581	188.617732	
15.32724	187.831926	187.919601	189.053656	188.687545	
15.33771	187.833807	187.919601	189.055538	188.748632	
15.34764	187.839588	187.919601	189.061318	188.809718	
15.35801	187.839588	187.919601	189.061318	188.870805	
15.36779	187.839588	187.910874	189.061318	188.931892	
15.37789	187.839588	187.902147	189.061318	189.001705	
15.38804	187.839588	187.902147	189.061318	189.054065	
15.3982	187.839588	187.902147	189.061318	189.106424	
15.40828	187.839588	187.893421	189.061318	189.158784	
15.41891	187.839588	187.884694	189.061318	189.193691	
15.42859	187.839588	187.884694	189.061318	189.211144	
15.43871	187.839588	187.875967	189.061318	189.228598	
15.44882	187.839588	187.867241	189.061318	189.237324	
15.45914	187.839588	187.867241	189.061318	189.228598	
15.46949	187.839588	187.858514	189.061318	189.219871	
15.47926	187.839588	187.849787	189.061318	189.211144	
15.48951	187.839588	187.849787	189.061318	189.176238	
15.4996	187.839588	187.841061	189.061318	189.150058	
15.50961	187.839588	187.841061	189.061318	189.123878	
15.5278	187.839588	187.832334	189.061318	189.097698	
15.53218	187.839588	187.832334	189.061318	189.062791	
15.54234	187.839588	187.832334	189.061318	189.036611	
15.55244	187.839588	187.841061	189.061318	189.010431	
15.56257	187.839588	187.841061	189.061318	189.001705	
15.57276	187.839588	187.841061	189.061318	188.984251	
15.58285	187.839588	187.849787	189.061318	188.984251	
15.59299	187.839588	187.849787	189.061318	188.984251	
15.6031	187.839588	187.849787	189.061318	188.992978	
15.61324	187.839588	187.849787	189.061318	189.001705	
15.6326	187.839588	187.849787	189.061318	189.036611	
15.63706	187.839588	187.849787	189.061318	189.036611	
15.64714	187.839588	187.849787	189.061318	189.054065	
15.65728	187.839588	187.841061	189.061318	189.062791	
15.66745	187.839588	187.841061	189.061318	189.071518	
15.67756	187.839588	187.841061	189.061318	189.088971	
15.68769	187.839588	187.841061	189.061318	189.097698	
15.69781	187.839588	187.841061	189.061318	189.097698	
15.70794	187.839588	187.841061	189.061318	189.106424	
15.71801	187.839588	187.841061	189.061318	189.106424	
15.72818	187.839588	187.841061	189.061318	189.097698	
15.73842	187.839588	187.841061	189.061318	189.097698	
15.74908	187.839588	187.841061	189.061318	189.088971	
15.75893	187.839588	187.841061	189.061318	189.088971	
15.76915	187.839588	187.841061	189.061318	189.080245	
15.77923	187.839588	187.841061	189.061318	189.071518	
15.78935	187.839588	187.841061	189.061318	189.071518	
15.79946	187.839588	187.841061	189.061318	189.071518	
15.80957	187.839588	187.841061	189.061318	189.071518	
15.8277	187.839588	187.841061	189.061318	189.071518	
15.83204	187.839588	187.841061	189.061318	189.062791	
15.84222	187.839588	187.841061	189.061318	189.062791	
15.85234	187.839588	187.841061	189.061318	189.062791	
15.86243	187.839588	187.841061	189.061318	189.062791	
15.87254	187.839588	187.841061	189.061318	189.062791	
15.88274	187.839588	187.841061	189.061318	189.062791	
15.89288	187.839588	187.841061	189.061318	189.062791	
15.90301	187.839588	187.841061	189.061318	189.071518	
15.91314	187.839588	187.841061	189.061318	189.071518	
15.92324	187.839588	187.841061	189.061318	189.071518	
15.93342	187.839588	187.841061	189.061318	189.071518	
15.94353	187.839588	187.841061	189.061318	189.071518	
15.95367	187.839588	187.841061	189.061318	189.071518	
15.96386	187.839588	187.841061	189.061318	189.071518	
15.97397	187.839588	187.841061	189.061318	189.071518	
15.98414	187.839588	187.841061	189.061318	189.071518	
15.9943	187.839588	187.841061	189.061318	189.071518	
16.0044	187.839588	187.841061	189.061318	189.071518	
16.0145	187.839588	187.841061	189.061318	189.071518	
16.02533	187.839588	187.841061	189.061318	189.071518	
16.03477	187.839588	187.841061	189.061318	189.071518	
16.04489	187.839588	187.841061	189.061318	189.071518	
16.05499	187.839588	187.841061	189.061318	189.071518	
16.06517	187.839588	187.841061	189.061318	189.071518	
16.07526	187.839588	187.841061	189.061318	189.071518	
16.08544	187.839588	187.841061	189.061318	189.071518	
16.09561	187.839588	187.841061	189.061318	189.071518	
16.10575	187.839588	187.841061	189.061318	189.071518	
16.11593	187.839588	187.841061	189.061318	189.071518	
16.12596	187.839588	187.841061	189.061318	189.071518	
16.13615	187.839588	187.841061	189.061318	189.071518	
16.14632	187.839588	187.841061	189.061318	189.071518	
16.15642	187.839588	187.841061	189.061318	189.071518	
16.16657	187.839588	187.841061	189.061318	189.071518	
16.17665	187.839588	187.841061	189.061318	189.071518	
16.18688	187.839588	187.841061	189.061318	189.071518	
16.19704	187.839588	187.841061	189.061318	189.071518	
16.20716	187.839588	187.841061	189.061318	189.071518	
16.21725	187.839588	187.841061	189.061318	189.071518	
16.22766	187.839588	187.841061	189.061318	189.071518	
16.23756	187.839588	187.841061	189.061318	189.071518	
16.24768	187.839588	187.841061	189.061318	189.071518	
16.25781	187.839588	187.841061	189.061318	189.071518	
16.26799	187.839588	187.841061	189.061318	189.071518	
16.27803	187.839588	187.841061	189.061318	189.071518	
16.28819	187.839588	187.841061	189.061318	189.071518	
16.29834	187.839588	187.841061	189.061318	189.071518	
16.30848	187.839588	187.841061	189.061318	189.071518	
16.31876	187.839588	187.841061	189.061318	189.071518	
16.32871	187.839588	187.841061	189.061318	189.071518	
16.33882	187.839588	187.841061	189.061318	189.071518	
16.349	187.839588	187.841061	189.061318	189.071518	
16.35923	187.839588	187.841061	189.061318	189.071518	
16.36919	187.839588	187.841061	189.061318	189.071518	
16.37932	187.839588	187.841061	189.061318	189.071518	
16.38946	187.839588	187.841061	189.061318	189.071518	
16.39959	187.839588	187.841061	189.061318	189.071518	
16.40974	187.839588	187.841061	189.061318	189.071518	
16.42003	187.839588	187.841061	189.061318	189.071518	
16.42996	187.839588	187.841061	189.061318	189.071518	
16.44014	187.839588	187.841061	189.061318	189.071518	
16.45021	187.839588	187.841061	189.061318	189.071518	
16.46033	187.839588	187.841061	189.061318	189.071518	
16.47045	187.839588	187.841061	189.061318	189.071518	
16.48058	187.839588	187.841061	189.061318	189.071518	
16.49142	187.839588	187.841061	189.061318	189.071518	
16.50088	187.839588	187.841061	189.061318	189.071518	
16.51098	187.839588	187.841061	189.061318	189.071518	
16.52111	187.839588	187.841061	189.061318	189.071518	
16.53126	187.839588	187.841061	189.061318	189.071518	
16.5418	187.839588	187.841061	189.061318	189.071518	
16.55183	187.839588	187.841061	189.061318	189.071518	
16.56194	187.839588	187.841061	189.061318	189.071518	
16.57211	187.839588	187.841061	189.061318	189.071518	
16.5822	187.839588	187.841061	189.061318	189.071518	
16.59237	187.839588	187.841061	189.061318	189.071518	
16.60255	187.839588	187.841061	189.061318	189.071518	
16.61265	187.839588	187.841061	189.061318	189.071518	
16.624	187.839588	187.841061	189.061318	189.071518	
16.63288	187.839588	187.841061	189.061318	189.071518	
16.64305	187.839588	187.841061	189.061318	189.071518	
16.6532	187.839588	187.841061	189.061318	189.071518	
16.66329	187.839588	187.841061	189.061318	189.071518	
16.67344	187.839588	187.841061	189.061318	189.071518	
16.6836	187.839588	187.841061	189.061318	189.071518	
16.69373	187.839588	187.841061	189.061318	189.071518	
16.70389	187.839588	187.841061	189.061318	189.071518	
16.714	187.839588	187.841061	189.061318	189.071518	
16.72416	187.839588	187.841061	189.061318	189.071518	
16.73423	187.839588	187.841061	189.061318	189.071518	
16.74442	187.839588	187.841061	189.061318	189.071518	
16.75455	187.839588	187.841061	189.061318	189.071518	
16.7647	187.839588	187.841061	189.061318	189.071518	
16.77498	187.839588	187.841061	189.061318	189.071518	
16.7851	187.839588	187.841061	189.061318	189.071518	
16.79525	187.839588	187.841061	189.061318	189.071518	
16.80541	187.839588	187.841061	189.061318	189.071518	
16.81549	187.839588	187.841061	189.061318	189.071518	
16.82566	187.839588	187.841061	189.061318	189.071518	
16.83584	187.839588	187.841061	189.061318	189.071518	
16.84589	187.839588	187.841061	189.061318	189.071518	
16.85607	187.839588	187.841061	189.061318	189.071518	
16.86624	187.839588	187.841061	189.061318	189.071518	
16.8763	187.839588	187.841061	189.061318	189.071518	
16.88648	187.839588	187.841061	189.061318	189.071518	
16.89655	187.839588	187.841061	189.061318	189.071518	
16.90675	187.839588	187.841061	189.061318	189.071518	
16.91688	187.839588	187.841061	189.061318	189.071518	
16.92697	187.839588	187.841061	189.061318	189.071518	
16.93714	187.839588	187.841061	189.061318	189.071518	
16.94726	187.839588	187.841061	189.061318	189.071518	
16.95741	187.839588	187.841061	189.061318	189.071518	
16.96752	187.839588	187.841061	189.061318	189.071518	
16.97765	187.839588	187.841061	189.061318	189.071518	
16.98783	187.839588	187.841061	189.061318	189.071518	
16.99791	187.839588	187.841061	189.061318	189.071518	
17.00812	187.839588	187.841061	189.061318	189.071518	
17.0182	187.839588	187.841061	189.061318	189.071518	
17.02835	187.839588	187.841061	189.061318	189.071518	
17.03854	187.839588	187.841061	189.061318	189.071518	
17.04896	187.839588	187.841061	189.061318	189.071518	
17.05874	187.839588	187.841061	189.061318	189.071518	
17.06887	187.839588	187.841061	189.061318	189.071518	
17.079	187.839588	187.841061	189.061318	189.071518	
17.08913	187.839588	187.841061	189.061318	189.071518	
17.09924	187.839588	187.841061	189.061318	189.071518	
17.10942	187.839588	187.841061	189.061318	189.071518	
17.11951	187.839588	187.841061	189.061318	189.071518	
17.12965	187.839588	187.841061	189.061318	189.071518	
17.14778	187.839588	187.841061	189.061318	189.071518	
17.15215	187.839588	187.841061	189.061318	189.071518	
17.1624	187.839588	187.841061	189.061318	189.071518	
17.17246	187.839588	187.841061	189.061318	189.071518	
17.18255	187.839588	187.841061	189.061318	189.071518	
17.19269	187.839588	187.841061	189.061318	189.071518	
17.20286	187.839588	187.841061	189.061318	189.071518	
17.213	187.839588	187.841061	189.061318	189.071518	
17.22313	187.839588	187.841061	189.061318	189.071518	
17.23328	187.839588	187.841061	189.061318	189.071518	
17.2434	187.839588	187.841061	189.061318	189.071518	
17.25353	187.839588	187.841061	189.061318	189.071518	
17.26366	187.839588	187.841061	189.061318	189.071518	
17.2738	187.839588	187.841061	189.061318	189.071518	
17.284	187.839588	187.841061	189.061318	189.071518	
17.29408	187.839588	187.841061	189.061318	189.071518	
17.3042	187.839588	187.841061	189.061318	189.071518	
17.31442	187.839588	187.841061	189.061318	189.071518	
17.32451	187.839588	187.841061	189.061318	189.071518	
17.33462	187.839588	187.841061	189.061318	189.071518	
17.34477	187.839588	187.841061	189.061318	189.071518	
17.35486	187.839588	187.841061	189.061318	189.071518	
17.36505	187.839588	187.841061	189.061318	189.071518	
17.37513	187.839588	187.841061	189.061318	189.071518	
17.3853	187.839588	187.841061	189.061318	189.071518	
17.39544	187.839588	187.841061	189.061318	189.071518	
17.40552	187.839588	187.841061	189.061318	189.071518	
17.41569	187.839588	187.841061	189.061318	189.071518	
17.42583	187.839588	187.841061	189.061318	189.071518	
17.43598	187.839588	187.841061	189.061318	189.071518	
17.44609	187.839588	187.841061	189.061318	189.071518	
17.45617	187.839588	187.841061	189.061318	189.071518	
17.46638	187.839588	187.841061	189.061318	189.071518	
17.47649	187.839588	187.841061	189.061318	189.071518	
17.48662	187.839588	187.841061	189.061318	189.071518	
17.49679	187.839588	187.841061	189.061318	189.071518	
17.5069	187.839588	187.841061	189.061318	189.071518	
17.52503	187.839588	187.841061	189.061318	189.071518	
17.52941	187.839588	187.841061	189.061318	189.071518	
17.53958	187.839588	187.841061	189.061318	189.071518	
17.54965	187.839588	187.841061	189.061318	189.071518	
17.56803	187.839588	187.841061	189.061318	189.071518	
17.57241	187.839588	187.841061	189.061318	189.071518	
17.58253	187.839588	187.841061	189.061318	189.071518	
17.59268	187.839588	187.841061	189.061318	189.071518	
17.60279	187.839588	187.841061	189.061318	189.071518	
17.61292	187.839588	187.841061	189.061318	189.071518	
17.62324	187.839588	187.841061	189.061318	189.071518	
17.63321	187.839588	187.841061	189.061318	189.071518	
17.64334	187.839588	187.841061	189.061318	189.071518	
17.65348	187.839588	187.841061	189.061318	189.071518	
17.66361	187.839588	187.841061	189.061318	189.071518	
17.67372	187.839588	187.841061	189.061318	189.071518	
17.6839	187.839588	187.841061	189.061318	189.071518	
17.69402	187.839588	187.841061	189.061318	189.071518	
17.70414	187.839588	187.841061	189.061318	189.071518	
17.71435	187.839588	187.841061	189.061318	189.071518	
17.72445	187.839588	187.841061	189.061318	189.071518	
17.73452	187.839588	187.841061	189.061318	189.071518	
17.75357	187.839588	187.841061	189.061318	189.071518	
17.75794	187.839588	187.841061	189.061318	189.071518	
17.76801	187.839588	187.841061	189.061318	189.071518	
17.77815	187.839588	187.841061	189.061318	189.071518	
17.78833	187.839588	187.841061	189.061318	189.071518	
17.79849	187.839588	187.841061	189.061318	189.071518	
17.80857	187.839588	187.841061	189.061318	189.071518	
17.81898	187.839588	187.841061	189.061318	189.071518	
17.82885	187.839588	187.841061	189.061318	189.071518	
17.83897	187.839588	187.841061	189.061318	189.071518	
17.8491	187.839588	187.841061	189.061318	189.071518	
17.85921	187.839588	187.841061	189.061318	189.071518	
17.86934	187.839588	187.841061	189.061318	189.071518	
17.87948	187.839588	187.841061	189.061318	189.071518	
17.8896	187.839588	187.841061	189.061318	189.071518	
17.90824	187.839588	187.841061	189.061318	189.071518	
17.91258	187.839588	187.841061	189.061318	189.071518	
17.92272	187.839588	187.841061	189.061318	189.071518	
17.9329	187.839588	187.841061	189.061318	189.071518	
17.94302	187.839588	187.841061	189.061318	189.071518	
17.95319	187.839588	187.841061	189.061318	189.071518	
17.96327	187.839588	187.841061	189.061318	189.071518	
17.97344	187.839588	187.841061	189.061318	189.071518	
17.98357	187.839588	187.841061	189.061318	189.071518	
17.9937	187.839588	187.841061	189.061318	189.071518	
18.00389	187.839588	187.841061	189.061318	189.071518	
18.01394	187.839588	187.841061	189.061318	189.071518	
18.0248	187.839588	187.841061	189.061318	189.071518	
18.03424	187.839588	187.841061	189.061318	189.071518	
18.04434	187.839588	187.841061	189.061318	189.071518	
18.05445	187.839588	187.841061	189.061318	189.071518	
18.06461	187.839588	187.841061	189.061318	189.071518	
18.07476	187.839588	187.841061	189.061318	189.071518	
18.0849	187.839588	187.841061	189.061318	189.071518	
18.09501	187.839588	187.841061	189.061318	189.071518	
18.10515	187.839588	187.841061	189.061318	189.071518	
18.1153	187.839588	187.841061	189.061318	189.071518	
18.12538	187.839588	187.841061	189.061318	189.071518	
18.1356	187.839588	187.841061	189.061318	189.071518	
18.14569	187.839588	187.841061	189.061318	189.071518	
18.15588	187.839588	187.841061	189.061318	189.071518	
18.16609	187.839588	187.841061	189.061318	189.071518	
18.17605	187.839588	187.841061	189.061318	189.071518	
18.18646	187.839588	187.841061	189.061318	189.071518	
18.19639	187.839588	187.841061	189.061318	189.071518	
18.2065	187.839588	187.841061	189.061318	189.071518	
18.21658	187.839588	187.841061	189.061318	189.071518	
18.22672	187.839588	187.841061	189.061318	189.071518	
18.23687	187.839588	187.841061	189.061318	189.071518	
18.247	187.839588	187.841061	189.061318	189.071518	
18.25714	187.839588	187.841061	189.061318	189.071518	
18.26726	187.839588	187.841061	189.061318	189.071518	
18.27743	187.839588	187.841061	189.061318	189.071518	
18.28755	187.839588	187.841061	189.061318	189.071518	
18.29767	187.839588	187.841061	189.061318	189.071518	
18.30788	187.839588	187.841061	189.061318	189.071518	
18.31794	187.839588	187.841061	189.061318	189.071518	
18.32849	187.839588	187.841061	189.061318	189.071518	
18.33871	187.839588	187.841061	189.061318	189.071518	
18.34874	187.839588	187.841061	189.061318	189.071518	
18.35885	187.839588	187.841061	189.061318	189.071518	
18.36895	187.839588	187.841061	189.061318	189.071518	
18.37919	187.839588	187.841061	189.061318	189.071518	
18.38927	187.839588	187.841061	189.061318	189.071518	
18.39936	187.839588	187.841061	189.061318	189.071518	
18.40945	187.839588	187.841061	189.061318	189.071518	
18.41958	187.839588	187.841061	189.061318	189.071518	
18.42994	187.839588	187.841061	189.061318	189.071518	
18.43995	187.839588	187.841061	189.061318	189.071518	
18.45	187.839588	187.841061	189.061318	189.071518	
18.46018	187.839588	187.841061	189.061318	189.071518	
18.4702	187.839588	187.841061	189.061318	189.071518	
18.48059	187.839588	187.841061	189.061318	189.071518	
18.49068	187.839588	187.841061	189.061318	189.071518	
18.5006	187.839588	187.841061	189.061318	189.071518	
18.51073	187.839588	187.841061	189.061318	189.071518	
18.52084	187.839588	187.841061	189.061318	189.071518	
18.53101	187.839588	187.841061	189.061318	189.071518	
18.54145	187.839588	187.841061	189.061318	189.071518	
18.55128	187.839588	187.841061	189.061318	189.071518	
18.5614	187.839588	187.841061	189.061318	189.071518	
18.57155	187.839588	187.841061	189.061318	189.071518	
18.58163	187.839588	187.841061	189.061318	189.071518	
18.59188	187.839588	187.841061	189.061318	189.071518	
18.60201	187.839588	187.841061	189.061318	189.071518	
18.61215	187.839588	187.841061	189.061318	189.071518	
18.62223	187.839588	187.841061	189.061318	189.071518	
18.63238	187.839588	187.841061	189.061318	189.071518	
18.64259	187.839588	187.841061	189.061318	189.071518	
18.65267	187.839588	187.841061	189.061318	189.071518	
18.66279	187.839588	187.841061	189.061318	189.071518	
18.67293	187.839588	187.841061	189.061318	189.071518	
18.68304	187.839588	187.841061	189.061318	189.071518	
18.69328	187.839588	187.841061	189.061318	189.071518	
18.70332	187.839588	187.841061	189.061318	189.071518	
18.71346	187.839588	187.841061	189.061318	189.071518	
18.72361	187.839588	187.841061	189.061318	189.071518	
18.73368	187.839588	187.841061	189.061318	189.071518	
18.74389	187.839588	187.841061	189.061318	189.071518	
18.754	187.839588	187.841061	189.061318	189.071518	
18.76418	187.839588	187.841061	189.061318	189.071518	
18.77427	187.839588	187.841061	189.061318	189.071518	
18.78439	187.839588	187.841061	189.061318	189.071518	
18.79457	187.839588	187.841061	189.061318	189.071518	
18.80468	187.839588	187.841061	189.061318	189.071518	
18.81476	187.839588	187.841061	189.061318	189.071518	
18.82494	187.839588	187.841061	189.061318	189.071518	
18.83507	187.839588	187.841061	189.061318	189.071518	
18.84527	187.839588	187.841061	189.061318	189.071518	
18.85537	187.839588	187.841061	189.061318	189.071518	
18.86548	187.839588	187.841061	189.061318	189.071518	
18.8756	187.839588	187.841061	189.061318	189.071518	
18.8857	187.839588	187.841061	189.061318	189.071518	
18.89589	187.839588	187.841061	189.061318	189.071518	
18.90602	187.839588	187.841061	189.061318	189.071518	
18.91621	187.839588	187.841061	189.061318	189.071518	
18.92624	187.839588	187.841061	189.061318	189.071518	
18.93637	187.839588	187.841061	189.061318	189.071518	
18.94657	187.839588	187.841061	189.061318	189.071518	
18.9567	187.839588	187.841061	189.061318	189.071518	
18.96682	187.839588	187.841061	189.061318	189.071518	
18.97694	187.839588	187.841061	189.061318	189.071518	
18.98707	187.839588	187.841061	189.061318	189.071518	
18.99719	187.839588	187.841061	189.061318	189.071518	
19.00736	187.839588	187.841061	189.061318	189.071518	
19.01747	187.839588	187.841061	189.061318	189.071518	
19.02848	187.839588	187.841061	189.061318	189.071518	
19.0377	187.839588	187.841061	189.061318	189.071518	
19.04782	187.839588	187.841061	189.061318	189.071518	
19.05798	187.839588	187.841061	189.061318	189.071518	
19.0682	187.839588	187.841061	189.061318	189.071518	
19.07828	187.839588	187.841061	189.061318	189.071518	
19.08839	187.839588	187.841061	189.061318	189.071518	
19.09859	187.839588	187.841061	189.061318	189.071518	
19.10868	187.839588	187.841061	189.061318	189.071518	
19.11877	187.839588	187.841061	189.061318	189.071518	
19.12888	187.839588	187.841061	189.061318	189.071518	
19.13901	187.839588	187.841061	189.061318	189.071518	
19.14915	187.839588	187.841061	189.061318	189.071518	
19.15929	187.839588	187.841061	189.061318	189.071518	
19.16947	187.839588	187.841061	189.061318	189.071518	
19.17955	187.839588	187.841061	189.061318	189.071518	
19.18977	187.839588	187.841061	189.061318	189.071518	
19.20766	187.839588	187.841061	189.061318	189.071518	
19.212	187.839588	187.841061	189.061318	189.071518	
19.22217	187.839588	187.841061	189.061318	189.071518	
19.23228	187.839588	187.841061	189.061318	189.071518	
19.24244	187.839588	187.841061	189.061318	189.071518	
19.25255	187.839588	187.841061	189.061318	189.071518	
19.26268	187.839588	187.841061	189.061318	189.071518	
19.27281	187.839588	187.841061	189.061318	189.071518	
19.28296	187.839588	187.841061	189.061318	189.071518	
19.29309	187.839588	187.841061	189.061318	189.071518	
19.30322	187.839588	187.841061	189.061318	189.071518	
19.31337	187.839588	187.841061	189.061318	189.071518	
19.3235	187.839588	187.841061	189.061318	189.071518	
19.33363	187.839588	187.841061	189.061318	189.071518	
19.34375	187.839588	187.841061	189.061318	189.071518	
19.35388	187.839588	187.841061	189.061318	189.071518	
19.36408	187.839588	187.841061	189.061318	189.071518	
19.37412	187.839588	187.841061	189.061318	189.071518	
19.38428	187.839588	187.841061	189.061318	189.071518	
19.39445	187.839588	187.841061	189.061318	189.071518	
19.40457	187.839588	187.841061	189.061318	189.071518	
19.41464	187.839588	187.841061	189.061318	189.071518	
19.4248	187.839588	187.841061	189.061318	189.071518	
19.43494	187.839588	187.841061	189.061318	189.071518	
19.44507	187.839588	187.841061	189.061318	189.071518	
19.45521	187.839588	187.841061	189.061318	189.071518	
19.46538	187.839588	187.841061	189.061318	189.071518	
19.47549	187.839588	187.841061	189.061318	189.071518	
19.48561	187.839588	187.841061	189.061318	189.071518	
19.49575	187.839588	187.841061	189.061318	189.071518	
19.50589	187.839588	187.841061	189.061318	189.071518	
19.51807	187.839588	187.841061	189.061318	189.071518	
19.52815	187.839588	187.841061	189.061318	189.071518	
19.53827	187.839588	187.841061	189.061318	189.071518	
19.5488	187.839588	187.841061	189.061318	189.071518	
19.55857	187.839588	187.841061	189.061318	189.071518	
19.56879	187.839588	187.841061	189.061318	189.071518	
19.57882	187.839588	187.841061	189.061318	189.071518	
19.58891	187.839588	187.841061	189.061318	189.071518	
19.59903	187.839588	187.841061	189.061318	189.071518	
19.60918	187.839588	187.841061	189.061318	189.071518	
19.61928	187.839588	187.841061	189.061318	189.071518	
19.63016	187.839588	187.841061	189.061318	189.071518	
19.63958	187.839588	187.841061	189.061318	189.071518	
19.64967	187.839588	187.841061	189.061318	189.071518	
19.66814	187.839588	187.841061	189.061318	189.071518	
19.67248	187.839588	187.841061	189.061318	189.071518	
19.68266	187.839588	187.841061	189.061318	189.071518	
19.69287	187.839588	187.841061	189.061318	189.071518	
19.70295	187.839588	187.841061	189.061318	189.071518	
19.71313	187.839588	187.841061	189.061318	189.071518	
19.72329	187.839588	187.841061	189.061318	189.071518	
19.73346	187.839588	187.841061	189.061318	189.071518	
19.74365	187.839588	187.841061	189.061318	189.071518	
19.75373	187.839588	187.841061	189.061318	189.071518	
19.76399	187.839588	187.841061	189.061318	189.071518	
19.77402	187.839588	187.841061	189.061318	189.071518	
19.78418	187.839588	187.841061	189.061318	189.071518	
19.79432	187.839588	187.841061	189.061318	189.071518	
19.80446	187.839588	187.841061	189.061318	189.071518	
19.81455	187.839588	187.841061	189.061318	189.071518	
19.82474	187.839588	187.841061	189.061318	189.071518	
19.83486	187.839588	187.841061	189.061318	189.071518	
19.84501	187.839588	187.841061	189.061318	189.071518	
19.85514	187.839588	187.841061	189.061318	189.071518	
19.86523	187.839588	187.841061	189.061318	189.071518	
19.87538	187.839588	187.841061	189.061318	189.071518	
19.88557	187.839588	187.841061	189.061318	189.071518	
19.89568	187.839588	187.841061	189.061318	189.071518	
19.90581	187.839588	187.841061	189.061318	189.071518	
19.91601	187.839588	187.841061	189.061318	189.071518	
19.92603	187.839588	187.841061	189.061318	189.071518	
19.9362	187.839588	187.841061	189.061318	189.071518	
19.94633	187.839588	187.841061	189.061318	189.071518	
19.95647	187.839588	187.841061	189.061318	189.071518	
19.9666	187.839588	187.841061	189.061318	189.071518	
19.97677	187.839588	187.841061	189.061318	189.071518	
19.98689	187.839588	187.841061	189.061318	189.071518	
19.997	187.839588	187.841061	189.061318	189.071518	
20.00713	187.839588	187.841061	189.061318	189.071518	
20.01722	187.839588	187.841061	189.061318	189.071518	
20.02811	187.839588	187.841061	189.061318	189.071518	
20.03752	187.839588	187.841061	189.061318	189.071518	
20.0476	187.839588	187.841061	189.061318	189.071518	
20.05774	187.839588	187.841061	189.061318	189.071518	
20.06793	187.839588	187.841061	189.061318	189.071518	
20.07805	187.839588	187.841061	189.061318	189.071518	
20.08817	187.839588	187.841061	189.061318	189.071518	
20.09827	187.839588	187.841061	189.061318	189.071518	
20.10847	187.839588	187.841061	189.061318	189.071518	
20.1189	187.839588	187.841061	189.061318	189.071518	
20.1287	187.839588	187.841061	189.061318	189.071518	
20.13878	187.839588	187.841061	189.061318	189.071518	
20.1489	187.839588	187.841061	189.061318	189.071518	
20.159	187.839588	187.841061	189.061318	189.071518	
20.16927	187.839588	187.841061	189.061318	189.071518	
20.17939	187.839588	187.841061	189.061318	189.071518	
20.18958	187.839588	187.841061	189.061318	189.071518	
20.19967	187.839588	187.841061	189.061318	189.071518	
20.20983	187.839588	187.841061	189.061318	189.071518	
20.22008	187.839588	187.841061	189.061318	189.071518	
20.23005	187.839588	187.841061	189.061318	189.071518	
20.24016	187.839588	187.841061	189.061318	189.071518	
20.25029	187.839588	187.841061	189.061318	189.071518	
20.26042	187.839588	187.841061	189.061318	189.071518	
20.27053	187.839588	187.841061	189.061318	189.071518	
20.28089	187.839588	187.841061	189.061318	189.071518	
20.29081	187.839588	187.841061	189.061318	189.071518	
20.30094	187.839588	187.841061	189.061318	189.071518	
20.31105	187.839588	187.841061	189.061318	189.071518	
20.32118	187.839588	187.841061	189.061318	189.071518	
20.3314	187.839588	187.841061	189.061318	189.071518	
20.34158	187.839588	187.841061	189.061318	189.071518	
20.35169	187.839588	187.841061	189.061318	189.071518	
20.36182	187.839588	187.841061	189.061318	189.071518	
20.372	187.839588	187.841061	189.061318	189.071518	
20.3821	187.839588	187.841061	189.061318	189.071518	
20.39223	187.839588	187.841061	189.061318	189.071518	
20.40238	187.839588	187.841061	189.061318	189.071518	
20.41247	187.839588	187.841061	189.061318	189.071518	
20.42263	187.839588	187.841061	189.061318	189.071518	
20.43276	187.839588	187.841061	189.061318	189.071518	
20.44292	187.839588	187.841061	189.061318	189.071518	
20.45305	187.839588	187.841061	189.061318	189.071518	
20.46317	187.839588	187.841061	189.061318	189.071518	
20.47331	187.839588	187.841061	189.061318	189.071518	
20.48345	187.839588	187.841061	189.061318	189.071518	
20.49369	187.839588	187.841061	189.061318	189.071518	
20.5038	187.839588	187.841061	189.061318	189.071518	
20.51394	187.839588	187.841061	189.061318	189.071518	
20.5241	187.839588	187.841061	189.061318	189.071518	
20.53422	187.839588	187.841061	189.061318	189.071518	
20.54435	187.839588	187.841061	189.061318	189.071518	
20.55447	187.839588	187.841061	189.061318	189.071518	
20.56458	187.839588	187.841061	189.061318	189.071518	
20.57473	187.839588	187.841061	189.061318	189.071518	
20.58488	187.839588	187.841061	189.061318	189.071518	
20.59507	187.839588	187.841061	189.061318	189.071518	
20.60519	187.839588	187.841061	189.061318	189.071518	
20.61527	187.839588	187.841061	189.061318	189.071518	
20.62545	187.839588	187.841061	189.061318	189.071518	
20.63562	187.839588	187.841061	189.061318	189.071518	
20.64571	187.839588	187.841061	189.061318	189.071518	
20.65584	187.839588	187.841061	189.061318	189.071518	
20.66597	187.839588	187.841061	189.061318	189.071518	
20.67611	187.839588	187.841061	189.061318	189.071518	
20.68624	187.839588	187.841061	189.061318	189.071518	
20.6964	187.839588	187.841061	189.061318	189.071518	
20.70652	187.839588	187.841061	189.061318	189.071518	
20.71665	187.839588	187.841061	189.061318	189.071518	
20.72677	187.839588	187.841061	189.061318	189.071518	
20.73687	187.839588	187.841061	189.061318	189.071518	
20.74705	187.839588	187.841061	189.061318	189.071518	
20.75718	187.839588	187.841061	189.061318	189.071518	
20.76735	187.839588	187.841061	189.061318	189.071518	
20.77748	187.839588	187.841061	189.061318	189.071518	
20.78777	187.839588	187.841061	189.061318	189.071518	
20.79773	187.839588	187.841061	189.061318	189.071518	
20.80784	187.839588	187.841061	189.061318	189.071518	
20.81792	187.839588	187.841061	189.061318	189.071518	
20.82817	187.839588	187.841061	189.061318	189.071518	
20.83822	187.839588	187.841061	189.061318	189.071518	
20.84834	187.839588	187.841061	189.061318	189.071518	
20.8585	187.839588	187.841061	189.061318	189.071518	
20.86858	187.839588	187.841061	189.061318	189.071518	
20.87927	187.839588	187.841061	189.061318	189.071518	
20.88884	187.839588	187.841061	189.061318	189.071518	
20.89903	187.839588	187.841061	189.061318	189.071518	
20.90914	187.839588	187.841061	189.061318	189.071518	
20.91923	187.839588	187.841061	189.061318	189.071518	
20.92934	187.839588	187.841061	189.061318	189.071518	
20.93949	187.839588	187.841061	189.061318	189.071518	
20.94966	187.839588	187.841061	189.061318	189.071518	
20.95985	187.839588	187.841061	189.061318	189.071518	
20.96996	187.839588	187.841061	189.061318	189.071518	
20.98009	187.839588	187.841061	189.061318	189.071518	
20.99049	187.839588	187.841061	189.061318	189.071518	
21.00031	187.839588	187.841061	189.061318	189.071518	
21.01039	187.839588	187.841061	189.061318	189.071518	
21.02056	187.839588	187.841061	189.061318	189.071518	
21.0313	187.839588	187.841061	189.061318	189.071518	
21.04077	187.839588	187.841061	189.061318	189.071518	
21.05092	187.839588	187.841061	189.061318	189.071518	
21.06101	187.839588	187.841061	189.061318	189.071518	
21.07117	187.839588	187.841061	189.061318	189.071518	
21.08914	187.839588	187.841061	189.061318	189.071518	
21.09354	187.839588	187.841061	189.061318	189.071518	
21.10365	187.839588	187.841061	189.061318	189.071518	
21.11378	187.839588	187.841061	189.061318	189.071518	
21.12392	187.839588	187.841061	189.061318	189.071518	
21.13405	187.839588	187.841061	189.061318	189.071518	
21.14413	187.839588	187.841061	189.061318	189.071518	
21.15432	187.839588	187.841061	189.061318	189.071518	
21.16448	187.839588	187.841061	189.061318	189.071518	
21.17457	187.839588	187.841061	189.061318	189.071518	
21.1847	187.839588	187.841061	189.061318	189.071518	
21.19485	187.839588	187.841061	189.061318	189.071518	
21.20523	187.839588	187.841061	189.061318	189.071518	
21.21506	187.839588	187.841061	189.061318	189.071518	
21.22523	187.839588	187.841061	189.061318	189.071518	
21.23541	187.839588	187.841061	189.061318	189.071518	
21.24554	187.839588	187.841061	189.061318	189.071518	
21.25572	187.839588	187.841061	189.061318	189.071518	
21.26582	187.839588	187.841061	189.061318	189.071518	
21.276	187.839588	187.841061	189.061318	189.071518	
21.2861	187.839588	187.841061	189.061318	189.071518	
21.29618	187.839588	187.841061	189.061318	189.071518	
21.30658	187.839588	187.841061	189.061318	189.071518	
21.31659	187.839588	187.841061	189.061318	189.071518	
21.32665	187.839588	187.841061	189.061318	189.071518	
21.33676	187.839588	187.841061	189.061318	189.071518	
21.34687	187.839588	187.841061	189.061318	189.071518	
21.35703	187.839588	187.841061	189.061318	189.071518	
21.36724	187.839588	187.841061	189.061318	189.071518	
21.37728	187.839588	187.841061	189.061318	189.071518	
21.38747	187.839588	187.841061	189.061318	189.071518	
21.3978	187.839588	187.841061	189.061318	189.071518	
21.40778	187.839588	187.841061	189.061318	189.071518	
21.41784	187.839588	187.841061	189.061318	189.071518	
21.42805	187.839588	187.841061	189.061318	189.071518	
21.43814	187.839588	187.841061	189.061318	189.071518	
21.44821	187.839588	187.841061	189.061318	189.071518	
21.45837	187.839588	187.841061	189.061318	189.071518	
21.46852	187.839588	187.841061	189.061318	189.071518	
21.47866	187.839588	187.841061	189.061318	189.071518	
21.48875	187.839588	187.841061	189.061318	189.071518	
21.4991	187.839588	187.841061	189.061318	189.071518	
21.50904	187.839588	187.841061	189.061318	189.071518	
21.51916	187.839588	187.841061	189.061318	189.071518	
21.52928	187.839588	187.841061	189.061318	189.071518	
21.53941	187.839588	187.841061	189.061318	189.071518	
21.54956	187.839588	187.841061	189.061318	189.071518	
21.55965	187.839588	187.841061	189.061318	189.071518	
21.57772	187.839588	187.841061	189.061318	189.071518	
21.58207	187.839588	187.841061	189.061318	189.071518	
21.59221	187.839588	187.841061	189.061318	189.071518	
21.60235	187.839588	187.841061	189.061318	189.071518	
21.61249	187.839588	187.841061	189.061318	189.071518	
21.62258	187.839588	187.841061	189.061318	189.071518	
21.63379	187.839588	187.841061	189.061318	189.071518	
21.64292	187.839588	187.841061	189.061318	189.071518	
21.65301	187.839588	187.841061	189.061318	189.071518	
21.66311	187.839588	187.841061	189.061318	189.071518	
21.67327	187.839588	187.841061	189.061318	189.071518	
21.68341	187.839588	187.841061	189.061318	189.071518	
21.69381	187.839588	187.841061	189.061318	189.071518	
21.70393	187.839588	187.841061	189.061318	189.071518	
21.71437	187.839588	187.841061	189.061318	189.071518	
21.72425	187.839588	187.841061	189.061318	189.071518	
21.73429	187.839588	187.841061	189.061318	189.071518	
21.74449	187.839588	187.841061	189.061318	189.071518	
21.75458	187.839588	187.841061	189.061318	189.071518	
21.76475	187.839588	187.841061	189.061318	189.071518	
21.77509	187.839588	187.841061	189.061318	189.071518	
21.78503	187.839588	187.841061	189.061318	189.071518	
21.79516	187.839588	187.841061	189.061318	189.071518	
21.80525	187.839588	187.841061	189.061318	189.071518	
21.81565	187.839588	187.841061	189.061318	189.071518	
21.82559	187.839588	187.841061	189.061318	189.071518	
21.83568	187.839588	187.841061	189.061318	189.071518	
21.84582	187.839588	187.841061	189.061318	189.071518	
21.85592	187.839588	187.841061	189.061318	189.071518	
21.86607	187.839588	187.841061	189.061318	189.071518	
21.87624	187.839588	187.841061	189.061318	189.071518	
21.88635	187.839588	187.841061	189.061318	189.071518	
21.89648	187.839588	187.841061	189.061318	189.071518	
21.90657	187.839588	187.841061	189.061318	189.071518	
21.91675	187.839588	187.841061	189.061318	189.071518	
21.92686	187.839588	187.841061	189.061318	189.071518	
21.93701	187.839588	187.841061	189.061318	189.071518	
21.94715	187.839588	187.841061	189.061318	189.071518	
21.95727	187.839588	187.841061	189.061318	189.071518	
21.96765	187.839588	187.841061	189.061318	189.071518	
21.97754	187.839588	187.841061	189.061318	189.071518	
21.98769	187.839588	187.841061	189.061318	189.071518	
21.99783	187.839588	187.841061	189.061318	189.071518	
22.00795	187.839588	187.841061	189.061318	189.071518	
22.01804	187.839588	187.841061	189.061318	189.071518	
22.02828	187.839588	187.841061	189.061318	189.071518	
22.03838	187.839588	187.841061	189.061318	189.071518	
22.04855	187.839588	187.841061	189.061318	189.071518	
22.05858	187.839588	187.841061	189.061318	189.071518	
22.06903	187.839588	187.841061	189.061318	189.071518	
22.07886	187.839588	187.841061	189.061318	189.071518	
22.08898	187.839588	187.841061	189.061318	189.071518	
22.0991	187.839588	187.841061	189.061318	189.071518	
22.10922	187.839588	187.841061	189.061318	189.071518	
22.11933	187.839588	187.841061	189.061318	189.071518	
22.1295	187.839588	187.841061	189.061318	189.071518	
22.13963	187.839588	187.841061	189.061318	189.071518	
22.14985	187.839588	187.841061	189.061318	189.071518	
22.15994	187.839588	187.841061	189.061318	189.071518	
22.17025	187.839588	187.841061	189.061318	189.071518	
22.18024	187.839588	187.841061	189.061318	189.071518	
22.19042	187.839588	187.841061	189.061318	189.071518	
22.20046	187.839588	187.841061	189.061318	189.071518	
22.21054	187.839588	187.841061	189.061318	189.071518	
22.2207	187.839588	187.841061	189.061318	189.071518	
22.23087	187.839588	187.841061	189.061318	189.071518	
22.24098	187.839588	187.841061	189.061318	189.071518	
22.25111	187.839588	187.841061	189.061318	189.071518	
22.26123	187.839588	187.841061	189.061318	189.071518	
22.27179	187.839588	187.841061	189.061318	189.071518	
22.28167	187.839588	187.841061	189.061318	189.071518	
22.2918	187.839588	187.841061	189.061318	189.071518	
22.30194	187.839588	187.841061	189.061318	189.071518	
22.31203	187.839588	187.841061	189.061318	189.071518	
22.32223	187.839588	187.841061	189.061318	189.071518	
22.33241	187.839588	187.841061	189.061318	189.071518	
22.34249	187.839588	187.841061	189.061318	189.071518	
22.35263	187.839588	187.841061	189.061318	189.071518	
22.3628	187.839588	187.841061	189.061318	189.071518	
22.37289	187.839588	187.841061	189.061318	189.071518	
22.38306	187.839588	187.841061	189.061318	189.071518	
22.39318	187.839588	187.841061	189.061318	189.071518	
22.40332	187.839588	187.841061	189.061318	189.071518	
22.41343	187.839588	187.841061	189.061318	189.071518	
22.42356	187.839588	187.841061	189.061318	189.071518	
22.44178	187.839588	187.841061	189.061318	189.071518	
22.44614	187.839588	187.841061	189.061318	189.071518	
22.45626	187.839588	187.841061	189.061318	189.071518	
22.46641	187.839588	187.841061	189.061318	189.071518	
22.47654	187.839588	187.841061	189.061318	189.071518	
22.48667	187.839588	187.841061	189.061318	189.071518	
22.49681	187.839588	187.841061	189.061318	189.071518	
22.50697	187.839588	187.841061	189.061318	189.071518	
22.51707	187.839588	187.841061	189.061318	189.071518	
22.52716	187.839588	187.841061	189.061318	189.071518	
22.53734	187.839588	187.841061	189.061318	189.071518	
22.54753	187.839588	187.841061	189.061318	189.071518	
22.56568	187.839588	187.841061	189.061318	189.071518	
22.57004	187.839588	187.841061	189.061318	189.071518	
22.58026	187.839588	187.841061	189.061318	189.071518	
22.5903	187.839588	187.841061	189.061318	189.071518	
22.60044	187.839588	187.841061	189.061318	189.071518	
22.61052	187.839588	187.841061	189.061318	189.071518	
22.62066	187.839588	187.841061	189.061318	189.071518	
22.6308	187.839588	187.841061	189.061318	189.071518	
22.64099	187.839588	187.841061	189.061318	189.071518	
22.65113	187.839588	187.841061	189.061318	189.071518	
22.66126	187.839588	187.841061	189.061318	189.071518	
22.6714	187.839588	187.841061	189.061318	189.071518	
22.68153	187.839588	187.841061	189.061318	189.071518	
22.69186	187.839588	187.841061	189.061318	189.071518	
22.70185	187.839588	187.841061	189.061318	189.071518	
22.71197	187.839588	187.841061	189.061318	189.071518	
22.72211	187.839588	187.841061	189.061318	189.071518	
22.73233	187.839588	187.841061	189.061318	189.071518	
22.74243	187.839588	187.841061	189.061318	189.071518	
22.75255	187.839588	187.841061	189.061318	189.071518	
22.76268	187.839588	187.841061	189.061318	189.071518	
22.77278	187.839588	187.841061	189.061318	189.071518	
22.78295	187.839588	187.841061	189.061318	189.071518	
22.7931	187.839588	187.841061	189.061318	189.071518	
22.80324	187.839588	187.841061	189.061318	189.071518	
22.81335	187.839588	187.841061	189.061318	189.071518	
22.82347	187.839588	187.841061	189.061318	189.071518	
22.83364	187.839588	187.841061	189.061318	189.071518	
22.8438	187.839588	187.841061	189.061318	189.071518	
22.85391	187.839588	187.841061	189.061318	189.071518	
22.86405	187.839588	187.841061	189.061318	189.071518	
22.87414	187.839588	187.841061	189.061318	189.071518	
22.88434	187.839588	187.841061	189.061318	189.071518	
22.89443	187.839588	187.841061	189.061318	189.071518	
22.90455	187.839588	187.841061	189.061318	189.071518	
22.91469	187.839588	187.841061	189.061318	189.071518	
22.9248	187.839588	187.841061	189.061318	189.071518	
22.93493	187.839588	187.841061	189.061318	189.071518	
22.94512	187.839588	187.841061	189.061318	189.071518	
22.95524	187.839588	187.841061	189.061318	189.071518	
22.96537	187.839588	187.841061	189.061318	189.071518	
22.97549	187.839588	187.841061	189.061318	189.071518	
22.98558	187.839588	187.841061	189.061318	189.071518	
22.99577	187.839588	187.841061	189.061318	189.071518	
23.00593	187.839588	187.841061	189.061318	189.071518	
23.01601	187.839588	187.841061	189.061318	189.071518	
23.02619	187.839588	187.841061	189.061318	189.071518	
23.03637	187.839588	187.841061	189.061318	189.071518	
23.04643	187.839588	187.841061	189.061318	189.071518	
23.05655	187.839588	187.841061	189.061318	189.071518	
23.06668	187.839588	187.841061	189.061318	189.071518	
23.07684	187.839588	187.841061	189.061318	189.071518	
23.08695	187.839588	187.841061	189.061318	189.071518	
23.0971	187.839588	187.841061	189.061318	189.071518	
23.10723	187.839588	187.841061	189.061318	189.071518	
23.11736	187.839588	187.841061	189.061318	189.071518	
23.12743	187.839588	187.841061	189.061318	189.071518	
23.13759	187.839588	187.841061	189.061318	189.071518	
23.14774	187.839588	187.841061	189.061318	189.071518	
23.15788	187.839588	187.841061	189.061318	189.071518	
23.16807	187.839588	187.841061	189.061318	189.071518	
23.1781	187.839588	187.841061	189.061318	189.071518	
23.18831	187.839588	187.841061	189.061318	189.071518	
23.19838	187.839588	187.841061	189.061318	189.071518	
23.20851	187.839588	187.841061	189.061318	189.071518	
23.21861	187.839588	187.841061	189.061318	189.071518	
23.22875	187.839588	187.841061	189.061318	189.071518	
23.23886	187.839588	187.841061	189.061318	189.071518	
23.24934	187.839588	187.841061	189.061318	189.071518	
23.25918	187.839588	187.841061	189.061318	189.071518	
23.26926	187.839588	187.841061	189.061318	189.071518	
23.2794	187.839588	187.841061	189.061318	189.071518	
23.2895	187.839588	187.841061	189.061318	189.071518	
23.29964	187.839588	187.841061	189.061318	189.071518	
23.3099	187.839588	187.841061	189.061318	189.071518	
23.31994	187.839588	187.841061	189.061318	189.071518	
23.33047	187.839588	187.841061	189.061318	189.071518	
23.34055	187.839588	187.841061	189.061318	189.071518	
23.35072	187.839588	187.841061	189.061318	189.071518	
23.36085	187.839588	187.841061	189.061318	189.071518	
23.37098	187.839588	187.841061	189.061318	189.071518	
23.3811	187.839588	187.841061	189.061318	189.071518	
23.39122	187.839588	187.841061	189.061318	189.071518	
23.40179	187.839588	187.841061	189.061318	189.071518	
23.41145	187.839588	187.841061	189.061318	189.071518	
23.42163	187.839588	187.841061	189.061318	189.071518	
23.43174	187.839588	187.841061	189.061318	189.071518	
23.44188	187.839588	187.841061	189.061318	189.071518	
23.45203	187.839588	187.841061	189.061318	189.071518	
23.46217	187.839588	187.841061	189.061318	189.071518	
23.47229	187.839588	187.841061	189.061318	189.071518	
23.48242	187.839588	187.841061	189.061318	189.071518	
23.49267	187.839588	187.841061	189.061318	189.071518	
23.5027	187.839588	187.841061	189.061318	189.071518	
23.51285	187.839588	187.841061	189.061318	189.071518	
23.52302	187.839588	187.841061	189.061318	189.071518	
23.53313	187.839588	187.841061	189.061318	189.071518	
23.54325	187.839588	187.841061	189.061318	189.071518	
23.55335	187.839588	187.841061	189.061318	189.071518	
23.56354	187.839588	187.841061	189.061318	189.071518	
23.57368	187.839588	187.841061	189.061318	189.071518	
23.58379	187.839588	187.841061	189.061318	189.071518	
23.59392	187.839588	187.841061	189.061318	189.071518	
23.60405	187.839588	187.841061	189.061318	189.071518	
23.61416	187.839588	187.841061	189.061318	189.071518	
23.62429	187.839588	187.841061	189.061318	189.071518	
23.63444	187.839588	187.841061	189.061318	189.071518	
23.64462	187.839588	187.841061	189.061318	189.071518	
23.6547	187.839588	187.841061	189.061318	189.071518	
23.66486	187.839588	187.841061	189.061318	189.071518	
23.67503	187.839588	187.841061	189.061318	189.071518	
23.68512	187.839588	187.841061	189.061318	189.071518	
23.69528	187.839588	187.841061	189.061318	189.071518	
23.7054	187.839588	187.841061	189.061318	189.071518	
23.71556	187.839588	187.841061	189.061318	189.071518	
23.72571	187.839588	187.841061	189.061318	189.071518	
23.73578	187.839588	187.841061	189.061318	189.071518	
23.74597	187.839588	187.841061	189.061318	189.071518	
23.7561	187.839588	187.841061	189.061318	189.071518	
23.76629	187.839588	187.841061	189.061318	189.071518	
23.77634	187.839588	187.841061	189.061318	189.071518	
23.78652	187.839588	187.841061	189.061318	189.071518	
23.7967	187.839588	187.841061	189.061318	189.071518	
23.80674	187.839588	187.841061	189.061318	189.071518	
23.81688	187.839588	187.841061	189.061318	189.071518	
23.82707	187.839588	187.841061	189.061318	189.071518	
23.83718	187.839588	187.841061	189.061318	189.071518	
23.84734	187.839588	187.841061	189.061318	189.071518	
23.85768	187.839588	187.841061	189.061318	189.071518	
23.86768	187.839588	187.841061	189.061318	189.071518	
23.87778	187.839588	187.841061	189.061318	189.071518	
23.8879	187.839588	187.841061	189.061318	189.071518	
23.89801	187.839588	187.841061	189.061318	189.071518	
23.90813	187.839588	187.841061	189.061318	189.071518	
23.91828	187.839588	187.841061	189.061318	189.071518	
23.92835	187.839588	187.841061	189.061318	189.071518	
23.93853	187.839588	187.841061	189.061318	189.071518	
23.94865	187.839588	187.841061	189.061318	189.071518	
23.95909	187.839588	187.841061	189.061318	189.071518	
23.96891	187.839588	187.841061	189.061318	189.071518	
23.97905	187.839588	187.841061	189.061318	189.071518	
23.98914	187.839588	187.841061	189.061318	189.071518	
23.99927	187.839588	187.841061	189.061318	189.071518	
24.00937	187.839588	187.841061	189.061318	189.071518	
24.0195	187.839588	187.841061	189.061318	189.071518	
24.02965	187.839588	187.841061	189.061318	189.071518	
24.04761	187.839588	187.841061	189.061318	189.071518	
24.05196	187.839588	187.841061	189.061318	189.071518	
24.06208	187.839588	187.841061	189.061318	189.071518	
24.07257	187.839588	187.841061	189.061318	189.071518	
24.08269	187.839588	187.841061	189.061318	189.071518	
24.09283	187.839588	187.841061	189.061318	189.071518	
24.10297	187.839588	187.841061	189.061318	189.071518	
24.11305	187.839588	187.841061	189.061318	189.071518	
24.12324	187.839588	187.841061	189.061318	189.071518	
24.13336	187.839588	187.841061	189.061318	189.071518	
24.14348	187.839588	187.841061	189.061318	189.071518	
24.15361	187.839588	187.841061	189.061318	189.071518	
24.16376	187.839588	187.841061	189.061318	189.071518	
24.17398	187.839588	187.841061	189.061318	189.071518	
24.18406	187.839588	187.841061	189.061318	189.071518	
24.19423	187.839588	187.841061	189.061318	189.071518	
24.20442	187.839588	187.841061	189.061318	189.071518	
24.21442	187.839588	187.841061	189.061318	189.071518	
24.22461	187.839588	187.841061	189.061318	189.071518	
24.23475	187.839588	187.841061	189.061318	189.071518	
24.2449	187.839588	187.841061	189.061318	189.071518	
24.255	187.839588	187.841061	189.061318	189.071518	
24.26514	187.839588	187.841061	189.061318	189.071518	
24.27533	187.839588	187.841061	189.061318	189.071518	
24.28543	187.839588	187.841061	189.061318	189.071518	
24.29556	187.839588	187.841061	189.061318	189.071518	
24.30568	187.839588	187.841061	189.061318	189.071518	
24.31578	187.839588	187.841061	189.061318	189.071518	
24.32597	187.839588	187.841061	189.061318	189.071518	
24.33608	187.839588	187.841061	189.061318	189.071518	
24.34621	187.839588	187.841061	189.061318	189.071518	
24.35643	187.839588	187.841061	189.061318	189.071518	
24.36643	187.839588	187.841061	189.061318	189.071518	
24.3769	187.839588	187.841061	189.061318	189.071518	
24.38674	187.839588	187.841061	189.061318	189.071518	
24.39688	187.839588	187.841061	189.061318	189.071518	
24.40699	187.839588	187.841061	189.061318	189.071518	
24.41708	187.839588	187.841061	189.061318	189.071518	
24.42734	187.839588	187.841061	189.061318	189.071518	
24.4374	187.839588	187.841061	189.061318	189.071518	
24.44751	187.839588	187.841061	189.061318	189.071518	
24.45764	187.839588	187.841061	189.061318	189.071518	
24.46781	187.839588	187.841061	189.061318	189.071518	
24.47801	187.839588	187.841061	189.061318	189.071518	
24.48809	187.839588	187.841061	189.061318	189.071518	
24.49822	187.839588	187.841061	189.061318	189.071518	
24.50848	187.839588	187.841061	189.061318	189.071518	
24.5204	187.839588	187.841061	189.061318	189.071518	
24.53069	187.839588	187.841061	189.061318	189.071518	
24.54066	187.839588	187.841061	189.061318	189.071518	
24.55074	187.839588	187.841061	189.061318	189.071518	
24.56092	187.839588	187.841061	189.061318	189.071518	
24.57103	187.839588	187.841061	189.061318	189.071518	
24.5812	187.839588	187.841061	189.061318	189.071518	
24.59915	187.839588	187.841061	189.061318	189.071518	
24.60351	187.839588	187.841061	189.061318	189.071518	
24.61362	187.839588	187.841061	189.061318	189.071518	
24.62374	187.839588	187.841061	189.061318	189.071518	
24.63391	187.839588	187.841061	189.061318	189.071518	
24.65277	187.839588	187.841061	189.061318	189.071518	
24.65711	187.839588	187.841061	189.061318	189.071518	
24.66726	187.839588	187.841061	189.061318	189.071518	
24.67739	187.839588	187.841061	189.061318	189.071518	
24.68757	187.839588	187.841061	189.061318	189.071518	
24.69777	187.839588	187.841061	189.061318	189.071518	
24.70788	187.839588	187.841061	189.061318	189.071518	
24.71804	187.839588	187.841061	189.061318	189.071518	
24.7281	187.839588	187.841061	189.061318	189.071518	
24.73826	187.839588	187.841061	189.061318	189.071518	
24.74847	187.839588	187.841061	189.061318	189.071518	
24.75853	187.839588	187.841061	189.061318	189.071518	
24.76864	187.839588	187.841061	189.061318	189.071518	
24.77906	187.839588	187.841061	189.061318	189.071518	
24.79694	187.839588	187.841061	189.061318	189.071518	
24.80916	187.839588	187.841061	189.061318	189.071518	
24.81346	187.839588	187.841061	189.061318	189.071518	
24.82359	187.839588	187.841061	189.061318	189.071518	
24.83376	187.839588	187.841061	189.061318	189.071518	
24.84391	187.839588	187.841061	189.061318	189.071518	
24.85407	187.839588	187.841061	189.061318	189.071518	
24.8642	187.839588	187.841061	189.061318	189.071518	
24.87431	187.839588	187.841061	189.061318	189.071518	
24.88453	187.839588	187.841061	189.061318	189.071518	
24.89458	187.839588	187.841061	189.061318	189.071518	
24.90476	187.839588	187.841061	189.061318	189.071518	
24.91489	187.839588	187.841061	189.061318	189.071518	
24.92501	187.839588	187.841061	189.061318	189.071518	
24.93515	187.839588	187.841061	189.061318	189.071518	
24.9453	187.839588	187.841061	189.061318	189.071518	
24.95542	187.839588	187.841061	189.061318	189.071518	
24.96557	187.839588	187.841061	189.061318	189.071518	
24.97571	187.839588	187.841061	189.061318	189.071518	
24.98583	187.839588	187.841061	189.061318	189.071518	
24.99598	187.839588	187.841061	189.061318	189.071518	
25.00613	187.839588	187.841061	189.061318	189.071518	
25.01621	187.839588	187.841061	189.061318	189.071518	
25.02639	187.839588	187.841061	189.061318	189.071518	
25.03738	187.839588	187.841061	189.061318	189.071518	
25.04663	187.839588	187.841061	189.061318	189.071518	
25.05674	187.839588	187.841061	189.061318	189.071518	
25.06686	187.839588	187.841061	189.061318	189.071518	
25.07703	187.839588	187.841061	189.061318	189.071518	
25.0872	187.839588	187.841061	189.061318	189.071518	
25.09737	187.839588	187.841061	189.061318	189.071518	
25.10749	187.839588	187.841061	189.061318	189.071518	
25.11762	187.839588	187.841061	189.061318	189.071518	
25.12768	187.839588	187.841061	189.061318	189.071518	
25.13783	187.839588	187.841061	189.061318	189.071518	
25.14798	187.839588	187.841061	189.061318	189.071518	
25.15813	187.839588	187.841061	189.061318	189.071518	
25.16826	187.839588	187.841061	189.061318	189.071518	
25.17844	187.839588	187.841061	189.061318	189.071518	
25.18891	187.839588	187.841061	189.061318	189.071518	
25.19895	187.839588	187.841061	189.061318	189.071518	
25.20903	187.839588	187.841061	189.061318	189.071518	
25.2192	187.839588	187.841061	189.061318	189.071518	
25.22928	187.839588	187.841061	189.061318	189.071518	
25.23942	187.839588	187.841061	189.061318	189.071518	
25.24954	187.839588	187.841061	189.061318	189.071518	
25.25967	187.839588	187.841061	189.061318	189.071518	
25.30378	187.839588	187.841061	189.061318	189.071518	
25.31389	187.839588	187.841061	189.061318	189.071518	
25.32404	187.839588	187.841061	189.061318	189.071518	
25.33413	187.839588	187.841061	189.061318	189.071518	
25.3443	187.839588	187.841061	189.061318	189.071518	
25.35444	187.839588	187.841061	189.061318	189.071518	
25.36462	187.839588	187.841061	189.061318	189.071518	
25.37467	187.839588	187.841061	189.061318	189.071518	
25.38479	187.839588	187.841061	189.061318	189.071518	
25.39496	187.839588	187.841061	189.061318	189.071518	
25.40514	187.839588	187.841061	189.061318	189.071518	
25.41521	187.839588	187.841061	189.061318	189.071518	
25.42538	187.839588	187.841061	189.061318	189.071518	
25.43553	187.839588	187.841061	189.061318	189.071518	
25.44562	187.839588	187.841061	189.061318	189.071518	
25.45579	187.839588	187.841061	189.061318	189.071518	
25.4659	187.839588	187.841061	189.061318	189.071518	
25.47606	187.839588	187.841061	189.061318	189.071518	
25.48617	187.839588	187.841061	189.061318	189.071518	
25.49629	187.839588	187.841061	189.061318	189.071518	
25.50645	187.839588	187.841061	189.061318	189.071518	
25.51664	187.839588	187.841061	189.061318	189.071518	
25.52672	187.839588	187.841061	189.061318	189.071518	
25.53684	187.839588	187.841061	189.061318	189.071518	
25.54697	187.839588	187.841061	189.061318	189.071518	
25.55707	187.839588	187.841061	189.061318	189.071518	
25.56725	187.839588	187.841061	189.061318	189.071518	
25.57738	187.839588	187.841061	189.061318	189.071518	
25.58751	187.839588	187.841061	189.061318	189.071518	
25.59765	187.839588	187.841061	189.061318	189.071518	
25.60776	187.839588	187.841061	189.061318	189.071518	
25.61784	187.839588	187.841061	189.061318	189.071518	
25.62799	187.839588	187.841061	189.061318	189.071518	
25.63815	187.839588	187.841061	189.061318	189.071518	
25.64833	187.839588	187.841061	189.061318	189.071518	
25.65849	187.839588	187.841061	189.061318	189.071518	
25.66867	187.839588	187.841061	189.061318	189.071518	
25.67869	187.839588	187.841061	189.061318	189.071518	
25.68882	187.839588	187.841061	189.061318	189.071518	
25.69896	187.839588	187.841061	189.061318	189.071518	
25.70944	187.839588	187.841061	189.061318	189.071518	
25.71921	187.839588	187.841061	189.061318	189.071518	
25.7293	187.839588	187.841061	189.061318	189.071518	
25.74044	187.839588	187.841061	189.061318	189.071518	
25.74958	187.839588	187.841061	189.061318	189.071518	
25.75969	187.839588	187.841061	189.061318	189.071518	
25.77759	187.839588	187.841061	189.061318	189.071518	
25.78199	187.839588	187.841061	189.061318	189.071518	
25.79205	187.839588	187.841061	189.061318	189.071518	
25.80222	187.839588	187.841061	189.061318	189.071518	
25.81238	187.839588	187.841061	189.061318	189.071518	
25.8225	187.839588	187.841061	189.061318	189.071518	
25.83264	187.839588	187.841061	189.061318	189.071518	
25.84278	187.839588	187.841061	189.061318	189.071518	
25.85292	187.839588	187.841061	189.061318	189.071518	
25.86306	187.839588	187.841061	189.061318	189.071518	
25.87314	187.839588	187.841061	189.061318	189.071518	
25.8833	187.839588	187.841061	189.061318	189.071518	
25.89349	187.839588	187.841061	189.061318	189.071518	
25.90355	187.839588	187.841061	189.061318	189.071518	
25.91376	187.839588	187.841061	189.061318	189.071518	
25.92389	187.839588	187.841061	189.061318	189.071518	
25.93412	187.839588	187.841061	189.061318	189.071518	
25.94419	187.839588	187.841061	189.061318	189.071518	
25.95429	187.839588	187.841061	189.061318	189.071518	
25.96453	187.839588	187.841061	189.061318	189.071518	
25.97459	187.839588	187.841061	189.061318	189.071518	
25.98473	187.839588	187.841061	189.061318	189.071518	
25.99486	187.839588	187.841061	189.061318	189.071518	
26.00497	187.839588	187.841061	189.061318	189.071518	
26.01549	187.839588	187.841061	189.061318	189.071518	
26.02526	187.839588	187.841061	189.061318	189.071518	
26.03606	187.839588	187.841061	189.061318	189.071518	
26.04549	187.839588	187.841061	189.061318	189.071518	
26.05558	187.839588	187.841061	189.061318	189.071518	
26.06571	187.839588	187.841061	189.061318	189.071518	
26.07593	187.839588	187.841061	189.061318	189.071518	
26.08614	187.839588	187.841061	189.061318	189.071518	
26.09621	187.839588	187.841061	189.061318	189.071518	
26.1063	187.839588	187.841061	189.061318	189.071518	
26.11671	187.839588	187.841061	189.061318	189.071518	
26.12657	187.839588	187.841061	189.061318	189.071518	
26.13673	187.839588	187.841061	189.061318	189.071518	
26.14688	187.839588	187.841061	189.061318	189.071518	
26.15697	187.839588	187.841061	189.061318	189.071518	
26.16713	187.839588	187.841061	189.061318	189.071518	
26.17727	187.839588	187.841061	189.061318	189.071518	
26.18742	187.839588	187.841061	189.061318	189.071518	
26.19775	187.839588	187.841061	189.061318	189.071518	
26.20779	187.839588	187.841061	189.061318	189.071518	
26.21775	187.839588	187.841061	189.061318	189.071518	
26.22796	187.839588	187.841061	189.061318	189.071518	
26.23816	187.839588	187.841061	189.061318	189.071518	
26.24822	187.839588	187.841061	189.061318	189.071518	
26.25834	187.839588	187.841061	189.061318	189.071518	
26.26891	187.839588	187.841061	189.061318	189.071518	
26.27859	187.839588	187.841061	189.061318	189.071518	
26.28874	187.839588	187.841061	189.061318	189.071518	
26.29885	187.839588	187.841061	189.061318	189.071518	
26.30899	187.839588	187.841061	189.061318	189.071518	
26.31916	187.839588	187.841061	189.061318	189.071518	
26.32926	187.839588	187.841061	189.061318	189.071518	
26.33941	187.839588	187.841061	189.061318	189.071518	
26.34949	187.839588	187.841061	189.061318	189.071518	
26.35981	187.839588	187.841061	189.061318	189.071518	
26.37786	187.839588	187.841061	189.061318	189.071518	
26.38231	187.839588	187.841061	189.061318	189.071518	
26.39244	187.839588	187.841061	189.061318	189.071518	
26.40259	187.839588	187.841061	189.061318	189.071518	
26.41273	187.839588	187.841061	189.061318	189.071518	
26.42287	187.839588	187.841061	189.061318	189.071518	
26.43304	187.839588	187.841061	189.061318	189.071518	
26.44319	187.839588	187.841061	189.061318	189.071518	
26.45331	187.839588	187.841061	189.061318	189.071518	
26.46342	187.839588	187.841061	189.061318	189.071518	
26.47359	187.839588	187.841061	189.061318	189.071518	
26.48371	187.839588	187.841061	189.061318	189.071518	
26.49387	187.839588	187.841061	189.061318	189.071518	
26.50398	187.839588	187.841061	189.061318	189.071518	
26.51409	187.839588	187.841061	189.061318	189.071518	
26.52428	187.839588	187.841061	189.061318	189.071518	
26.53444	187.839588	187.841061	189.061318	189.071518	
26.54456	187.839588	187.841061	189.061318	189.071518	
26.55464	187.839588	187.841061	189.061318	189.071518	
26.56482	187.839588	187.841061	189.061318	189.071518	
26.57495	187.839588	187.841061	189.061318	189.071518	
26.58506	187.839588	187.841061	189.061318	189.071518	
26.59524	187.839588	187.841061	189.061318	189.071518	
26.60534	187.839588	187.841061	189.061318	189.071518	
26.61543	187.839588	187.841061	189.061318	189.071518	
26.62557	187.839588	187.841061	189.061318	189.071518	
26.63577	187.839588	187.841061	189.061318	189.071518	
26.64669	187.839588	187.841061	189.061318	189.071518	
26.65603	187.839588	187.841061	189.061318	189.071518	
26.66615	187.839588	187.841061	189.061318	189.071518	
26.67625	187.839588	187.841061	189.061318	189.071518	
26.68642	187.839588	187.841061	189.061318	189.071518	
26.69671	187.839588	187.841061	189.061318	189.071518	
26.70668	187.839588	187.841061	189.061318	189.071518	
26.71686	187.839588	187.841061	189.061318	189.071518	
26.72692	187.839588	187.841061	189.061318	189.071518	
26.7371	187.839588	187.841061	189.061318	189.071518	
26.74725	187.839588	187.841061	189.061318	189.071518	
26.75735	187.839588	187.841061	189.061318	189.071518	
26.76748	187.839588	187.841061	189.061318	189.071518	
26.77783	187.839588	187.841061	189.061318	189.071518	
26.78791	187.839588	187.841061	189.061318	189.071518	
26.79805	187.839588	187.841061	189.061318	189.071518	
26.80816	187.839588	187.841061	189.061318	189.071518	
26.81825	187.839588	187.841061	189.061318	189.071518	
26.8284	187.839588	187.841061	189.061318	189.071518	
26.83856	187.839588	187.841061	189.061318	189.071518	
26.8487	187.839588	187.841061	189.061318	189.071518	
26.85881	187.839588	187.841061	189.061318	189.071518	
26.86897	187.839588	187.841061	189.061318	189.071518	
26.87903	187.839588	187.841061	189.061318	189.071518	
26.88918	187.839588	187.841061	189.061318	189.071518	
26.89933	187.839588	187.841061	189.061318	189.071518	
26.90942	187.839588	187.841061	189.061318	189.071518	
26.91955	187.839588	187.841061	189.061318	189.071518	
26.92966	187.839588	187.841061	189.061318	189.071518	
26.94766	187.839588	187.841061	189.061318	189.071518	
26.952	187.839588	187.841061	189.061318	189.071518	
26.96215	187.839588	187.841061	189.061318	189.071518	
26.97229	187.839588	187.841061	189.061318	189.071518	
26.98241	187.839588	187.841061	189.061318	189.071518	
26.99255	187.839588	187.841061	189.061318	189.071518	
27.00269	187.839588	187.841061	189.061318	189.071518	
27.01282	187.839588	187.841061	189.061318	189.071518	
27.02295	187.839588	187.841061	189.061318	189.071518	
27.03307	187.839588	187.841061	189.061318	189.071518	
27.04329	187.839588	187.841061	189.061318	189.071518	
27.05334	187.839588	187.841061	189.061318	189.071518	
27.06346	187.839588	187.841061	189.061318	189.071518	
27.07362	187.839588	187.841061	189.061318	189.071518	
27.08377	187.839588	187.841061	189.061318	189.071518	
27.09391	187.839588	187.841061	189.061318	189.071518	
27.10402	187.839588	187.841061	189.061318	189.071518	
27.11419	187.839588	187.841061	189.061318	189.071518	
27.12428	187.839588	187.841061	189.061318	189.071518	
27.13444	187.839588	187.841061	189.061318	189.071518	
27.1604	187.839588	187.841061	189.061318	189.071518	
27.165	187.839588	187.841061	189.061318	189.071518	
