11.20441	
11.20904	
11.21899	
11.22919	
11.23926	
11.24947	
11.25951	
11.26964	
11.27975	
11.29021	
11.30005	
11.31017	
11.32034	
11.33041	
11.34059	
11.35068	
11.36084	
11.37104	
11.38109	
11.3914	
11.40145	
11.41151	
11.42164	
11.43205	
11.44195	
11.45199	
11.46215	
11.47233	
11.48238	
11.49297	
11.50269	
11.51281	
11.52301	
11.5331	
11.54322	
11.55337	
11.56345	
11.57357	
11.5837	
11.59385	
11.60398	
11.61411	
11.62429	
11.63436	
11.64451	
11.6546	
11.66478	
11.67491	
11.68496	
11.69509	
11.70529	
11.71541	
11.72553	
11.73568	
11.74619	
11.75611	
11.76624	
11.77642	
11.7865	
11.79666	
11.80683	
11.81697	
11.82712	
11.83723	
11.8474	
11.85761	
11.86767	
11.8778	
11.8879	
11.89807	
11.90819	
11.91832	
11.92846	
11.93862	
11.9487	
11.95887	
11.96898	
11.97917	
11.9893	
11.99943	
12.00964	
12.01971	
12.02982	
12.03997	
12.05012	
12.06023	
12.07037	
12.08051	
12.09065	
12.10077	
12.11111	
12.12124	
12.13132	
12.14144	
12.15155	
12.16176	
12.17185	
12.18197	
12.19212	
12.20216	
12.21246	
12.22248	
12.23272	
12.24272	
12.25281	
12.26299	
12.27308	
12.28329	
12.29339	
12.30374	
12.31372	
12.3238	
12.3339	
12.344	
12.35466	
12.36434	
12.37442	
12.38455	
12.39464	
12.40545	
12.41519	
12.42507	
12.43519	
12.44528	
12.45541	
12.46564	
12.48355	
12.48774	
12.49917	
12.50799	
12.51816	
12.52831	
12.53844	
12.54852	
12.55866	
12.56882	
12.57902	
12.58908	
12.59922	
12.60934	
12.61952	
12.62964	
12.63975	
12.64994	
12.66073	
12.6701	
12.68026	
12.69033	
12.70044	
12.71082	
12.72075	
12.73098	
12.74105	
12.75116	
12.76128	
12.77145	
12.78156	
12.79169	
12.80188	
12.8121	
12.8221	
12.83229	
12.84236	
12.85256	
12.86271	
12.87276	
12.88293	
12.89308	
12.90319	
12.91327	
12.92355	
12.93356	
12.94414	
12.9539	
12.96393	
12.97403	
12.98424	
12.99478	
13.00445	
13.01456	
13.02464	
13.04572	
13.04994	
13.06009	
13.07023	
13.08053	
13.09055	
13.10065	
13.11078	
13.12092	
13.13113	
13.1412	
13.15127	
13.16144	
13.17153	
13.18176	
13.19183	
13.20191	
13.21226	
13.22232	
13.23256	
13.24263	
13.25275	
13.2629	
13.273	
13.2832	
13.29326	
13.3034	
13.31357	
13.32364	
13.33377	
13.34388	
13.35404	
13.36418	
13.37432	
13.38444	
13.39452	
13.40465	
13.41476	
13.4249	
13.43506	
13.44513	
13.45528	
13.46541	
13.47552	
13.48573	
13.49582	
13.50602	
13.5161	
13.52624	
13.53648	
13.5478	0.00115307785	0	0.00115307785	0	
13.55778	0.00272553073	0	0.00272553073	0	
13.56785	0.00492618276	0	0.00492618276	0	
13.57803	0.00777328509	0	0.00777328509	0	
13.58816	0.011220526	0	0.011220526	0	
13.5983	0.0152909829	0	0.0152909829	0	
13.60846	0.0199914567	0	0.0199914567	0.00872664626	
13.61856	0.0252690195	0	0.0252690195	0.00872664626	
13.62866	0.0311628774	0	0.0311628774	0.00872664626	
13.63884	0.0377258012	0	0.0377258012	0.0174532925	
13.64907	0.0449559998	0	0.0449559998	0.0174532925	
13.66005	0.0534535631	0	0.0534535631	0.0261799388	
13.6694	0.0611734962	0	0.0611734962	0.034906585	
13.67951	0.0701475175	0	0.0701475175	0.034906585	
13.6897	0.0798305127	0	0.0798305127	0.0436332313	
13.69977	0.0900026082	0	0.0900026082	0.0523598776	
13.71012	0.101110332	0	0.101110332	0.0698131701	
13.72008	0.112374988	0	0.112374988	0.0785398163	
13.73022	0.124466493	0	0.124466493	0.0872664626	
13.74032	0.13712077	0	0.13712077	0.0959931089	
13.7508	0.15094725	0	0.15094725	0.104719755	
13.76067	0.16450023	0	0.16450023	0.113446401	
13.77079	0.179034413	0	0.179034413	0.122173048	
13.78091	0.194184669	0	0.194184669	0.13962634	
13.791	0.209903376	0.00872664626	0.209903376	0.13962634	
13.80119	0.226402552	0.00872664626	0.226402552	0.157079633	
13.81134	0.243447052	0.00872664626	0.243447052	0.165806279	
13.82148	0.2610838	0.0174532925	0.2610838	0.174532925	
13.83168	0.27946167	0.0174532925	0.27946167	0.191986218	
13.84209	0.299039255	0.0261799388	0.299039255	0.20943951	
13.852	0.317948331	0.034906585	0.317948331	0.226892803	
13.8621	0.337982844	0.0436332313	0.337982844	0.244346095	
13.87226	0.358755199	0.0523598776	0.358755199	0.270526034	
13.88236	0.380016922	0.0698131701	0.380016922	0.287979327	
13.89273	0.40253444	0.0785398163	0.40253444	0.314159265	
13.90263	0.424557355	0.0872664626	0.424557355	0.331612558	
13.91275	0.447690181	0.104719755	0.447690181	0.34906585	
13.92292	0.471607213	0.122173048	0.471607213	0.383972435	
13.93301	0.495913563	0.148352986	0.495913563	0.401425728	
13.94345	0.521733019	0.165806279	0.521733019	0.427605667	
13.95333	0.546733992	0.191986218	0.546733992	0.453785606	
13.96345	0.572953256	0.20943951	0.572953256	0.479965544	
13.97356	0.599783655	0.235619449	0.599783655	0.506145483	
13.98367	0.627222203	0.261799388	0.627222203	0.532325422	
13.99386	0.655509268	0.296705973	0.655509268	0.558505361	
14.00395	0.684083263	0.322885912	0.684083263	0.584685299	
14.01407	0.713386238	0.34906585	0.713386238	0.619591884	
14.0243	0.743666372	0.383972435	0.743666372	0.645771823	
14.03436	0.774006359	0.410152374	0.774006359	0.671951762	
14.0448	0.806180417	0.445058959	0.806180417	0.698131701	
14.05468	0.837211226	0.471238898	0.837211226	0.733038286	
14.06475	0.869430284	0.506145483	0.869430284	0.767944871	
14.07488	0.902455383	0.541052068	0.902455383	0.802851456	
14.08496	0.935915093	0.575958653	0.935915093	0.829031395	
14.09518	0.970508342	0.619591884	0.970508342	0.86393798	
14.10526	1.00519525	0.654498469	1.00519525	0.898844565	
14.1154	1.04073202	0.698131701	1.04073202	0.93375115	
14.12553	1.07682016	0.733038286	1.07682016	0.959931089	
14.13568	1.11363848	0.767944871	1.11363848	1.00356432	
14.14622	1.15251247	0.811578102	1.15251247	1.0384709	
14.15619	1.18991951	0.855211333	1.18991951	1.07337749	
14.16634	1.22857535	0.890117919	1.22857535	1.10828408	
14.17648	1.26781726	0.925024504	1.26781726	1.14319066	
14.18656	1.30741455	0.968657735	1.30741455	1.18682389	
14.19669	1.3478616	1.01229097	1.3478616	1.22173048	
14.20683	1.38895787	1.04719755	1.38895787	1.25663706	
14.21702	1.43086882	1.09083078	1.43086882	1.30027029	
14.235	1.50720736	1.1693706	1.50720736	1.37008346	
14.23932	1.52548936	1.18682389	1.52548936	1.38753676	
14.24947	1.56921054	1.22173048	1.56921054	1.43116999	
14.26005	1.6155006	1.26536371	1.6155006	1.47480322	
14.26974	1.65839144	1.30899694	1.65839144	1.51843645	
14.28197	1.71358081	1.35263017	1.71358081	1.56206968	
14.29001	1.75006514	1.3962634	1.75006514	1.60570291	
14.30009	1.796576	1.43989663	1.796576	1.64933614	
14.31023	1.84394957	1.48352986	1.84394957	1.70169602	
14.32042	1.8922004	1.53588974	1.8922004	1.74532925	
14.33053	1.94066892	1.57952297	1.94066892	1.78896248	
14.34066	1.98983963	1.6231562	1.98983963	1.84132236	
14.35076	2.03951051	1.66678944	2.03951051	1.88495559	
14.36118	2.09139617	1.71914931	2.09139617	1.93731547	
14.37117	2.14172659	1.76278254	2.14172659	1.98967535	
14.38123	2.19301382	1.80641578	2.19301382	2.03330858	
14.39137	2.24531766	1.85004901	2.24531766	2.08566846	
14.40149	2.29813714	1.90240888	2.29813714	2.12930169	
14.4119	2.3531618	1.95476876	2.3531618	2.19038821	
14.42203	2.40730383	2.00712864	2.40730383	2.24274809	
14.43214	2.46195189	2.05948852	2.46195189	2.29510797	
14.44228	2.51734681	2.11184839	2.51734681	2.34746784	
14.45237	2.57311664	2.15548163	2.57311664	2.39982772	
14.46297	2.6323896	2.2078415	2.6323896	2.46091425	
14.47274	2.68753073	2.26020138	2.68753073	2.51327412	
14.4829	2.74553955	2.31256126	2.74553955	2.565634	
14.49299	2.8037107	2.36492114	2.8037107	2.61799388	
14.50486	2.87314216	2.41728101	2.87314216	2.6790804	
14.51323	2.9224223	2.47836754	2.9224223	2.73144028	
14.52338	2.9828213	2.53072742	2.9828213	2.78380016	
14.53363	3.04449144	2.58308729	3.04449144	2.84488668	
14.54366	3.10538684	2.64417382	3.10538684	2.89724656	
14.55386	3.16796866	2.69653369	3.16796866	2.94960644	
14.56431	3.23277255	2.75762022	3.23277255	3.00196631	
14.57455	3.29685997	2.81870674	3.29685997	3.06305284	
14.58471	3.361025	2.87979327	3.361025	3.11541271	
14.59475	3.4251161	2.93215314	3.4251161	3.17649924	
14.60501	3.49119761	3.00196631	3.49119761	3.22885912	
14.61491	3.55555691	3.05432619	3.55555691	3.28121899	
14.62493	3.62130903	3.12413936	3.62130903	3.34230552	
14.63508	3.6885431	3.18522588	3.6885431	3.40339204	
14.64521	3.75619244	3.24631241	3.75619244	3.45575192	
14.65551	3.82570083	3.30739893	3.82570083	3.51683844	
14.66601	3.89718526	3.36848546	3.89718526	3.57792497	
14.68359	4.01906015	3.4906585	4.01906015	3.67391808	
14.68871	4.05455607	3.51683844	4.05455607	3.70009801	
14.69885	4.12561847	3.58665161	4.12561847	3.76991118	
14.70931	4.19956803	3.64773814	4.19956803	3.82227106	
14.71919	4.27022475	3.71755131	4.27022475	3.87463094	
14.72975	4.34589054	3.78736448	4.34589054	3.94444411	
14.73954	4.41685327	3.848451	4.41685327	3.99680399	
14.74965	4.49071398	3.91826417	4.49071398	4.05789051	
14.76025	4.56889764	3.97935069	4.56889764	4.11897703	
14.77042	4.64452552	4.04916386	4.64452552	4.18006356	
14.78047	4.71984131	4.11897703	4.71984131	4.24115008	
14.79033	4.79428034	4.1887902	4.79428034	4.29350996	
14.80055	4.87211411	4.25860337	4.87211411	4.36332313	
14.81068	4.94983677	4.32841654	4.94983677	4.42440965	
14.82087	5.02863649	4.39822972	5.02863649	4.48549618	
14.83137	5.11063949	4.46804289	5.11063949	4.53785606	
14.8412	5.18784221	4.53785606	5.18784221	4.60766923	
14.85135	5.2682748	4.60766923	5.2682748	4.66875575	
14.86267	5.35872623	4.6774824	5.35872623	4.72984227	
14.87169	5.43171925	4.74729557	5.43171925	4.7909288	
14.88194	5.51428417	4.81710874	5.51428417	4.85201532	
14.89216	5.59766188	4.89564855	5.59766188	4.91310184	
14.90224	5.68058413	4.96546172	5.68058413	4.97418837	
14.91231	5.76403251	5.03527489	5.76403251	5.03527489	
14.92246	5.84871388	5.11381471	5.84871388	5.09636142	
14.93263	5.93425937	5.18362788	5.93425937	5.16617459	
14.94278	6.02022917	5.25344105	6.02022917	5.22726111	
14.95358	6.1123986	5.33198086	6.1123986	5.28834763	
14.97233	6.27502177	5.41052068	6.27502177	5.34943416	
14.97791	6.32329595	5.51524044	6.32329595	5.44542727	
14.98761	6.40810428	5.59378025	6.40810428	5.50651379	
14.99776	6.49728992	5.67232007	6.49728992	5.56760031	
15.00799	6.58796931	5.75958653	6.58796931	5.62868684	
15.01813	6.67839402	5.8293997	6.67839402	5.68977336	
15.02847	6.77134086	5.91666616	6.77134086	5.75958653	
15.04909	6.95974708	6.08247244	6.95974708	5.88175958	
15.06397	7.09681348	6.12610567	7.09681348	5.91666616	
15.06946	7.14740956	6.24827872	7.14740956	6.00393263	
15.07931	7.23879762	6.32681854	7.23879762	6.0737458	
15.08984	7.33734668	6.414085	7.33734668	6.13483232	
15.09986	7.43163834	6.49262482	7.43163834	6.19591884	
15.10973	7.52502206	6.57989128	7.52502206	6.25700537	
15.11993	7.62229863	6.66715774	7.62229863	6.31809189	
15.13038	7.72259277	6.75442421	7.72259277	6.37917842	
15.14026	7.81787988	6.84169067	7.81787988	6.44026494	
15.1507	7.91936047	6.92895713	7.91936047	6.51007811	
15.16113	8.02136717	7.02495024	8.02136717	6.57116463	
15.171	8.11845563	7.1122167	8.11845563	6.63225116	
15.18114	8.21874523	7.20820981	8.21874523	6.69333768	
15.19132	8.32022366	7.29547627	8.32022366	6.75442421	
15.2014	8.42119251	7.38274274	8.42119251	6.81551073	
15.21179	8.52597536	7.4700092	8.52597536	6.87659725	
15.22175	8.62694372	7.56600231	8.62694372	6.94641042	
15.23208	8.73239801	7.65326877	8.73239801	7.00749695	
15.24218	8.83607976	7.74926188	8.83607976	7.06858347	
15.25248	8.94250934	7.83652834	8.94250934	7.12094335	
15.26267	9.04823472	7.9412481	9.04823472	7.19075652	
15.27293	9.1555409	8.02851456	9.1555409	7.25184304	
15.28271	9.25830739	8.12450767	9.25830739	7.31292957	
15.29313	9.36842713	8.22050078	9.36842713	7.37401609	
15.30356	9.47928378	8.31649389	9.47928378	7.43510261	
15.31317	9.58200455	8.41248699	9.58200455	7.49618914	
15.32363	9.69452661	8.51720675	9.69452661	7.55727566	
15.33378	9.80426938	8.61319986	9.80426938	7.61836218	
15.3436	9.91102305	8.71791961	9.91102305	7.67944871	
15.36197	10.1072436	8.81391272	10.1072436	7.74926188	
15.36756	10.1670362	8.95353906	10.1670362	7.8278017	
15.37734	10.2708239	9.05825882	10.2708239	7.88888822	
15.38785	10.3817602	9.17170522	10.3817602	7.95870139	
15.39832	10.4916577	9.27642497	10.4916577	8.01106127	
15.40815	10.5942947	9.38114473	10.5942947	8.08087444	
15.41834	10.7000017	9.49459113	10.7000017	8.13323431	
15.42861	10.8059432	9.59931089	10.8059432	8.20304748	
15.43894	10.9119114	9.70403064	10.9119114	8.26413401	
15.44881	11.0125566	9.81747704	11.0125566	8.32522053	
15.45912	11.1171894	9.93092344	11.1171894	8.38630706	
15.47044	11.2311732	10.0356432	11.2311732	8.44739358	
15.47926	11.3199691	10.140363	11.3199691	8.51720675	
15.48943	11.4209337	10.2538094	11.4209337	8.57829327	
15.49987	11.5243038	10.3672558	11.5243038	8.6393798	
15.51805	11.7020617	10.4719755	11.7020617	8.70046632	
15.52325	11.7527791	10.6116019	11.7527791	8.77900614	
15.53341	11.8531626	10.7163216	11.8531626	8.84009266	
15.54352	11.9490235	10.829768	11.9490235	8.90117919	
15.55399	12.0494501	10.9344878	12.0494501	8.97099236	
15.56381	12.1430549	11.0392075	12.1430549	9.03207888	
15.57448	12.2440732	11.1526539	12.2440732	9.0931654	
15.58457	12.339072	11.2573737	12.339072	9.14552528	
15.59441	12.4310318	11.3620934	12.4310318	9.21533845	
15.60479	12.5274931	11.4668132	12.5274931	9.27642497	
15.61527	12.6245342	11.5715329	12.6245342	9.3375115	
15.6248	12.7117099	11.6762527	12.7117099	9.38987138	
15.63493	12.8040439	11.7809725	12.8040439	9.45968455	
15.64537	12.8985976	11.8856922	12.8985976	9.52077107	
15.65524	12.987466	11.9816853	12.987466	9.57313095	
15.66659	13.0887949	12.0951317	13.0887949	9.64294412	
15.67667	13.1782737	12.1998515	13.1782737	9.70403064	
15.68685	13.2679385	12.3045712	13.2679385	9.76511716	
15.69725	13.3590907	12.409291	13.3590907	9.82620369	
15.70741	13.4474015	12.5140107	13.4474015	9.87856357	
15.71746	13.5342581	12.6100038	13.5342581	9.94837674	
15.72751	13.6204085	12.705997	13.6204085	10.0007366	
15.73769	13.7071371	12.8107167	13.7071371	10.0618231	
15.74802	13.7945447	12.9154365	13.7945447	10.1229097	
15.75796	13.8781067	13.0114296	13.8781067	10.1752695	
15.76813	13.9629277	13.1074227	13.9629277	10.2363561	
15.77833	14.0474682	13.2034158	14.0474682	10.2974426	
15.79488	14.1827573	13.2994089	14.1827573	10.3585291	
15.80795	14.2886754	13.4826685	14.2886754	10.4632489	
15.81263	14.3265724	13.5263017	14.3265724	10.4894288	
15.83148	14.4764336	13.6222948	14.4764336	10.5505153	
15.83626	14.5145002	13.7444679	14.5145002	10.6290551	
15.84683	14.5978277	13.840461	14.5978277	10.6901417	
15.85731	14.6798734	13.9364541	14.6798734	10.7512282	
15.87194	14.7928913	14.0237205	14.7928913	10.8035881	
15.8832	14.8793014	14.1197136	14.8793014	10.8646746	
15.8879	14.9153549	14.2157068	14.9153549	10.9257611	
15.90693	15.0583051	14.3029732	15.0583051	10.9868476	
15.91162	15.0935619	14.4164196	15.0935619	11.0653875	
15.92333	15.1806929	14.5036861	15.1806929	11.126474	
15.93229	15.2469951	14.5909525	15.2469951	11.1875605	
15.94221	15.3197472	14.678219	15.3197472	11.2399204	
15.95283	15.3969303	14.7654855	15.3969303	11.3010069	
15.96266	15.4678468	14.8440253	15.4678468	11.3620934	
15.98168	15.6031812	14.9312918	15.6031812	11.4144533	
15.9865	15.6366755	15.0447382	15.6366755	11.5017198	
15.99683	15.7092121	15.123278	15.7092121	11.5540796	
16.0182	15.8558509	15.271631	15.8558509	11.667526	
16.02298	15.888685	15.3327175	15.888685	11.7111593	
16.03329	15.9588925	15.4112573	15.9588925	11.7635192	
16.04367	16.0288709	15.4897971	16.0288709	11.8246057	
16.05353	16.0949005	15.5683369	16.0949005	11.8856922	
16.06376	16.1626971	15.6468767	16.1626971	11.9380521	
16.07569	16.2409562	15.7254166	16.2409562	11.9991386	
16.09267	16.3503542	15.8650429	16.3503542	12.1038584	
16.09738	16.3807118	15.8999495	16.3807118	12.1300383	
16.10795	16.4481311	15.9697627	16.4481311	12.1823982	
16.11778	16.5102584	16.0395758	16.5102584	12.2434847	
16.1366	16.6266468	16.109389	16.6266468	12.3045712	
16.14129	16.6557309	16.2053821	16.6557309	12.3743844	
16.15183	16.7202581	16.2751953	16.7202581	12.4267443	
16.16179	16.7806614	16.3450084	16.7806614	12.4878308	
16.1719	16.8413689	16.4148216	16.8413689	12.5489173	
16.19069	16.9516959	16.4759081	16.9516959	12.6012772	
16.19538	16.9793341	16.5631746	16.9793341	12.6710904	
16.20563	17.0388864	16.6329878	17.0388864	12.7321769	
16.21622	17.0997925	16.7028009	17.0997925	12.7932634	
16.22617	17.1564498	16.7638875	17.1564498	12.8456233	
16.23625	17.2132253	16.824974	17.2132253	12.8979832	
16.24643	17.2700258	16.8947872	17.2700258	12.950343	
16.25669	17.3266583	16.947147	17.3266583	13.0114296	
16.2668	17.3818036	17.0169602	17.3818036	13.0637895	
16.27882	17.4465766	17.0780467	17.4465766	13.124876	
16.28716	17.49113	17.1391333	17.49113	13.1772359	
16.29739	17.545197	17.1914931	17.545197	13.2295957	
16.32411	17.6810277	17.3485728	17.6810277	13.3779487	
16.32884	17.705244	17.3747527	17.705244	13.4041287	
16.33937	17.7583366	17.4358392	17.7583366	13.4564885	
16.34923	17.807483	17.4881991	17.807483	13.5088484	
16.35947	17.8580868	17.5492856	17.8580868	13.5699349	
16.36961	17.9073302	17.6103722	17.9073302	13.6222948	
16.38026	17.958489	17.662732	17.958489	13.6833813	
16.39047	18.0069865	17.7150919	18.0069865	13.7357412	
16.40075	18.0552365	17.7674518	18.0552365	13.7881011	
16.41088	18.1021579	17.8198117	18.1021579	13.8491876	
16.42107	18.1487703	17.8721715	18.1487703	13.9015475	
16.43168	18.1969299	17.9245314	18.1969299	13.9539074	
16.44159	18.2408442	17.9768913	18.2408442	14.0149939	
16.45185	18.2859635	18.0292512	18.2859635	14.0673538	
16.46235	18.3314967	18.0816111	18.3314967	14.1197136	
16.47235	18.3744343	18.1339709	18.3744343	14.1720735	
16.48236	18.416607	18.1863308	18.416607	14.2331601	
16.49254	18.4589735	18.229964	18.4589735	14.2855199	
16.50308	18.5022522	18.2823239	18.5022522	14.3466065	
16.51352	18.544501	18.3259571	18.544501	14.3989663	
16.52338	18.5838298	18.378317	18.5838298	14.4513262	
16.53332	18.6229359	18.4219503	18.6229359	14.5124127	
16.54383	18.6636528	18.4655835	18.6636528	14.5647726	
16.55373	18.7014435	18.5179434	18.7014435	14.6258591	
16.57257	18.7708493	18.5615766	18.7708493	14.678219	
16.57766	18.7896467	18.6226631	18.7896467	14.7567588	
16.59607	18.8550715	18.7012029	18.8550715	14.8614786	
16.60078	18.8718478	18.7273829	18.8718478	14.8876585	
16.61116	18.9080899	18.7622895	18.9080899	14.9400184	
16.62137	18.9431453	18.8146493	18.9431453	14.9923783	
16.63151	18.9775011	18.8495559	18.9775011	15.0447382	
16.64156	19.0107076	18.8931892	19.0107076	15.1058247	
16.65185	19.0442363	18.9368224	19.0442363	15.1669112	
16.66199	19.0767335	18.971729	19.0767335	15.2192711	
16.67225	19.1090003	19.0066356	19.1090003	15.271631	
16.68242	19.1403813	19.0502688	19.1403813	15.3239908	
16.70115	19.1957645	19.093902	19.1957645	15.3850774	
16.71421	19.2336466	19.1637152	19.2336466	15.4985238	
16.71921	19.2481182	19.1811685	19.2481182	15.5334303	
16.72915	19.2761831	19.2160751	19.2761831	15.5857902	
16.73964	19.3051995	19.2509816	19.3051995	15.6381501	
16.74952	19.3319796	19.2858882	19.3319796	15.6992366	
16.75974	19.3590676	19.3207948	19.3590676	15.7515965	
16.76995	19.3855459	19.3557014	19.3855459	15.812683	
16.78108	19.4137169	19.390608	19.4137169	15.8650429	
16.79891	19.4567233	19.4167879	19.4567233	15.9174028	
16.8119	19.4872874	19.4866011	19.4872874	16.0395758	
16.81664	19.4984234	19.4953277	19.4984234	16.0657558	
16.8268	19.5215435	19.5302343	19.5215435	16.1181156	
16.83697	19.5441533	19.5564143	19.5441533	16.1792022	
16.8557	19.5833445	19.5825942	19.5833445	16.231562	
16.86036	19.5931796	19.6175008	19.5931796	16.3013752	
16.87054	19.6138892	19.6524074	19.6138892	16.3624617	
16.88226	19.6369368	19.6698607	19.6369368	16.4235483	
16.89131	19.6543573	19.7047673	19.6543573	16.4759081	
16.90131	19.6730354	19.7222205	19.6730354	16.5369947	
16.9115	19.6914826	19.7484005	19.6914826	16.5893545	
16.92168	19.7094619	19.7745804	19.7094619	16.6504411	
16.93218	19.7271529	19.7920337	19.7271529	16.7028009	
16.94207	19.7434145	19.809487	19.7434145	16.7551608	
16.95242	19.7598355	19.8356669	19.7598355	16.8162473	
16.97101	19.7870353	19.8618469	19.7870353	16.8686072	
16.97584	19.794161	19.8880268	19.794161	16.947147	
16.99422	19.8187872	19.9229334	19.8187872	17.0518668	
16.9989	19.8251173	19.9316601	19.8251173	17.0780467	
17.00937	19.8385159	19.9491134	19.8385159	17.1391333	
17.01927	19.8507001	19.9752933	19.8507001	17.1914931	
17.02954	19.8627688	19.9840199	19.8627688	17.243853	
17.0399	19.8743632	20.0101999	19.8743632	17.3136662	
17.05002	19.8851656	20.0189265	19.8851656	17.3660261	
17.06016	19.8954638	20.0451065	19.8954638	17.4183859	
17.07033	19.9052452	20.0538331	19.9052452	17.4881991	
17.08075	19.9147126	20.0712864	19.9147126	17.540559	
17.09077	19.9233019	20.0887397	19.9233019	17.5929189	
17.10097	19.9315236	20.0887397	19.9315236	17.6540054	
17.11118	19.9392268	20.106193	19.9392268	17.7150919	
17.12139	19.9464033	20.1149196	19.9464033	17.7674518	
17.13167	19.9531567	20.1236463	19.9531567	17.8285383	
17.14183	19.9592433	20.1236463	19.9592433	17.8896248	
17.15195	19.9648564	20.1236463	19.9648564	17.9419847	
17.16227	19.9700725	20.1236463	19.9700725	18.0030712	
17.17235	19.9746964	20.1236463	19.9746964	18.0641578	
17.18258	19.9789142	20.1236463	19.9789142	18.1165176	
17.19284	19.9826705	20.1236463	19.9826705	18.1776042	
17.20304	19.9859589	20.1236463	19.9859589	18.229964	
17.21326	19.9888217	20.1236463	19.9888217	18.2910506	
17.22339	19.9912484	20.1236463	19.9912484	18.3434104	
17.23358	19.9932991	20.1149196	19.9932991	18.3957703	
17.24388	19.994994	20.106193	19.994994	18.4568568	
17.25404	20	20.106193	20	18.5092167	
17.26424	20	20.106193	20	18.5703032	
17.27457	20	20.106193	20	18.6226631	
17.28467	20	20.0974663	20	18.675023	
17.29491	20	20.0887397	20	18.7361095	
17.30774	20	20.0887397	20	18.7884694	
17.31496	20	20.0887397	20	18.8408293	
17.32517	20	20.080013	20	18.8931892	
17.33526	20	20.080013	20	18.9542757	
17.34538	20	20.0712864	20	19.0066356	
17.36358	20	20.0625598	20	19.1026287	
17.36833	20	20.0625598	20	19.1288086	
17.37855	20	20.0538331	20	19.1811685	
17.38868	20	20.0538331	20	19.2335284	
17.39883	20	20.0538331	20	19.2858882	
17.40945	20	20.0538331	20	19.3382481	
17.41962	20	20.0538331	20	19.3993346	
17.42978	20	20.0538331	20	19.4516945	
17.43991	20	20.0538331	20	19.5040544	
17.45014	20	20.0538331	20	19.5564143	
17.46023	20	20.0538331	20	19.6087741	
17.47037	20	20.0538331	20	19.661134	
17.48052	20	20.0538331	20	19.7134939	
17.49069	20	20.0538331	20	19.7658538	
17.50083	20	20.0538331	20	19.8182137	
17.52016	20	20.0538331	20	19.9229334	
17.52454	20	20.0538331	20	19.9403867	
17.5348	20	20.0538331	20	19.9927466	
17.5448	20	20.0538331	20	20.0363798	
17.55613	20	20.0538331	20	20.0712864	
17.56511	20	20.0538331	20	20.0887397	
17.5752	20	20.0538331	20	20.106193	
17.58567	20	20.0538331	20	20.1149196	
17.60355	20	20.0538331	20	20.106193	
17.60793	20	20.0538331	20	20.106193	
17.61814	20	20.0538331	20	20.0887397	
17.6282	20	20.0538331	20	20.0712864	
17.63837	20	20.0538331	20	20.0625598	
17.64867	20	20.0538331	20	20.0363798	
17.65864	20	20.0538331	20	20.0189265	
17.6697	20	20.0538331	20	20.0014732	
17.67977	20	20.0538331	20	19.9840199	
17.68998	20	20.0538331	20	19.9752933	
17.70008	20	20.0538331	20	19.9665666	
17.71018	20	20.0538331	20	19.9665666	
17.72039	20	20.0538331	20	19.9752933	
17.73053	20	20.0538331	20	19.9840199	
17.74065	20	20.0538331	20	19.9840199	
17.75075	20	20.0538331	20	19.9927466	
17.7609	20	20.0538331	20	19.9927466	
17.77105	20	20.0538331	20	20.0014732	
17.78115	20	20.0538331	20	20.0014732	
17.79136	20	20.0538331	20	20.0014732	
17.8015	20	20.0538331	20	20.0014732	
17.81174	20	20.0538331	20	20.0014732	
17.82181	20	20.0538331	20	20.0014732	
17.8321	20	20.0538331	20	20.0014732	
17.84231	20	20.0538331	20	20.0014732	
17.8522	20	20.0538331	20	20.0014732	
17.86231	20	20.0538331	20	20.0014732	
17.87244	20	20.0538331	20	20.0014732	
17.88254	20	20.0538331	20	20.0014732	
17.89276	20	20.0538331	20	20.0014732	
17.90292	20	20.0538331	20	20.0014732	
17.91311	20	20.0538331	20	20.0014732	
17.92315	20	20.0538331	20	20.0014732	
17.93355	20	20.0538331	20	20.0014732	
17.94338	20	20.0538331	20	20.0014732	
17.95355	20	20.0538331	20	20.0014732	
17.9637	20	20.0538331	20	20.0014732	
17.97378	20	20.0538331	20	20.0014732	
17.98394	20	20.0538331	20	20.0014732	
17.99428	20	20.0538331	20	20.0014732	
18.00435	20	20.0538331	20	20.0014732	
18.0144	20	20.0538331	20	20.0014732	
18.02454	20	20.0538331	20	20.0014732	
18.03489	20	20.0538331	20	20.0014732	
18.04476	20	20.0538331	20	20.0014732	
18.05487	20	20.0538331	20	20.0014732	
18.06507	20	20.0538331	20	20.0014732	
18.07513	20	20.0538331	20	20.0014732	
18.08527	20	20.0538331	20	20.0014732	
18.09548	20	20.0538331	20	20.0014732	
18.10568	20	20.0538331	20	20.0014732	
18.1158	20	20.0538331	20	20.0014732	
18.12583	20	20.0538331	20	20.0014732	
18.13627	20	20.0538331	20	20.0014732	
18.14632	20	20.0538331	20	20.0014732	
18.15648	20	20.0538331	20	20.0014732	
18.16662	20	20.0538331	20	20.0014732	
18.17675	20	20.0538331	20	20.0014732	
18.1869	20	20.0538331	20	20.0014732	
18.19706	20	20.0538331	20	20.0014732	
18.20723	20	20.0538331	20	20.0014732	
18.21755	20	20.0538331	20	20.0014732	
18.22749	20	20.0538331	20	20.0014732	
18.23775	20	20.0538331	20	20.0014732	
18.24777	20	20.0538331	20	20.0014732	
18.25794	20	20.0538331	20	20.0014732	
18.26806	20	20.0538331	20	20.0014732	
18.27815	20	20.0538331	20	20.0014732	
18.28833	20	20.0538331	20	20.0014732	
18.29856	20	20.0538331	20	20.0014732	
18.30868	20	20.0538331	20	20.0014732	
18.31878	20	20.0538331	20	20.0014732	
18.32897	20	20.0538331	20	20.0014732	
18.33905	20	20.0538331	20	20.0014732	
18.34918	20	20.0538331	20	20.0014732	
18.35937	20	20.0538331	20	20.0014732	
18.36953	20	20.0538331	20	20.0014732	
18.37976	20	20.0538331	20	20.0014732	
18.38979	20	20.0538331	20	20.0014732	
18.40003	20	20.0538331	20	20.0014732	
18.41026	20	20.0538331	20	20.0014732	
18.42031	20	20.0538331	20	20.0014732	
18.43044	20	20.0538331	20	20.0014732	
18.44053	20	20.0538331	20	20.0014732	
18.45068	20	20.0538331	20	20.0014732	
18.46085	20	20.0538331	20	20.0014732	
18.47096	20	20.0538331	20	20.0014732	
18.48111	20	20.0538331	20	20.0014732	
18.4912	20	20.0538331	20	20.0014732	
18.50142	20	20.0538331	20	20.0014732	
18.51296	20	20.0538331	20	20.0014732	
18.52166	20	20.0538331	20	20.0014732	
18.53182	20	20.0538331	20	20.0014732	
18.54214	20	20.0538331	20	20.0014732	
18.55207	20	20.0538331	20	20.0014732	
18.5623	20	20.0538331	20	20.0014732	
18.57236	20	20.0538331	20	20.0014732	
18.58248	20	20.0538331	20	20.0014732	
18.59257	20	20.0538331	20	20.0014732	
18.60298	20	20.0538331	20	20.0014732	
18.61293	20	20.0538331	20	20.0014732	
18.62309	20	20.0538331	20	20.0014732	
18.63315	20	20.0538331	20	20.0014732	
18.64357	20	20.0538331	20	20.0014732	
18.65343	20	20.0538331	20	20.0014732	
18.66354	20	20.0538331	20	20.0014732	
18.67371	20	20.0538331	20	20.0014732	
18.68384	20	20.0538331	20	20.0014732	
18.69397	20	20.0538331	20	20.0014732	
18.7121	20	20.0538331	20	20.0014732	
18.71667	20	20.0538331	20	20.0014732	
18.72665	20	20.0538331	20	20.0014732	
18.73678	20	20.0538331	20	20.0014732	
18.7469	20	20.0538331	20	20.0014732	
18.75706	20	20.0538331	20	20.0014732	
18.76721	20	20.0538331	20	20.0014732	
18.77733	20	20.0538331	20	20.0014732	
18.78745	20	20.0538331	20	20.0014732	
18.7976	20	20.0538331	20	20.0014732	
18.80784	20	20.0538331	20	20.0014732	
18.81795	20	20.0538331	20	20.0014732	
18.82805	20	20.0538331	20	20.0014732	
18.83816	20	20.0538331	20	20.0014732	
18.84834	20	20.0538331	20	20.0014732	
18.8585	20	20.0538331	20	20.0014732	
18.86862	20	20.0538331	20	20.0014732	
18.87873	20	20.0538331	20	20.0014732	
18.88888	20	20.0538331	20	20.0014732	
18.90004	20	20.0538331	20	20.0014732	
18.90921	20	20.0538331	20	20.0014732	
18.91931	20	20.0538331	20	20.0014732	
18.92944	20	20.0538331	20	20.0014732	
18.93959	20	20.0538331	20	20.0014732	
18.94969	20	20.0538331	20	20.0014732	
18.95985	20	20.0538331	20	20.0014732	
18.97823	20	20.0538331	20	20.0014732	
18.98263	20	20.0538331	20	20.0014732	
18.9927	20	20.0538331	20	20.0014732	
19.00404	20	20.0538331	20	20.0014732	
19.0131	20	20.0538331	20	20.0014732	
19.02315	20	20.0538331	20	20.0014732	
19.03493	20	20.0538331	20	20.0014732	
19.04375	20	20.0538331	20	20.0014732	
19.05379	20	20.0538331	20	20.0014732	
19.06391	20	20.0538331	20	20.0014732	
19.07443	20	20.0538331	20	20.0014732	
19.08442	20	20.0538331	20	20.0014732	
19.0949	20	20.0538331	20	20.0014732	
19.10538	20	20.0538331	20	20.0014732	
19.11487	20	20.0538331	20	20.0014732	
19.12495	20	20.0538331	20	20.0014732	
19.13507	20	20.0538331	20	20.0014732	
19.14519	20	20.0538331	20	20.0014732	
19.15536	20	20.0538331	20	20.0014732	
19.16548	20	20.0538331	20	20.0014732	
19.1757	20	20.0538331	20	20.0014732	
19.18579	20	20.0538331	20	20.0014732	
19.19585	20	20.0538331	20	20.0014732	
19.20667	20	20.0538331	20	20.0014732	
19.2164	20	20.0538331	20	20.0014732	
19.22654	20	20.0538331	20	20.0014732	
19.23676	20	20.0538331	20	20.0014732	
19.24674	20	20.0538331	20	20.0014732	
19.25696	20	20.0538331	20	20.0014732	
19.26704	20	20.0538331	20	20.0014732	
19.28518	20	20.0538331	20	20.0014732	
19.28954	20	20.0538331	20	20.0014732	
19.29973	20	20.0538331	20	20.0014732	
19.30984	20	20.0538331	20	20.0014732	
19.32004	20	20.0538331	20	20.0014732	
19.3302	20	20.0538331	20	20.0014732	
19.34026	20	20.0538331	20	20.0014732	
19.35038	20	20.0538331	20	20.0014732	
19.36056	20	20.0538331	20	20.0014732	
19.37072	20	20.0538331	20	20.0014732	
19.38085	20	20.0538331	20	20.0014732	
19.39097	20	20.0538331	20	20.0014732	
19.40107	20	20.0538331	20	20.0014732	
19.41129	20	20.0538331	20	20.0014732	
19.42144	20	20.0538331	20	20.0014732	
19.43155	20	20.0538331	20	20.0014732	
19.44168	20	20.0538331	20	20.0014732	
19.45205	20	20.0538331	20	20.0014732	
19.46198	20	20.0538331	20	20.0014732	
19.47209	20	20.0538331	20	20.0014732	
19.48231	20	20.0538331	20	20.0014732	
19.49237	20	20.0538331	20	20.0014732	
19.50245	20	20.0538331	20	20.0014732	
19.51429	20	20.0538331	20	20.0014732	
19.52279	20	20.0538331	20	20.0014732	
19.53291	20	20.0538331	20	20.0014732	
19.54329	20	20.0538331	20	20.0014732	
19.55354	20	20.0538331	20	20.0014732	
19.56328	20	20.0538331	20	20.0014732	
19.57344	20	20.0538331	20	20.0014732	
19.58357	20	20.0538331	20	20.0014732	
19.59369	20	20.0538331	20	20.0014732	
19.60388	20	20.0538331	20	20.0014732	
19.61403	20	20.0538331	20	20.0014732	
19.62426	20	20.0538331	20	20.0014732	
19.63443	20	20.0538331	20	20.0014732	
19.64442	20	20.0538331	20	20.0014732	
19.65497	20	20.0538331	20	20.0014732	
19.66467	20	20.0538331	20	20.0014732	
19.67483	20	20.0538331	20	20.0014732	
19.68494	20	20.0538331	20	20.0014732	
19.69507	20	20.0538331	20	20.0014732	
19.70523	20	20.0538331	20	20.0014732	
19.7154	20	20.0538331	20	20.0014732	
19.72555	20	20.0538331	20	20.0014732	
19.73577	20	20.0538331	20	20.0014732	
19.74577	20	20.0538331	20	20.0014732	
19.75637	20	20.0538331	20	20.0014732	
19.76641	20	20.0538331	20	20.0014732	
19.77655	20	20.0538331	20	20.0014732	
19.78698	20	20.0538331	20	20.0014732	
19.7968	20	20.0538331	20	20.0014732	
19.80696	20	20.0538331	20	20.0014732	
19.8172	20	20.0538331	20	20.0014732	
19.82734	20	20.0538331	20	20.0014732	
19.83743	20	20.0538331	20	20.0014732	
19.84754	20	20.0538331	20	20.0014732	
19.85776	20	20.0538331	20	20.0014732	
19.8679	20	20.0538331	20	20.0014732	
19.87802	20	20.0538331	20	20.0014732	
19.88816	20	20.0538331	20	20.0014732	
19.89837	20	20.0538331	20	20.0014732	
19.90844	20	20.0538331	20	20.0014732	
19.91864	20	20.0538331	20	20.0014732	
19.92879	20	20.0538331	20	20.0014732	
19.93892	20	20.0538331	20	20.0014732	
19.94901	20	20.0538331	20	20.0014732	
19.95914	20	20.0538331	20	20.0014732	
19.96927	20	20.0538331	20	20.0014732	
19.97943	20	20.0538331	20	20.0014732	
19.98956	20	20.0538331	20	20.0014732	
19.99976	20	20.0538331	20	20.0014732	
20.00982	20	20.0538331	20	20.0014732	
20.02034	20	20.0538331	20	20.0014732	
20.03019	20	20.0538331	20	20.0014732	
20.04031	20	20.0538331	20	20.0014732	
20.05049	20	20.0538331	20	20.0014732	
20.06055	20	20.0538331	20	20.0014732	
20.07071	20	20.0538331	20	20.0014732	
20.08084	20	20.0538331	20	20.0014732	
20.091	20	20.0538331	20	20.0014732	
20.10114	20	20.0538331	20	20.0014732	
20.11123	20	20.0538331	20	20.0014732	
20.12151	20	20.0538331	20	20.0014732	
20.13159	20	20.0538331	20	20.0014732	
20.14176	20	20.0538331	20	20.0014732	
20.15187	20	20.0538331	20	20.0014732	
20.16213	20	20.0538331	20	20.0014732	
20.17211	20	20.0538331	20	20.0014732	
20.18224	20	20.0538331	20	20.0014732	
20.19235	20	20.0538331	20	20.0014732	
20.20251	20	20.0538331	20	20.0014732	
20.2126	20	20.0538331	20	20.0014732	
20.22289	20	20.0538331	20	20.0014732	
20.23298	20	20.0538331	20	20.0014732	
20.2431	20	20.0538331	20	20.0014732	
20.25318	20	20.0538331	20	20.0014732	
20.26347	20	20.0538331	20	20.0014732	
20.27343	20	20.0538331	20	20.0014732	
20.28354	20	20.0538331	20	20.0014732	
20.29367	20	20.0538331	20	20.0014732	
20.30384	20	20.0538331	20	20.0014732	
20.31395	20	20.0538331	20	20.0014732	
20.32422	20	20.0538331	20	20.0014732	
20.33432	20	20.0538331	20	20.0014732	
20.34437	20	20.0538331	20	20.0014732	
20.35466	20	20.0538331	20	20.0014732	
20.36501	20	20.0538331	20	20.0014732	
20.37478	20	20.0538331	20	20.0014732	
20.38492	20	20.0538331	20	20.0014732	
20.39503	20	20.0538331	20	20.0014732	
20.40512	20	20.0538331	20	20.0014732	
20.41529	20	20.0538331	20	20.0014732	
20.42552	20	20.0538331	20	20.0014732	
20.43566	20	20.0538331	20	20.0014732	
20.4535	20	20.0538331	20	20.0014732	
20.45782	20	20.0538331	20	20.0014732	
20.46803	20	20.0538331	20	20.0014732	
20.47814	20	20.0538331	20	20.0014732	
20.48829	20	20.0538331	20	20.0014732	
20.4985	20	20.0538331	20	20.0014732	
20.50852	20	20.0538331	20	20.0014732	
20.52818	20	20.0538331	20	20.0014732	
20.5326	20	20.0538331	20	20.0014732	
20.54274	20	20.0538331	20	20.0014732	
20.5528	20	20.0538331	20	20.0014732	
20.56333	20	20.0538331	20	20.0014732	
20.57311	20	20.0538331	20	20.0014732	
20.58321	20	20.0538331	20	20.0014732	
20.59336	20	20.0538331	20	20.0014732	
20.60346	20	20.0538331	20	20.0014732	
20.61363	20	20.0538331	20	20.0014732	
20.62487	20	20.0538331	20	20.0014732	
20.63501	20	20.0538331	20	20.0014732	
20.64515	20	20.0538331	20	20.0014732	
20.65525	20	20.0538331	20	20.0014732	
20.66541	20	20.0538331	20	20.0014732	
20.67557	20	20.0538331	20	20.0014732	
20.69353	20	20.0538331	20	20.0014732	
20.69785	20	20.0538331	20	20.0014732	
20.70801	20	20.0538331	20	20.0014732	
20.7182	20	20.0538331	20	20.0014732	
20.72867	20	20.0538331	20	20.0014732	
20.73858	20	20.0538331	20	20.0014732	
20.74861	20	20.0538331	20	20.0014732	
20.75873	20	20.0538331	20	20.0014732	
20.76891	20	20.0538331	20	20.0014732	
20.77908	20	20.0538331	20	20.0014732	
20.78918	20	20.0538331	20	20.0014732	
20.7993	20	20.0538331	20	20.0014732	
20.80941	20	20.0538331	20	20.0014732	
20.81962	20	20.0538331	20	20.0014732	
20.83	20	20.0538331	20	20.0014732	
20.83991	20	20.0538331	20	20.0014732	
20.85004	20	20.0538331	20	20.0014732	
20.86016	20	20.0538331	20	20.0014732	
20.87027	20	20.0538331	20	20.0014732	
20.88045	20	20.0538331	20	20.0014732	
20.89062	20	20.0538331	20	20.0014732	
20.90071	20	20.0538331	20	20.0014732	
20.91084	20	20.0538331	20	20.0014732	
20.92103	20	20.0538331	20	20.0014732	
20.93127	20	20.0538331	20	20.0014732	
20.94133	20	20.0538331	20	20.0014732	
20.9514	20	20.0538331	20	20.0014732	
20.96158	20	20.0538331	20	20.0014732	
20.97167	20	20.0538331	20	20.0014732	
20.98188	20	20.0538331	20	20.0014732	
20.992	20	20.0538331	20	20.0014732	
21.00213	20	20.0538331	20	20.0014732	
21.01225	20	20.0538331	20	20.0014732	
21.02233	20	20.0538331	20	20.0014732	
21.03285	20	20.0538331	20	20.0014732	
21.04298	20	20.0538331	20	20.0014732	
21.05307	20	20.0538331	20	20.0014732	
21.06318	20	20.0538331	20	20.0014732	
21.07357	20	20.0538331	20	20.0014732	
21.08351	20	20.0538331	20	20.0014732	
21.09358	20	20.0538331	20	20.0014732	
21.10369	20	20.0538331	20	20.0014732	
21.11382	20	20.0538331	20	20.0014732	
21.12403	20	20.0538331	20	20.0014732	
21.13461	20	20.0538331	20	20.0014732	
21.14434	20	20.0538331	20	20.0014732	
21.15453	20	20.0538331	20	20.0014732	
21.16455	20	20.0538331	20	20.0014732	
21.17503	20	20.0538331	20	20.0014732	
21.1848	20	20.0538331	20	20.0014732	
21.19489	20	20.0538331	20	20.0014732	
21.20507	20	20.0538331	20	20.0014732	
21.21515	20	20.0538331	20	20.0014732	
21.22538	20	20.0538331	20	20.0014732	
21.2358	20	20.0538331	20	20.0014732	
21.25354	20	20.0538331	20	20.0014732	
21.25791	20	20.0538331	20	20.0014732	
21.26803	20	20.0538331	20	20.0014732	
21.2782	20	20.0538331	20	20.0014732	
21.28832	20	20.0538331	20	20.0014732	
21.29855	20	20.0538331	20	20.0014732	
21.30859	20	20.0538331	20	20.0014732	
21.31869	20	20.0538331	20	20.0014732	
21.32934	20	20.0538331	20	20.0014732	
21.33911	20	20.0538331	20	20.0014732	
21.34914	20	20.0538331	20	20.0014732	
21.35931	20	20.0538331	20	20.0014732	
21.36942	20	20.0538331	20	20.0014732	
21.37959	20	20.0538331	20	20.0014732	
21.38972	20	20.0538331	20	20.0014732	
21.39984	20	20.0538331	20	20.0014732	
21.40999	20	20.0538331	20	20.0014732	
21.4201	20	20.0538331	20	20.0014732	
21.43057	20	20.0538331	20	20.0014732	
21.44049	20	20.0538331	20	20.0014732	
21.45059	20	20.0538331	20	20.0014732	
21.46072	20	20.0538331	20	20.0014732	
21.47081	20	20.0538331	20	20.0014732	
21.48103	20	20.0538331	20	20.0014732	
21.49114	20	20.0538331	20	20.0014732	
21.50127	20	20.0538331	20	20.0014732	
21.5114	20	20.0538331	20	20.0014732	
21.5221	20	20.0538331	20	20.0014732	
21.53317	20	20.0538331	20	20.0014732	
21.54213	20	20.0538331	20	20.0014732	
21.55218	20	20.0538331	20	20.0014732	
21.56238	20	20.0538331	20	20.0014732	
21.57244	20	20.0538331	20	20.0014732	
21.58261	20	20.0538331	20	20.0014732	
21.59273	20	20.0538331	20	20.0014732	
21.60292	20	20.0538331	20	20.0014732	
21.613	20	20.0538331	20	20.0014732	
21.62343	20	20.0538331	20	20.0014732	
21.63439	20	20.0538331	20	20.0014732	
21.64341	20	20.0538331	20	20.0014732	
21.65352	20	20.0538331	20	20.0014732	
21.66364	20	20.0538331	20	20.0014732	
21.67467	20	20.0538331	20	20.0014732	
21.68399	20	20.0538331	20	20.0014732	
21.69406	20	20.0538331	20	20.0014732	
21.71211	20	20.0538331	20	20.0014732	
21.71649	20	20.0538331	20	20.0014732	
21.72661	20	20.0538331	20	20.0014732	
21.73722	20	20.0538331	20	20.0014732	
21.74692	20	20.0538331	20	20.0014732	
21.75709	20	20.0538331	20	20.0014732	
21.76721	20	20.0538331	20	20.0014732	
21.77733	20	20.0538331	20	20.0014732	
21.7875	20	20.0538331	20	20.0014732	
21.79761	20	20.0538331	20	20.0014732	
21.80775	20	20.0538331	20	20.0014732	
21.81794	20	20.0538331	20	20.0014732	
21.82808	20	20.0538331	20	20.0014732	
21.83847	20	20.0538331	20	20.0014732	
21.84841	20	20.0538331	20	20.0014732	
21.85859	20	20.0538331	20	20.0014732	
21.86866	20	20.0538331	20	20.0014732	
21.87876	20	20.0538331	20	20.0014732	
21.88893	20	20.0538331	20	20.0014732	
21.89907	20	20.0538331	20	20.0014732	
21.90919	20	20.0538331	20	20.0014732	
21.91932	20	20.0538331	20	20.0014732	
21.92944	20	20.0538331	20	20.0014732	
21.94942	20	20.0538331	20	20.0014732	
21.95382	20	20.0538331	20	20.0014732	
21.964	20	20.0538331	20	20.0014732	
21.97406	20	20.0538331	20	20.0014732	
21.99252	20	20.0538331	20	20.0014732	
21.99689	20	20.0538331	20	20.0014732	
22.00703	20	20.0538331	20	20.0014732	
22.01723	20	20.0538331	20	20.0014732	
22.02748	20	20.0538331	20	20.0014732	
22.03855	20	20.0538331	20	20.0014732	
22.04785	20	20.0538331	20	20.0014732	
22.05779	20	20.0538331	20	20.0014732	
22.06799	20	20.0538331	20	20.0014732	
22.07804	20	20.0538331	20	20.0014732	
22.08822	20	20.0538331	20	20.0014732	
22.09861	20	20.0538331	20	20.0014732	
22.10866	20	20.0538331	20	20.0014732	
22.11878	20	20.0538331	20	20.0014732	
22.1289	20	20.0538331	20	20.0014732	
22.13977	20	20.0538331	20	20.0014732	
22.14925	20	20.0538331	20	20.0014732	
22.15936	20	20.0538331	20	20.0014732	
22.16949	20	20.0538331	20	20.0014732	
22.1796	20	20.0538331	20	20.0014732	
22.18978	20	20.0538331	20	20.0014732	
22.19986	20	20.0538331	20	20.0014732	
22.21002	20	20.0538331	20	20.0014732	
22.22018	20	20.0538331	20	20.0014732	
22.23028	20	20.0538331	20	20.0014732	
22.24107	20	20.0538331	20	20.0014732	
22.25072	20	20.0538331	20	20.0014732	
22.26075	20	20.0538331	20	20.0014732	
22.27086	20	20.0538331	20	20.0014732	
22.28096	20	20.0538331	20	20.0014732	
22.29115	20	20.0538331	20	20.0014732	
22.30125	20	20.0538331	20	20.0014732	
22.31145	20	20.0538331	20	20.0014732	
22.32164	20	20.0538331	20	20.0014732	
22.33205	20	20.0538331	20	20.0014732	
22.34237	20	20.0538331	20	20.0014732	
22.35207	20	20.0538331	20	20.0014732	
22.36222	20	20.0538331	20	20.0014732	
22.37233	20	20.0538331	20	20.0014732	
22.38244	20	20.0538331	20	20.0014732	
22.39254	20	20.0538331	20	20.0014732	
22.40275	20	20.0538331	20	20.0014732	
22.41325	20	20.0538331	20	20.0014732	
22.42334	20	20.0538331	20	20.0014732	
22.43348	20	20.0538331	20	20.0014732	
22.44471	20	20.0538331	20	20.0014732	
22.45372	20	20.0538331	20	20.0014732	
22.46381	20	20.0538331	20	20.0014732	
22.47402	20	20.0538331	20	20.0014732	
22.48428	20	20.0538331	20	20.0014732	
22.49476	20	20.0538331	20	20.0014732	
22.50442	20	20.0538331	20	20.0014732	
22.51465	20	20.0538331	20	20.0014732	
22.52471	20	20.0538331	20	20.0014732	
22.53495	20	20.0538331	20	20.0014732	
22.54617	20	20.0538331	20	20.0014732	
22.56326	20	20.0538331	20	20.0014732	
22.56763	20	20.0538331	20	20.0014732	
22.57782	20	20.0538331	20	20.0014732	
22.58796	20	20.0538331	20	20.0014732	
22.59809	20	20.0538331	20	20.0014732	
22.60822	20	20.0538331	20	20.0014732	
22.6184	20	20.0538331	20	20.0014732	
22.6285	20	20.0538331	20	20.0014732	
22.6386	20	20.0538331	20	20.0014732	
22.65803	20	20.0538331	20	20.0014732	
22.66243	20	20.0538331	20	20.0014732	
22.67324	20	20.0538331	20	20.0014732	
22.68273	20	20.0538331	20	20.0014732	
22.69282	20	20.0538331	20	20.0014732	
22.70296	20	20.0538331	20	20.0014732	
22.71311	20	20.0538331	20	20.0014732	
22.72341	20	20.0538331	20	20.0014732	
22.73331	20	20.0538331	20	20.0014732	
22.74357	20	20.0538331	20	20.0014732	
22.75364	20	20.0538331	20	20.0014732	
22.7638	20	20.0538331	20	20.0014732	
22.77391	20	20.0538331	20	20.0014732	
22.784	20	20.0538331	20	20.0014732	
22.79457	20	20.0538331	20	20.0014732	
22.80434	20	20.0538331	20	20.0014732	
22.81443	20	20.0538331	20	20.0014732	
22.82457	20	20.0538331	20	20.0014732	
22.83471	20	20.0538331	20	20.0014732	
22.84503	20	20.0538331	20	20.0014732	
22.855	20	20.0538331	20	20.0014732	
22.86521	20	20.0538331	20	20.0014732	
22.87527	20	20.0538331	20	20.0014732	
22.88536	20	20.0538331	20	20.0014732	
22.89553	20	20.0538331	20	20.0014732	
22.90572	20	20.0538331	20	20.0014732	
22.91584	20	20.0538331	20	20.0014732	
22.92597	20	20.0538331	20	20.0014732	
22.9361	20	20.0538331	20	20.0014732	
22.94626	20	20.0538331	20	20.0014732	
22.95649	20	20.0538331	20	20.0014732	
22.96659	20	20.0538331	20	20.0014732	
22.97674	20	20.0538331	20	20.0014732	
22.98687	20	20.0538331	20	20.0014732	
22.99702	20	20.0538331	20	20.0014732	
23.00715	20	20.0538331	20	20.0014732	
23.01733	20	20.0538331	20	20.0014732	
23.0274	20	20.0538331	20	20.0014732	
23.04751	20	20.0538331	20	20.0014732	
23.05232	20	20.0538331	20	20.0014732	
23.06213	20	20.0538331	20	20.0014732	
23.07215	20	20.0538331	20	20.0014732	
23.0823	20	20.0538331	20	20.0014732	
23.0924	20	20.0538331	20	20.0014732	
23.10257	20	20.0538331	20	20.0014732	
23.11266	20	20.0538331	20	20.0014732	
23.1229	20	20.0538331	20	20.0014732	
23.13295	20	20.0538331	20	20.0014732	
23.14336	20	20.0538331	20	20.0014732	
23.15375	20	20.0538331	20	20.0014732	
23.16337	20	20.0538331	20	20.0014732	
23.17347	20	20.0538331	20	20.0014732	
23.18358	20	20.0538331	20	20.0014732	
23.19371	20	20.0538331	20	20.0014732	
23.20385	20	20.0538331	20	20.0014732	
23.21397	20	20.0538331	20	20.0014732	
23.22425	20	20.0538331	20	20.0014732	
23.24222	20	20.0538331	20	20.0014732	
23.24654	20	20.0538331	20	20.0014732	
23.25771	20	20.0538331	20	20.0014732	
23.26787	20	20.0538331	20	20.0014732	
23.27797	20	20.0538331	20	20.0014732	
23.28813	20	20.0538331	20	20.0014732	
23.29821	20	20.0538331	20	20.0014732	
23.3084	20	20.0538331	20	20.0014732	
23.31851	20	20.0538331	20	20.0014732	
23.32866	20	20.0538331	20	20.0014732	
23.33883	20	20.0538331	20	20.0014732	
23.3489	20	20.0538331	20	20.0014732	
23.35913	20	20.0538331	20	20.0014732	
23.36935	20	20.0538331	20	20.0014732	
23.37946	20	20.0538331	20	20.0014732	
23.38957	20	20.0538331	20	20.0014732	
23.39966	20	20.0538331	20	20.0014732	
23.40984	20	20.0538331	20	20.0014732	
23.41998	20	20.0538331	20	20.0014732	
23.43009	20	20.0538331	20	20.0014732	
23.44026	20	20.0538331	20	20.0014732	
23.45034	20	20.0538331	20	20.0014732	
23.46057	20	20.0538331	20	20.0014732	
23.47068	20	20.0538331	20	20.0014732	
23.48084	20	20.0538331	20	20.0014732	
23.491	20	20.0538331	20	20.0014732	
23.50105	20	20.0538331	20	20.0014732	
23.51121	20	20.0538331	20	20.0014732	
23.52192	20	20.0538331	20	20.0014732	
23.53153	20	20.0538331	20	20.0014732	
23.54166	20	20.0538331	20	20.0014732	
23.55215	20	20.0538331	20	20.0014732	
23.56198	20	20.0538331	20	20.0014732	
23.5722	20	20.0538331	20	20.0014732	
23.58227	20	20.0538331	20	20.0014732	
23.59238	20	20.0538331	20	20.0014732	
23.60249	20	20.0538331	20	20.0014732	
23.61266	20	20.0538331	20	20.0014732	
23.62276	20	20.0538331	20	20.0014732	
23.6329	20	20.0538331	20	20.0014732	
23.64307	20	20.0538331	20	20.0014732	
23.65344	20	20.0538331	20	20.0014732	
23.66334	20	20.0538331	20	20.0014732	
23.67421	20	20.0538331	20	20.0014732	
23.68361	20	20.0538331	20	20.0014732	
23.69371	20	20.0538331	20	20.0014732	
23.70384	20	20.0538331	20	20.0014732	
23.71401	20	20.0538331	20	20.0014732	
23.72444	20	20.0538331	20	20.0014732	
23.73434	20	20.0538331	20	20.0014732	
23.7444	20	20.0538331	20	20.0014732	
23.75502	20	20.0538331	20	20.0014732	
23.76472	20	20.0538331	20	20.0014732	
23.77487	20	20.0538331	20	20.0014732	
23.785	20	20.0538331	20	20.0014732	
23.79509	20	20.0538331	20	20.0014732	
23.80525	20	20.0538331	20	20.0014732	
23.81537	20	20.0538331	20	20.0014732	
23.82551	20	20.0538331	20	20.0014732	
23.83568	20	20.0538331	20	20.0014732	
23.84576	20	20.0538331	20	20.0014732	
23.85622	20	20.0538331	20	20.0014732	
23.86636	20	20.0538331	20	20.0014732	
23.87651	20	20.0538331	20	20.0014732	
23.8946	20	20.0538331	20	20.0014732	
23.89898	20	20.0538331	20	20.0014732	
23.90911	20	20.0538331	20	20.0014732	
23.91923	20	20.0538331	20	20.0014732	
23.9294	20	20.0538331	20	20.0014732	
23.93951	20	20.0538331	20	20.0014732	
23.94962	20	20.0538331	20	20.0014732	
23.95978	20	20.0538331	20	20.0014732	
23.97009	20	20.0538331	20	20.0014732	
23.98013	20	20.0538331	20	20.0014732	
23.99022	20	20.0538331	20	20.0014732	
24.00033	20	20.0538331	20	20.0014732	
24.01049	20	20.0538331	20	20.0014732	
24.02061	20	20.0538331	20	20.0014732	
24.03072	20	20.0538331	20	20.0014732	
24.04085	20	20.0538331	20	20.0014732	
24.05101	20	20.0538331	20	20.0014732	
24.06115	20	20.0538331	20	20.0014732	
24.07135	20	20.0538331	20	20.0014732	
24.08152	20	20.0538331	20	20.0014732	
24.09184	20	20.0538331	20	20.0014732	
24.10194	20	20.0538331	20	20.0014732	
24.11224	20	20.0538331	20	20.0014732	
24.12221	20	20.0538331	20	20.0014732	
24.13235	20	20.0538331	20	20.0014732	
24.14247	20	20.0538331	20	20.0014732	
24.15253	20	20.0538331	20	20.0014732	
24.16274	20	20.0538331	20	20.0014732	
24.17293	20	20.0538331	20	20.0014732	
24.18301	20	20.0538331	20	20.0014732	
24.19313	20	20.0538331	20	20.0014732	
24.20322	20	20.0538331	20	20.0014732	
24.2136	20	20.0538331	20	20.0014732	
24.22362	20	20.0538331	20	20.0014732	
24.23366	20	20.0538331	20	20.0014732	
24.24378	20	20.0538331	20	20.0014732	
24.25388	20	20.0538331	20	20.0014732	
24.26402	20	20.0538331	20	20.0014732	
24.27431	20	20.0538331	20	20.0014732	
24.2863	20	20.0538331	20	20.0014732	
24.29445	20	20.0538331	20	20.0014732	
24.30462	20	20.0538331	20	20.0014732	
24.31507	20	20.0538331	20	20.0014732	
24.32483	20	20.0538331	20	20.0014732	
24.33495	20	20.0538331	20	20.0014732	
24.34504	20	20.0538331	20	20.0014732	
24.3552	20	20.0538331	20	20.0014732	
24.36534	20	20.0538331	20	20.0014732	
24.37556	20	20.0538331	20	20.0014732	
24.38571	20	20.0538331	20	20.0014732	
24.39601	20	20.0538331	20	20.0014732	
24.40592	20	20.0538331	20	20.0014732	
24.41629	20	20.0538331	20	20.0014732	
24.42642	20	20.0538331	20	20.0014732	
24.43653	20	20.0538331	20	20.0014732	
24.44665	20	20.0538331	20	20.0014732	
24.45678	20	20.0538331	20	20.0014732	
24.46809	20	20.0538331	20	20.0014732	
24.47743	20	20.0538331	20	20.0014732	
24.48723	20	20.0538331	20	20.0014732	
24.49741	20	20.0538331	20	20.0014732	
24.5075	20	20.0538331	20	20.0014732	
24.51765	20	20.0538331	20	20.0014732	
24.53707	20	20.0538331	20	20.0014732	
24.54144	20	20.0538331	20	20.0014732	
24.55153	20	20.0538331	20	20.0014732	
24.56169	20	20.0538331	20	20.0014732	
24.57233	20	20.0538331	20	20.0014732	
24.58201	20	20.0538331	20	20.0014732	
24.5921	20	20.0538331	20	20.0014732	
24.60246	20	20.0538331	20	20.0014732	
24.61236	20	20.0538331	20	20.0014732	
24.62252	20	20.0538331	20	20.0014732	
24.63261	20	20.0538331	20	20.0014732	
24.64289	20	20.0538331	20	20.0014732	
24.65289	20	20.0538331	20	20.0014732	
24.66336	20	20.0538331	20	20.0014732	
24.67362	20	20.0538331	20	20.0014732	
24.68331	20	20.0538331	20	20.0014732	
24.6934	20	20.0538331	20	20.0014732	
24.70367	20	20.0538331	20	20.0014732	
24.71372	20	20.0538331	20	20.0014732	
24.72399	20	20.0538331	20	20.0014732	
24.73395	20	20.0538331	20	20.0014732	
24.74404	20	20.0538331	20	20.0014732	
24.7622	20	20.0538331	20	20.0014732	
24.76657	20	20.0538331	20	20.0014732	
24.77678	20	20.0538331	20	20.0014732	
24.78699	20	20.0538331	20	20.0014732	
24.79705	20	20.0538331	20	20.0014732	
24.80716	20	20.0538331	20	20.0014732	
24.81736	20	20.0538331	20	20.0014732	
24.82748	20	20.0538331	20	20.0014732	
24.8376	20	20.0538331	20	20.0014732	
24.84774	20	20.0538331	20	20.0014732	
24.85787	20	20.0538331	20	20.0014732	
24.86803	20	20.0538331	20	20.0014732	
24.87824	20	20.0538331	20	20.0014732	
24.88842	20	20.0538331	20	20.0014732	
24.89852	20	20.0538331	20	20.0014732	
24.90866	20	20.0538331	20	20.0014732	
24.91874	20	20.0538331	20	20.0014732	
24.92893	20	20.0538331	20	20.0014732	
24.9391	20	20.0538331	20	20.0014732	
24.94916	20	20.0538331	20	20.0014732	
24.95932	20	20.0538331	20	20.0014732	
24.96946	20	20.0538331	20	20.0014732	
24.97966	20	20.0538331	20	20.0014732	
24.98981	20	20.0538331	20	20.0014732	
24.9999	20	20.0538331	20	20.0014732	
25.01006	20	20.0538331	20	20.0014732	
25.02025	20	20.0538331	20	20.0014732	
25.0303	20	20.0538331	20	20.0014732	
25.04994	20	20.0538331	20	20.0014732	
25.05434	20	20.0538331	20	20.0014732	
25.06445	20	20.0538331	20	20.0014732	
25.07576	20	20.0538331	20	20.0014732	
25.08507	20	20.0538331	20	20.0014732	
25.09485	20	20.0538331	20	20.0014732	
25.10496	20	20.0538331	20	20.0014732	
25.11511	20	20.0538331	20	20.0014732	
25.12524	20	20.0538331	20	20.0014732	
25.13536	20	20.0538331	20	20.0014732	
25.14548	20	20.0538331	20	20.0014732	
25.16357	20	20.0538331	20	20.0014732	
25.16791	20	20.0538331	20	20.0014732	
25.17854	20	20.0538331	20	20.0014732	
25.18833	20	20.0538331	20	20.0014732	
25.19831	20	20.0538331	20	20.0014732	
25.20849	20	20.0538331	20	20.0014732	
25.21864	20	20.0538331	20	20.0014732	
25.22882	20	20.0538331	20	20.0014732	
25.23907	20	20.0538331	20	20.0014732	
25.24922	20	20.0538331	20	20.0014732	
25.25938	20	20.0538331	20	20.0014732	
25.26946	20	20.0538331	20	20.0014732	
25.28869	20	20.0538331	20	20.0014732	
25.29312	20	20.0538331	20	20.0014732	
25.30333	20	20.0538331	20	20.0014732	
25.31333	20	20.0538331	20	20.0014732	
25.32359	20	20.0538331	20	20.0014732	
25.33362	20	20.0538331	20	20.0014732	
25.34373	20	20.0538331	20	20.0014732	
25.35388	20	20.0538331	20	20.0014732	
25.36397	20	20.0538331	20	20.0014732	
25.37412	20	20.0538331	20	20.0014732	
25.38439	20	20.0538331	20	20.0014732	
25.39444	20	20.0538331	20	20.0014732	
25.40457	20	20.0538331	20	20.0014732	
25.41466	20	20.0538331	20	20.0014732	
25.42509	20	20.0538331	20	20.0014732	
25.43503	20	20.0538331	20	20.0014732	
25.44506	20	20.0538331	20	20.0014732	
25.45524	20	20.0538331	20	20.0014732	
25.46533	20	20.0538331	20	20.0014732	
25.4755	20	20.0538331	20	20.0014732	
25.48576	20	20.0538331	20	20.0014732	
25.49585	20	20.0538331	20	20.0014732	
25.50599	20	20.0538331	20	20.0014732	
25.51628	20	20.0538331	20	20.0014732	
25.52665	20	20.0538331	20	20.0014732	
25.53709	20	20.0538331	20	20.0014732	
25.54663	20	20.0538331	20	20.0014732	
25.55671	20	20.0538331	20	20.0014732	
25.56682	20	20.0538331	20	20.0014732	
25.57698	20	20.0538331	20	20.0014732	
25.58723	20	20.0538331	20	20.0014732	
25.59733	20	20.0538331	20	20.0014732	
25.60745	20	20.0538331	20	20.0014732	
25.6176	20	20.0538331	20	20.0014732	
25.62813	20	20.0538331	20	20.0014732	
25.63823	20	20.0538331	20	20.0014732	
25.64839	20	20.0538331	20	20.0014732	
25.65852	20	20.0538331	20	20.0014732	
25.6686	20	20.0538331	20	20.0014732	
25.67949	20	20.0538331	20	20.0014732	
25.68892	20	20.0538331	20	20.0014732	
25.69908	20	20.0538331	20	20.0014732	
25.70915	20	20.0538331	20	20.0014732	
25.71932	20	20.0538331	20	20.0014732	
25.72954	20	20.0538331	20	20.0014732	
25.73961	20	20.0538331	20	20.0014732	
25.74969	20	20.0538331	20	20.0014732	
25.75985	20	20.0538331	20	20.0014732	
25.76999	20	20.0538331	20	20.0014732	
25.7801	20	20.0538331	20	20.0014732	
25.79033	20	20.0538331	20	20.0014732	
25.80052	20	20.0538331	20	20.0014732	
25.81061	20	20.0538331	20	20.0014732	
25.82073	20	20.0538331	20	20.0014732	
25.8392	20	20.0538331	20	20.0014732	
25.84366	20	20.0538331	20	20.0014732	
25.85369	20	20.0538331	20	20.0014732	
25.86383	20	20.0538331	20	20.0014732	
25.87396	20	20.0538331	20	20.0014732	
25.88409	20	20.0538331	20	20.0014732	
25.89435	20	20.0538331	20	20.0014732	
25.90442	20	20.0538331	20	20.0014732	
25.91456	20	20.0538331	20	20.0014732	
25.92464	20	20.0538331	20	20.0014732	
25.93505	20	20.0538331	20	20.0014732	
25.9449	20	20.0538331	20	20.0014732	
25.95511	20	20.0538331	20	20.0014732	
25.96516	20	20.0538331	20	20.0014732	
25.97527	20	20.0538331	20	20.0014732	
25.98544	20	20.0538331	20	20.0014732	
26.00382	20	20.0538331	20	20.0014732	
26.00822	20	20.0538331	20	20.0014732	
26.01835	20	20.0538331	20	20.0014732	
26.02852	20	20.0538331	20	20.0014732	
26.03869	20	20.0538331	20	20.0014732	
26.04882	20	20.0538331	20	20.0014732	
26.05903	20	20.0538331	20	20.0014732	
26.06908	20	20.0538331	20	20.0014732	
26.07918	20	20.0538331	20	20.0014732	
26.08955	20	20.0538331	20	20.0014732	
26.09956	20	20.0538331	20	20.0014732	
26.10964	20	20.0538331	20	20.0014732	
26.11976	20	20.0538331	20	20.0014732	
26.12988	20	20.0538331	20	20.0014732	
26.14019	20	20.0538331	20	20.0014732	
26.15025	20	20.0538331	20	20.0014732	
26.16045	20	20.0538331	20	20.0014732	
26.17057	20	20.0538331	20	20.0014732	
26.18066	20	20.0538331	20	20.0014732	
26.19201	20	20.0538331	20	20.0014732	
26.20096	20	20.0538331	20	20.0014732	
26.21113	20	20.0538331	20	20.0014732	
26.22123	20	20.0538331	20	20.0014732	
26.23135	20	20.0538331	20	20.0014732	
26.24169	20	20.0538331	20	20.0014732	
26.25165	20	20.0538331	20	20.0014732	
26.26178	20	20.0538331	20	20.0014732	
26.2719	20	20.0538331	20	20.0014732	
26.28213	20	20.0538331	20	20.0014732	
26.30615	20	20.0538331	20	20.0014732	
