13.07497	0.00372673621	0	0.00372673621	0	
13.07967	0.00449918132	0	0.00449918132	0	
13.08991	0.00698218346	0	0.00698218346	0	
13.1001	0.0100758586	0	0.0100758586	0	
13.11033	0.0138085672	0	0.0138085672	0	
13.12049	0.0181358089	0	0.0181358089	0	
13.13069	0.0231037189	0	0.0231037189	0	
13.14089	0.0286990693	0	0.0286990693	0	
13.15115	0.0349529585	0	0.0349529585	0	
13.16132	0.0417757868	0	0.0417757868	0	
13.17152	0.0492457882	0	0.0492457882	0	
13.1819	0.0574956921	0	0.0574956921	0	
13.1919	0.0660254228	0.00872664626	0.0660254228	0.00872664626	
13.2021	0.0753613043	0.00872664626	0.0753613043	0.0174532925	
13.21235	0.0853853193	0.00872664626	0.0853853193	0.0261799388	
13.22248	0.0958847788	0.00872664626	0.0958847788	0.034906585	
13.23264	0.107054642	0.00872664626	0.107054642	0.0436332313	
13.2429	0.119005005	0.00872664626	0.119005005	0.0698131701	
13.25299	0.131274847	0.00872664626	0.131274847	0.0785398163	
13.26325	0.144445035	0.00872664626	0.144445035	0.0959931089	
13.27401	0.158949605	0.00872664626	0.158949605	0.104719755	
13.28372	0.172575641	0.00872664626	0.172575641	0.122173048	
13.29387	0.187445812	0.00872664626	0.187445812	0.13962634	
13.30401	0.202935005	0.00872664626	0.202935005	0.148352986	
13.31421	0.219137454	0.00872664626	0.219137454	0.165806279	
13.32439	0.235920864	0.00872664626	0.235920864	0.174532925	
13.33457	0.253332909	0.00872664626	0.253332909	0.191986218	
13.34479	0.271445131	0.0174532925	0.271445131	0.20943951	
13.35499	0.290138215	0.0174532925	0.290138215	0.218166156	
13.36533	0.309735596	0.0174532925	0.309735596	0.235619449	
13.37582	0.330282234	0.0261799388	0.330282234	0.253072742	
13.38557	0.349928172	0.034906585	0.349928172	0.270526034	
13.39578	0.371140549	0.0436332313	0.371140549	0.287979327	
13.40601	0.393029704	0.0610865238	0.393029704	0.305432619	
13.41631	0.415684731	0.0698131701	0.415684731	0.331612558	
13.42647	0.438678794	0.0959931089	0.438678794	0.34906585	
13.43667	0.462377571	0.113446401	0.462377571	0.366519143	
13.44681	0.486527557	0.130899694	0.486527557	0.392699082	
13.45697	0.511382243	0.157079633	0.511382243	0.41887902	
13.46776	0.538463002	0.183259571	0.538463002	0.445058959	
13.47794	0.565141798	0.20943951	0.565141798	0.471238898	
13.48755	0.589880091	0.235619449	0.589880091	0.497418837	
13.50605	0.641021876	0.296705973	0.641021876	0.549778714	
13.51061	0.653554726	0.305432619	0.653554726	0.558505361	
13.52081	0.682403758	0.340339204	0.682403758	0.593411946	
13.53106	0.712026338	0.375245789	0.712026338	0.628318531	
13.54119	0.741899277	0.401425728	0.741899277	0.654498469	
13.55138	0.772561278	0.436332313	0.772561278	0.689405055	
13.56158	0.803915048	0.471238898	0.803915048	0.72431164	
13.57177	0.835861417	0.497418837	0.835861417	0.750491578	
13.58217	0.869102226	0.532325422	0.869102226	0.785398163	
13.59216	0.901628884	0.567232007	0.901628884	0.820304748	
13.60238	0.935538243	0.602138592	0.935538243	0.846484687	
13.61387	0.97448277	0.637045177	0.97448277	0.881391272	
13.62253	1.00418171	0.671951762	1.00418171	0.916297857	
13.63263	1.03950073	0.706858347	1.03950073	0.951204442	
13.64276	1.07553353	0.750491578	1.07553353	0.986111027	
13.65289	1.11223325	0.785398163	1.11223325	1.02101761	
13.66301	1.14945912	0.820304748	1.14945912	1.0559242	
13.67313	1.18732174	0.855211333	1.18732174	1.09955743	
13.68334	1.22620774	0.890117919	1.22620774	1.13446401	
13.69356	1.26567751	0.925024504	1.26567751	1.1693706	
13.70359	1.30501025	0.959931089	1.30501025	1.21300383	
13.71372	1.34536968	1.00356432	1.34536968	1.24791042	
13.72418	1.38776457	1.0384709	1.38776457	1.29154365	
13.73399	1.42801601	1.07337749	1.42801601	1.32645023	
13.7441	1.470108	1.11701072	1.470108	1.36135682	
13.75422	1.51292446	1.15191731	1.51292446	1.40499005	
13.76438	1.55648328	1.18682389	1.55648328	1.44862328	
13.77444	1.6002702	1.23045712	1.6002702	1.49225651	
13.78462	1.64515593	1.26536371	1.64515593	1.53588974	
13.7949	1.69111492	1.30899694	1.69111492	1.57952297	
13.8049	1.736422	1.34390352	1.736422	1.6231562	
13.81504	1.78301722	1.38753676	1.78301722	1.67551608	
13.8254	1.83126483	1.42244334	1.83126483	1.71042267	
13.83527	1.87778226	1.46607657	1.87778226	1.76278254	
13.84546	1.92644554	1.5097098	1.92644554	1.81514242	
13.85552	1.97508637	1.55334303	1.97508637	1.85877565	
13.86564	2.02461357	1.59697627	2.02461357	1.90240888	
13.87576	2.07480008	1.6406095	2.07480008	1.95476876	
13.88597	2.12603589	1.68424273	2.12603589	2.00712864	
13.89615	2.17775225	1.72787596	2.17775225	2.05076187	
13.90627	2.22973476	1.77150919	2.22973476	2.10312175	
13.91635	2.28218803	1.81514242	2.28218803	2.15548163	
13.92677	2.33705627	1.85004901	2.33705627	2.19911486	
13.93657	2.3891596	1.90240888	2.3891596	2.26020138	
13.9467	2.44368193	1.95476876	2.44368193	2.30383461	
13.95683	2.49885305	1.99840199	2.49885305	2.36492114	
13.96697	2.55465167	2.05076187	2.55465167	2.41728101	
13.97711	2.61114038	2.0943951	2.61114038	2.47836754	
13.98729	2.6683673	2.14675498	2.6683673	2.53072742	
13.99752	2.72659637	2.19911486	2.72659637	2.58308729	
14.00759	2.78442636	2.24274809	2.78442636	2.64417382	
14.01767	2.84297578	2.29510797	2.84297578	2.70526034	
14.02821	2.90494981	2.35619449	2.90494981	2.76634686	
14.03804	2.96316363	2.40855437	2.96316363	2.82743339	
14.04818	3.02395604	2.46091425	3.02395604	2.87979327	
14.0583	3.08520637	2.51327412	3.08520637	2.94087979	
14.06841	3.14697813	2.565634	3.14697813	3.00196631	
14.0787	3.2105406	2.61799388	3.2105406	3.06305284	
14.08876	3.27325177	2.6790804	3.27325177	3.12413936	
14.09893	3.33730441	2.74016693	3.33730441	3.18522588	
14.10904	3.40155239	2.80125345	3.40155239	3.24631241	
14.11913	3.46630265	2.86233997	3.46630265	3.31612558	
14.12931	3.53224843	2.9234265	3.53224843	3.3772121	
14.13941	3.5982788	2.98451302	3.5982788	3.44702527	
14.14961	3.66563698	3.0368729	3.66563698	3.5081118	
14.15969	3.7327962	3.10668607	3.7327962	3.57792497	
14.1698	3.80074935	3.16777259	3.80074935	3.64773814	
14.17997	3.86972819	3.22885912	3.86972819	3.70882466	
14.19015	3.93941083	3.29867229	3.93941083	3.77863783	
14.20029	4.00940068	3.35975881	4.00940068	3.83972435	
14.21042	4.07992946	3.42084533	4.07992946	3.90953752	
14.22054	4.15105923	3.4906585	4.15105923	3.97935069	
14.23068	4.22294753	3.56047167	4.22294753	4.04916386	
14.24102	4.29802418	3.63028484	4.29802418	4.11897703	
14.25101	4.3690375	3.70009801	4.3690375	4.1887902	
14.26113	4.44238437	3.76991118	4.44238437	4.25860337	
14.27124	4.51652762	3.83972435	4.51652762	4.32841654	
14.28135	4.59123237	3.90953752	4.59123237	4.39822972	
14.29157	4.66741008	3.97935069	4.66741008	4.46804289	
14.30175	4.74394095	4.04916386	4.74394095	4.52912941	
14.31183	4.8202435	4.12770368	4.8202435	4.59894258	
14.32197	4.89760315	4.19751685	4.89760315	4.66875575	
14.3321	4.97557887	4.26733002	4.97557887	4.72984227	
14.34259	5.05705179	4.34586984	5.05705179	4.79965544	
14.36054	5.19866609	4.41568301	5.19866609	4.86946861	
14.36568	5.23910712	4.51167612	5.23910712	4.95673508	
14.37581	5.31975665	4.59021593	5.31975665	5.02654825	
14.38769	5.41525806	4.66875575	5.41525806	5.09636142	
14.3962	5.48393584	4.74729557	5.48393584	5.15744794	
14.40633	5.56640057	4.81710874	5.56640057	5.22726111	
14.41671	5.6515713	4.9043752	5.6515713	5.29707428	
14.43458	5.80045475	4.97418837	5.80045475	5.3581608	
14.43971	5.8430997	5.07890812	5.8430997	5.44542727	
14.44993	5.92905773	5.15744794	5.92905773	5.51524044	
14.46041	6.01780035	5.23598776	6.01780035	5.58505361	
14.47097	6.10784902	5.33198086	6.10784902	5.65486678	
14.4812	6.1956916	5.41052068	6.1956916	5.72467995	
14.49262	6.29465803	5.49778714	6.29465803	5.79449312	
14.5017	6.37376861	5.57632696	6.37376861	5.86430629	
14.51174	6.46182145	5.66359342	6.46182145	5.93411946	
14.52212	6.55354052	5.75085989	6.55354052	5.99520598	
14.53207	6.64205022	5.83812635	6.64205022	6.06501915	
14.5424	6.73458295	5.92539281	6.73458295	6.12610567	
14.55265	6.82705431	6.00393263	6.82705431	6.19591884	
14.57062	6.9914599	6.09992574	6.9914599	6.26573201	
14.57628	7.04317643	6.21337214	7.04317643	6.35299848	
14.58699	7.14205557	6.30936525	7.14205557	6.42281165	
14.5968	7.23307026	6.39663171	7.23307026	6.49262482	
14.60737	7.33188065	6.48389817	7.33188065	6.56243799	
14.61708	7.4231353	6.57989128	7.4231353	6.63225116	
14.62752	7.52204555	6.66715774	7.52204555	6.69333768	
14.63744	7.61656927	6.76315085	7.61656927	6.76315085	
14.64806	7.71842218	6.85041731	7.71842218	6.83296402	
14.65777	7.81217252	6.94641042	7.81217252	6.89405055	
14.66822	7.91364368	7.04240353	7.91364368	6.96386372	
14.67828	8.01190215	7.13839664	8.01190215	7.02495024	
14.69702	8.1977376	7.2256631	8.1977376	7.09476341	
14.70215	8.24840838	7.36528944	8.24840838	7.19075652	
14.72035	8.43134012	7.4700092	8.43134012	7.25184304	
14.72552	8.48325159	7.59218225	8.48325159	7.3391095	
14.73563	8.58549761	7.68817536	8.58549761	7.40892267	
14.74605	8.69157129	7.78416846	8.69157129	7.4700092	
14.75638	8.79738693	7.88888822	8.79738693	7.53982237	
14.7662	8.89850162	7.98488133	8.89850162	7.60963554	
14.7766	9.00627741	8.08960108	9.00627741	7.67944871	
14.78703	9.11507033	8.18559419	9.11507033	7.74053523	
14.79774	9.22745916	8.29904059	9.22745916	7.81907505	
14.81553	9.41626078	8.48230016	9.41626078	7.93252145	
14.82064	9.47053839	8.53466004	9.47053839	7.96742804	
14.8308	9.57912394	8.6393798	9.57912394	8.03724121	
14.84125	9.69149488	8.74409955	9.69149488	8.09832773	
14.85115	9.79847016	8.84881931	9.79847016	8.1681409	
14.8615	9.91102058	8.94481242	9.91102058	8.23795407	
14.87144	10.0196611	9.05825882	10.0196611	8.30776724	
14.88183	10.131979	9.16297857	10.131979	8.36885376	
14.90316	10.3591134	9.38114473	10.3591134	8.51720675	
14.90838	10.4146704	9.44223125	10.4146704	8.54338669	
14.91858	10.5227622	9.54695101	10.5227622	8.61319986	
14.92903	10.6327803	9.65167076	10.6327803	8.67428638	
14.93887	10.7357771	9.76511716	10.7357771	8.74409955	
14.94908	10.8420581	9.86983692	10.8420581	8.81391272	
14.95951	10.9500261	9.98328332	10.9500261	8.87499925	
14.96937	11.0514836	10.0880031	11.0514836	8.94481242	
14.97954	11.1553844	10.1927228	11.1553844	9.00589894	
14.98995	11.2613005	10.2974426	11.2613005	9.07571211	
15.00034	11.3662406	10.410889	11.3662406	9.14552528	
15.0104	11.4672252	10.5243354	11.4672252	9.21533845	
15.02051	11.5682023	10.6290551	11.5682023	9.28515162	
15.03102	11.6724737	10.7425015	11.6724737	9.34623814	
15.04082	11.7691512	10.8559479	11.7691512	9.41605131	
15.05117	11.8705904	10.9606677	11.8705904	9.48586448	
15.06151	11.9712672	11.0653875	11.9712672	9.55567765	
15.07132	12.0662739	11.1788339	12.0662739	9.61676418	
15.0819	12.1680655	11.2835536	12.1680655	9.68657735	
15.09975	12.3374772	11.397	12.3374772	9.75639052	
15.10534	12.3904488	11.5366264	12.3904488	9.84365698	
15.11523	12.4836744	11.6413461	12.4836744	9.91347015	
15.12559	12.5806198	11.7547925	12.5806198	9.98328332	
15.13532	12.6711251	11.8595123	12.6711251	10.0530965	
15.14577	12.7676391	11.964232	12.7676391	10.114183	
15.15564	12.8583063	12.0776784	12.8583063	10.1839962	
15.16619	12.9545068	12.1823982	12.9545068	10.2450827	
15.17596	13.0429709	12.2871179	13.0429709	10.3148959	
15.18637	13.1366964	12.4005643	13.1366964	10.384709	
15.20535	13.3048708	12.5052841	13.3048708	10.4457956	
15.21073	13.3525259	12.6536371	13.3525259	10.5417887	
15.22068	13.4399933	12.7583568	13.4399933	10.6028752	
15.23106	13.530651	12.8630766	13.530651	10.6726884	
15.24126	13.6190646	12.9677963	13.6190646	10.7337749	
15.25927	13.7729681	13.0725161	13.7729681	10.8035881	
15.26443	13.8170249	13.2034158	13.8170249	10.8908545	
15.27469	13.9040406	13.3081355	13.9040406	10.9519411	
15.28481	13.9891658	13.4041287	13.9891658	11.0217542	
15.30332	14.1424582	13.5088484	14.1424582	11.0828408	
15.30925	14.1915512	13.6484748	14.1915512	11.1701072	
15.31934	14.2743271	13.7444679	14.2743271	11.2399204	
15.3294	14.3563471	13.840461	14.3563471	11.3097336	
15.33985	14.4409017	13.9364541	14.4409017	11.3708201	
15.35788	14.5843035	14.0324472	14.5843035	11.4406332	
15.36303	14.6253397	14.1546202	14.6253397	11.5191731	
15.37322	14.7057447	14.2418867	14.7057447	11.5889862	
15.3836	14.7870354	14.3378798	14.7870354	11.6500728	
15.39346	14.8636483	14.4251463	14.8636483	11.7111593	
15.41269	15.0103957	14.5909525	15.0103957	11.8333323	
15.41789	15.0500932	14.6345858	15.0500932	11.8682389	
15.4281	15.1273141	14.7218522	15.1273141	11.9293254	
15.43846	15.2050227	14.8091187	15.2050227	11.990412	
15.4565	15.3380695	14.8876585	15.3380695	12.0602251	
15.46169	15.3763466	15.0011049	15.3763466	12.1387649	
15.47245	15.4549022	15.0883714	15.4549022	12.2085781	
15.48273	15.5293573	15.1669112	15.5293573	12.2696646	
15.4927	15.6009604	15.245451	15.6009604	12.3307512	
15.50339	15.6770794	15.3239908	15.6770794	12.3918377	
15.51329	15.7469836	15.4112573	15.7469836	12.4616509	
15.5238	15.8205306	15.4897971	15.8205306	12.5227374	
15.5339	15.8905836	15.5683369	15.8905836	12.5838239	
15.5439	15.9609646	15.6381501	15.9609646	12.6449104	
15.5539	16.0275968	15.7079633	16.0275968	12.705997	
15.56406	16.0963086	15.7865031	16.0963086	12.7670835	
15.57424	16.1645227	15.8650429	16.1645227	12.82817	
15.58436	16.2317383	15.9348561	16.2317383	12.8979832	
15.59447	16.2983036	16.0046692	16.2983036	12.950343	
15.60588	16.3725863	16.0744824	16.3725863	13.0201562	
15.61487	16.4307076	16.1442956	16.4307076	13.0812427	
15.62507	16.4959751	16.2141088	16.4959751	13.1423293	
15.63519	16.5601164	16.2839219	16.5601164	13.2034158	
15.65349	16.6738095	16.3537351	16.6738095	13.2645023	
15.65872	16.7062676	16.4410016	16.7062676	13.3430421	
15.66894	16.7690191	16.5020881	16.7690191	13.4041287	
15.67947	16.8330836	16.5719012	16.8330836	13.4739418	
15.68923	16.8918144	16.6417144	16.8918144	13.5350283	
15.69973	16.9544312	16.7028009	16.9544312	13.5961149	
15.70967	17.0131267	16.7638875	17.0131267	13.6484748	
15.71974	17.0719132	16.824974	17.0719132	13.7182879	
15.73023	17.1325622	16.8947872	17.1325622	13.7793744	
15.74003	17.1886828	16.9558737	17.1886828	13.840461	
15.7505	17.2479556	17.0169602	17.2479556	13.9015475	
15.7605	17.303938	17.0780467	17.303938	13.962634	
15.77057	17.3598186	17.1391333	17.3598186	14.0324472	
15.7807	17.415312	17.1914931	17.415312	14.0848071	
15.79086	17.4704754	17.2525797	17.4704754	14.1546202	
15.80103	17.5250254	17.3136662	17.5250254	14.2069801	
15.81124	17.5791605	17.3660261	17.5791605	14.2767933	
15.82137	17.6323176	17.4271126	17.6323176	14.3378798	
15.83195	17.6871067	17.4881991	17.6871067	14.3989663	
15.84167	17.7369252	17.540559	17.7369252	14.4600529	
15.85186	17.7885748	17.5929189	17.7885748	14.5211394	
15.86234	17.8410194	17.6452787	17.8410194	14.5909525	
15.87218	17.8897071	17.6976386	17.8897071	14.6520391	
15.88262	17.9406766	17.7587251	17.9406766	14.7131256	
15.89246	17.9881891	17.811085	17.9881891	14.7654855	
15.90287	18.0378012	17.8634449	18.0378012	14.8352986	
15.91316	18.0862566	17.9158048	18.0862566	14.8963852	
15.92294	18.1317108	17.9768913	18.1317108	14.9574717	
15.93309	18.1782761	18.0205245	18.1782761	15.0185582	
15.94325	18.2243098	18.0728844	18.2243098	15.0796447	
15.9534	18.2696732	18.1252443	18.2696732	15.1407313	
15.96385	18.3157689	18.1776042	18.3157689	15.2018178	
15.97384	18.3592486	18.2212374	18.3592486	15.2629043	
15.98419	18.403649	18.2735973	18.403649	15.3239908	
15.99416	18.4458369	18.3259571	18.4458369	15.393804	
16.00415	18.4875425	18.3695904	18.4875425	15.4548905	
16.01464	18.5306651	18.4219503	18.5306651	15.5159771	
16.02458	18.5709816	18.4655835	18.5709816	15.5770636	
16.03462	18.6111005	18.5092167	18.6111005	15.6381501	
16.04476	18.6510319	18.5528499	18.6510319	15.7079633	
16.06303	18.7205606	18.5964832	18.7205606	15.7603231	
16.06829	18.740592	18.6575697	18.740592	15.8475896	
16.07863	18.7792829	18.7012029	18.7792829	15.9086761	
16.08855	18.8158027	18.7448362	18.8158027	15.9697627	
16.09869	18.8525286	18.7884694	18.8525286	16.0308492	
16.10915	18.8898242	18.8321026	18.8898242	16.0919357	
16.1191	18.9246599	18.8757359	18.9246599	16.1530222	
16.12918	18.9593924	18.9193691	18.9593924	16.2141088	
16.13936	18.9938622	18.9542757	18.9938622	16.2839219	
16.14983	19.028725	18.9891823	19.028725	16.3450084	
16.15971	19.060996	19.0328155	19.060996	16.406095	
16.16988	19.0936402	19.0677221	19.0936402	16.4759081	
16.18036	19.1266314	19.1026287	19.1266314	16.5369947	
16.19023	19.1571714	19.1462619	19.1571714	16.5980812	
16.20064	19.1887269	19.1811685	19.1887269	16.6591677	
16.21163	19.2213161	19.2160751	19.2213161	16.7202542	
16.22072	19.2478546	19.2509816	19.2478546	16.7900674	
16.23088	19.2769038	19.2858882	19.2769038	16.8511539	
16.24961	19.3279438	19.3120682	19.3279438	16.9122405	
16.25481	19.3421367	19.3557014	19.3421367	16.9995069	
16.26497	19.3691853	19.390608	19.3691853	17.0605934	
16.28319	19.4154327	19.4167879	19.4154327	17.12168	
16.28839	19.4285551	19.4604212	19.4285551	17.2089464	
16.29861	19.4537998	19.4866011	19.4537998	17.2700329	
16.30876	19.4782594	19.5215077	19.4782594	17.3311195	
16.31932	19.5030847	19.5476876	19.5030847	17.4009326	
16.32914	19.5256091	19.5825942	19.5256091	17.4620192	
16.33926	19.5482557	19.6087741	19.5482557	17.5231057	
16.34947	19.5705025	19.6349541	19.5705025	17.5841922	
16.35961	19.5920196	19.6524074	19.5920196	17.6452787	
16.36981	19.613075	19.687314	19.613075	17.7063653	
16.37997	19.633461	19.7047673	19.633461	17.7674518	
16.39044	19.6538503	19.7309472	19.6538503	17.837265	
16.40031	19.6725154	19.7571271	19.6725154	17.8896248	
16.42657	19.7171453	19.7745804	19.7171453	17.959438	
16.43178	19.7261319	19.8182137	19.7261319	18.0816111	
16.44194	19.742997	19.8443936	19.742997	18.1514242	
16.4521	19.7592723	19.8618469	19.7592723	18.2037841	
16.46229	19.7750327	19.8793002	19.7750327	18.2648706	
16.47335	19.7914358	19.9054801	19.7914358	18.3259571	
16.48328	19.8056504	19.9229334	19.8056504	18.3957703	
16.50153	19.8295484	19.9403867	19.8295484	18.4568568	
16.50666	19.8363021	19.9665666	19.8363021	18.5353967	
16.51828	19.8506833	19.9840199	19.8506833	18.6052098	
16.52844	19.8627289	20.0014732	19.8627289	18.6662964	
16.53886	19.8745055	20.0189265	19.8745055	18.7273829	
16.54877	19.8851927	20.0363798	19.8851927	18.7797428	
16.55914	19.8958042	20.0538331	19.8958042	18.8495559	
16.56909	19.9054554	20.0712864	19.9054554	18.9019158	
16.57954	19.9150125	20.080013	19.9150125	18.9630023	
16.5894	19.9235402	20.0887397	19.9235402	19.0240888	
16.59991	19.9320405	20.0974663	19.9320405	19.0851754	
16.60974	19.93952	20.106193	19.93952	19.1462619	
16.62031	19.9469698	20.106193	19.9469698	19.1986218	
16.63012	19.9534181	20.1149196	19.9534181	19.2597083	
16.64021	19.9595333	20.1149196	19.9595333	19.3207948	
16.65068	19.9653396	20.1236463	19.9653396	19.3731547	
16.66081	19.9704702	20.1236463	19.9704702	19.4429679	
16.67101	19.9751416	20.1236463	19.9751416	19.4953277	
16.6809	19.9792233	20.1236463	19.9792233	19.5564143	
16.6913	19.9830151	20.1236463	19.9830151	19.6175008	
16.70122	19.9862137	20.1149196	19.9862137	19.6785873	
16.71183	19.9891405	20.1149196	19.9891405	19.7396738	
16.7301	19.9925413	20.1149196	19.9925413	19.7920337	
16.73448	19.9934231	20.1149196	19.9934231	19.8705735	
16.74458	19.9950259	20.1149196	19.9950259	19.9316601	
16.75478	20	20.106193	20	19.9840199	
16.76491	20	20.106193	20	20.0363798	
16.77501	20	20.106193	20	20.0712864	
16.78512	20	20.0974663	20	20.106193	
16.7955	20	20.0887397	20	20.1323729	
16.80537	20	20.0887397	20	20.1410996	
16.81549	20	20.080013	20	20.1323729	
16.82591	20	20.0712864	20	20.1236463	
16.83578	20	20.0712864	20	20.0974663	
16.84595	20	20.0625598	20	20.0712864	
16.85611	20	20.0538331	20	20.0538331	
16.87446	20	20.0538331	20	20.0363798	
16.87876	20	20.0451065	20	20.0101999	
16.89891	20	20.0276532	20	19.9752933	
16.90333	20	20.0276532	20	19.9665666	
16.9134	20	20.0189265	20	19.95784	
16.92394	20	20.0189265	20	19.95784	
16.93407	20	20.0101999	20	19.9491134	
16.94417	20	20.0014732	20	19.95784	
16.95429	20	20.0014732	20	19.95784	
16.96438	20	20.0014732	20	19.9665666	
16.97451	20	19.9927466	20	19.9665666	
16.98469	20	19.9927466	20	19.9665666	
16.99483	20	19.9927466	20	19.9752933	
17.00492	20	19.9927466	20	19.9840199	
17.01535	20	19.9927466	20	19.9927466	
17.02516	20	19.9927466	20	20.0014732	
17.03527	20	19.9927466	20	20.0014732	
17.0454	20	19.9927466	20	20.0014732	
17.05553	20	19.9927466	20	20.0101999	
17.06566	20	19.9927466	20	20.0101999	
17.07576	20	19.9927466	20	20.0189265	
17.08594	20	19.9927466	20	20.0189265	
17.096	20	19.9927466	20	20.0189265	
17.11446	20	19.9927466	20	20.0189265	
17.11881	20	19.9927466	20	20.0189265	
17.12894	20	19.9927466	20	20.0189265	
17.13903	20	19.9927466	20	20.0189265	
17.14921	20	19.9927466	20	20.0189265	
17.15939	20	19.9927466	20	20.0189265	
17.16953	20	19.9927466	20	20.0189265	
17.17966	20	19.9927466	20	20.0189265	
17.18988	20	19.9927466	20	20.0189265	
17.19993	20	19.9927466	20	20.0189265	
17.21002	20	19.9927466	20	20.0189265	
17.22022	20	19.9927466	20	20.0189265	
17.23039	20	19.9927466	20	20.0189265	
17.24046	20	19.9927466	20	20.0189265	
17.25193	20	19.9927466	20	20.0189265	
17.26074	20	19.9927466	20	20.0189265	
17.27106	20	19.9927466	20	20.0189265	
17.28117	20	19.9927466	20	20.0189265	
17.29131	20	19.9927466	20	20.0189265	
17.30147	20	19.9927466	20	20.0189265	
17.31158	20	19.9927466	20	20.0189265	
17.32172	20	19.9927466	20	20.0189265	
17.33186	20	19.9927466	20	20.0189265	
17.34203	20	19.9927466	20	20.0189265	
17.35213	20	19.9927466	20	20.0189265	
17.36224	20	19.9927466	20	20.0189265	
17.37243	20	19.9927466	20	20.0189265	
17.38254	20	19.9927466	20	20.0189265	
17.39263	20	19.9927466	20	20.0189265	
17.40279	20	19.9927466	20	20.0189265	
17.41292	20	19.9927466	20	20.0189265	
17.42314	20	19.9927466	20	20.0189265	
17.43322	20	19.9927466	20	20.0189265	
17.44329	20	19.9927466	20	20.0189265	
17.45348	20	19.9927466	20	20.0189265	
17.46355	20	19.9927466	20	20.0189265	
17.47465	20	19.9927466	20	20.0189265	
17.48453	20	19.9927466	20	20.0189265	
17.49463	20	19.9927466	20	20.0189265	
17.50481	20	19.9927466	20	20.0189265	
17.51531	20	19.9927466	20	20.0189265	
17.52507	20	19.9927466	20	20.0189265	
17.53522	20	19.9927466	20	20.0189265	
17.54531	20	19.9927466	20	20.0189265	
17.55541	20	19.9927466	20	20.0189265	
17.56555	20	19.9927466	20	20.0189265	
17.57573	20	19.9927466	20	20.0189265	
17.58582	20	19.9927466	20	20.0189265	
17.59594	20	19.9927466	20	20.0189265	
17.60617	20	19.9927466	20	20.0189265	
17.61622	20	19.9927466	20	20.0189265	
17.62673	20	19.9927466	20	20.0189265	
17.63652	20	19.9927466	20	20.0189265	
17.64659	20	19.9927466	20	20.0189265	
17.6567	20	19.9927466	20	20.0189265	
17.6668	20	19.9927466	20	20.0189265	
17.67703	20	19.9927466	20	20.0189265	
17.68709	20	19.9927466	20	20.0189265	
17.69721	20	19.9927466	20	20.0189265	
17.70732	20	19.9927466	20	20.0189265	
17.71744	20	19.9927466	20	20.0189265	
17.73613	20	19.9927466	20	20.0189265	
17.74052	20	19.9927466	20	20.0189265	
17.75063	20	19.9927466	20	20.0189265	
17.76075	20	19.9927466	20	20.0189265	
17.77084	20	19.9927466	20	20.0189265	
17.78104	20	19.9927466	20	20.0189265	
17.79119	20	19.9927466	20	20.0189265	
17.80129	20	19.9927466	20	20.0189265	
17.81145	20	19.9927466	20	20.0189265	
17.82154	20	19.9927466	20	20.0189265	
17.83171	20	19.9927466	20	20.0189265	
17.8418	20	19.9927466	20	20.0189265	
17.85197	20	19.9927466	20	20.0189265	
17.86217	20	19.9927466	20	20.0189265	
17.8722	20	19.9927466	20	20.0189265	
17.88237	20	19.9927466	20	20.0189265	
17.89251	20	19.9927466	20	20.0189265	
17.90266	20	19.9927466	20	20.0189265	
17.91276	20	19.9927466	20	20.0189265	
17.92288	20	19.9927466	20	20.0189265	
17.93304	20	19.9927466	20	20.0189265	
17.94319	20	19.9927466	20	20.0189265	
17.95331	20	19.9927466	20	20.0189265	
17.96346	20	19.9927466	20	20.0189265	
17.97352	20	19.9927466	20	20.0189265	
17.98372	20	19.9927466	20	20.0189265	
17.99385	20	19.9927466	20	20.0189265	
18.00399	20	19.9927466	20	20.0189265	
18.01414	20	19.9927466	20	20.0189265	
18.02418	20	19.9927466	20	20.0189265	
18.03436	20	19.9927466	20	20.0189265	
18.04446	20	19.9927466	20	20.0189265	
18.05462	20	19.9927466	20	20.0189265	
18.06471	20	19.9927466	20	20.0189265	
18.07485	20	19.9927466	20	20.0189265	
18.08505	20	19.9927466	20	20.0189265	
18.09517	20	19.9927466	20	20.0189265	
18.10526	20	19.9927466	20	20.0189265	
18.11538	20	19.9927466	20	20.0189265	
18.12553	20	19.9927466	20	20.0189265	
18.13564	20	19.9927466	20	20.0189265	
18.14575	20	19.9927466	20	20.0189265	
18.15588	20	19.9927466	20	20.0189265	
18.16608	20	19.9927466	20	20.0189265	
18.17626	20	19.9927466	20	20.0189265	
18.18656	20	19.9927466	20	20.0189265	
18.19659	20	19.9927466	20	20.0189265	
18.2066	20	19.9927466	20	20.0189265	
18.21671	20	19.9927466	20	20.0189265	
18.22682	20	19.9927466	20	20.0189265	
18.237	20	19.9927466	20	20.0189265	
18.24711	20	19.9927466	20	20.0189265	
18.25725	20	19.9927466	20	20.0189265	
18.26739	20	19.9927466	20	20.0189265	
18.2775	20	19.9927466	20	20.0189265	
18.29621	20	19.9927466	20	20.0189265	
18.3006	20	19.9927466	20	20.0189265	
18.31072	20	19.9927466	20	20.0189265	
18.32084	20	19.9927466	20	20.0189265	
18.33094	20	19.9927466	20	20.0189265	
18.34111	20	19.9927466	20	20.0189265	
18.35132	20	19.9927466	20	20.0189265	
18.36137	20	19.9927466	20	20.0189265	
18.37152	20	19.9927466	20	20.0189265	
18.38163	20	19.9927466	20	20.0189265	
18.39179	20	19.9927466	20	20.0189265	
18.40194	20	19.9927466	20	20.0189265	
18.41206	20	19.9927466	20	20.0189265	
18.42226	20	19.9927466	20	20.0189265	
18.43234	20	19.9927466	20	20.0189265	
18.44242	20	19.9927466	20	20.0189265	
18.45273	20	19.9927466	20	20.0189265	
18.46272	20	19.9927466	20	20.0189265	
18.47344	20	19.9927466	20	20.0189265	
18.48296	20	19.9927466	20	20.0189265	
18.49308	20	19.9927466	20	20.0189265	
18.50326	20	19.9927466	20	20.0189265	
18.51338	20	19.9927466	20	20.0189265	
18.52363	20	19.9927466	20	20.0189265	
18.53379	20	19.9927466	20	20.0189265	
18.54388	20	19.9927466	20	20.0189265	
18.55401	20	19.9927466	20	20.0189265	
18.56414	20	19.9927466	20	20.0189265	
18.57432	20	19.9927466	20	20.0189265	
18.58439	20	19.9927466	20	20.0189265	
18.59452	20	19.9927466	20	20.0189265	
18.6047	20	19.9927466	20	20.0189265	
18.61484	20	19.9927466	20	20.0189265	
18.62494	20	19.9927466	20	20.0189265	
18.63504	20	19.9927466	20	20.0189265	
18.64516	20	19.9927466	20	20.0189265	
18.65534	20	19.9927466	20	20.0189265	
18.66541	20	19.9927466	20	20.0189265	
18.67554	20	19.9927466	20	20.0189265	
18.68567	20	19.9927466	20	20.0189265	
18.69578	20	19.9927466	20	20.0189265	
18.70593	20	19.9927466	20	20.0189265	
18.71605	20	19.9927466	20	20.0189265	
18.72628	20	19.9927466	20	20.0189265	
18.73634	20	19.9927466	20	20.0189265	
18.74651	20	19.9927466	20	20.0189265	
18.75661	20	19.9927466	20	20.0189265	
18.76671	20	19.9927466	20	20.0189265	
18.7768	20	19.9927466	20	20.0189265	
18.78898	20	19.9927466	20	20.0189265	
18.79906	20	19.9927466	20	20.0189265	
18.80918	20	19.9927466	20	20.0189265	
18.81928	20	19.9927466	20	20.0189265	
18.82946	20	19.9927466	20	20.0189265	
18.83955	20	19.9927466	20	20.0189265	
18.84973	20	19.9927466	20	20.0189265	
18.85986	20	19.9927466	20	20.0189265	
18.87007	20	19.9927466	20	20.0189265	
18.8801	20	19.9927466	20	20.0189265	
18.90224	20	19.9927466	20	20.0189265	
18.90655	20	19.9927466	20	20.0189265	
18.91675	20	19.9927466	20	20.0189265	
18.92683	20	19.9927466	20	20.0189265	
18.93696	20	19.9927466	20	20.0189265	
18.94709	20	19.9927466	20	20.0189265	
18.95721	20	19.9927466	20	20.0189265	
18.96737	20	19.9927466	20	20.0189265	
18.97746	20	19.9927466	20	20.0189265	
18.98765	20	19.9927466	20	20.0189265	
18.9977	20	19.9927466	20	20.0189265	
19.00788	20	19.9927466	20	20.0189265	
19.01799	20	19.9927466	20	20.0189265	
19.02814	20	19.9927466	20	20.0189265	
19.0383	20	19.9927466	20	20.0189265	
19.04843	20	19.9927466	20	20.0189265	
19.05856	20	19.9927466	20	20.0189265	
19.06874	20	19.9927466	20	20.0189265	
19.07883	20	19.9927466	20	20.0189265	
19.08899	20	19.9927466	20	20.0189265	
19.09912	20	19.9927466	20	20.0189265	
19.10922	20	19.9927466	20	20.0189265	
19.11948	20	19.9927466	20	20.0189265	
19.12953	20	19.9927466	20	20.0189265	
19.13965	20	19.9927466	20	20.0189265	
19.14982	20	19.9927466	20	20.0189265	
19.15998	20	19.9927466	20	20.0189265	
19.17006	20	19.9927466	20	20.0189265	
19.18019	20	19.9927466	20	20.0189265	
19.19038	20	19.9927466	20	20.0189265	
19.20046	20	19.9927466	20	20.0189265	
19.2106	20	19.9927466	20	20.0189265	
19.22079	20	19.9927466	20	20.0189265	
19.23101	20	19.9927466	20	20.0189265	
19.24102	20	19.9927466	20	20.0189265	
19.25113	20	19.9927466	20	20.0189265	
19.26131	20	19.9927466	20	20.0189265	
19.27154	20	19.9927466	20	20.0189265	
19.2816	20	19.9927466	20	20.0189265	
19.29176	20	19.9927466	20	20.0189265	
19.3019	20	19.9927466	20	20.0189265	
19.31203	20	19.9927466	20	20.0189265	
19.32235	20	19.9927466	20	20.0189265	
19.33229	20	19.9927466	20	20.0189265	
19.34243	20	19.9927466	20	20.0189265	
19.35257	20	19.9927466	20	20.0189265	
19.36266	20	19.9927466	20	20.0189265	
19.37284	20	19.9927466	20	20.0189265	
19.38298	20	19.9927466	20	20.0189265	
19.39307	20	19.9927466	20	20.0189265	
19.40324	20	19.9927466	20	20.0189265	
19.41337	20	19.9927466	20	20.0189265	
19.4236	20	19.9927466	20	20.0189265	
19.43369	20	19.9927466	20	20.0189265	
19.44381	20	19.9927466	20	20.0189265	
19.45402	20	19.9927466	20	20.0189265	
19.46407	20	19.9927466	20	20.0189265	
19.47493	20	19.9927466	20	20.0189265	
19.48429	20	19.9927466	20	20.0189265	
19.49443	20	19.9927466	20	20.0189265	
19.50458	20	19.9927466	20	20.0189265	
19.5147	20	19.9927466	20	20.0189265	
19.52487	20	19.9927466	20	20.0189265	
19.53494	20	19.9927466	20	20.0189265	
19.54538	20	19.9927466	20	20.0189265	
19.5552	20	19.9927466	20	20.0189265	
19.56533	20	19.9927466	20	20.0189265	
19.5755	20	19.9927466	20	20.0189265	
19.58556	20	19.9927466	20	20.0189265	
19.59571	20	19.9927466	20	20.0189265	
19.60583	20	19.9927466	20	20.0189265	
19.61596	20	19.9927466	20	20.0189265	
19.62629	20	19.9927466	20	20.0189265	
19.63638	20	19.9927466	20	20.0189265	
19.64658	20	19.9927466	20	20.0189265	
19.65663	20	19.9927466	20	20.0189265	
19.66677	20	19.9927466	20	20.0189265	
19.67691	20	19.9927466	20	20.0189265	
19.68702	20	19.9927466	20	20.0189265	
19.69714	20	19.9927466	20	20.0189265	
19.70726	20	19.9927466	20	20.0189265	
19.71744	20	19.9927466	20	20.0189265	
19.72766	20	19.9927466	20	20.0189265	
19.73777	20	19.9927466	20	20.0189265	
19.7479	20	19.9927466	20	20.0189265	
19.75811	20	19.9927466	20	20.0189265	
19.76814	20	19.9927466	20	20.0189265	
19.77832	20	19.9927466	20	20.0189265	
19.78846	20	19.9927466	20	20.0189265	
19.7986	20	19.9927466	20	20.0189265	
19.80874	20	19.9927466	20	20.0189265	
19.81884	20	19.9927466	20	20.0189265	
19.82904	20	19.9927466	20	20.0189265	
19.83912	20	19.9927466	20	20.0189265	
19.8493	20	19.9927466	20	20.0189265	
19.85942	20	19.9927466	20	20.0189265	
19.86953	20	19.9927466	20	20.0189265	
19.8797	20	19.9927466	20	20.0189265	
19.8898	20	19.9927466	20	20.0189265	
19.89998	20	19.9927466	20	20.0189265	
19.9102	20	19.9927466	20	20.0189265	
19.92021	20	19.9927466	20	20.0189265	
19.93059	20	19.9927466	20	20.0189265	
19.94051	20	19.9927466	20	20.0189265	
19.95066	20	19.9927466	20	20.0189265	
19.96078	20	19.9927466	20	20.0189265	
19.97089	20	19.9927466	20	20.0189265	
19.98108	20	19.9927466	20	20.0189265	
19.99121	20	19.9927466	20	20.0189265	
20.00132	20	19.9927466	20	20.0189265	
20.01151	20	19.9927466	20	20.0189265	
20.0216	20	19.9927466	20	20.0189265	
20.03183	20	19.9927466	20	20.0189265	
20.04185	20	19.9927466	20	20.0189265	
20.052	20	19.9927466	20	20.0189265	
20.06218	20	19.9927466	20	20.0189265	
20.07227	20	19.9927466	20	20.0189265	
20.08251	20	19.9927466	20	20.0189265	
20.09256	20	19.9927466	20	20.0189265	
20.1027	20	19.9927466	20	20.0189265	
20.11282	20	19.9927466	20	20.0189265	
20.12294	20	19.9927466	20	20.0189265	
20.13309	20	19.9927466	20	20.0189265	
20.14319	20	19.9927466	20	20.0189265	
20.15336	20	19.9927466	20	20.0189265	
20.16348	20	19.9927466	20	20.0189265	
20.17362	20	19.9927466	20	20.0189265	
20.18376	20	19.9927466	20	20.0189265	
20.19388	20	19.9927466	20	20.0189265	
20.20401	20	19.9927466	20	20.0189265	
20.21421	20	19.9927466	20	20.0189265	
20.22427	20	19.9927466	20	20.0189265	
20.23459	20	19.9927466	20	20.0189265	
20.24471	20	19.9927466	20	20.0189265	
20.25523	20	19.9927466	20	20.0189265	
20.26503	20	19.9927466	20	20.0189265	
20.2751	20	19.9927466	20	20.0189265	
20.28522	20	19.9927466	20	20.0189265	
20.29535	20	19.9927466	20	20.0189265	
20.30547	20	19.9927466	20	20.0189265	
20.3156	20	19.9927466	20	20.0189265	
20.32575	20	19.9927466	20	20.0189265	
20.33585	20	19.9927466	20	20.0189265	
20.34601	20	19.9927466	20	20.0189265	
20.3562	20	19.9927466	20	20.0189265	
20.3663	20	19.9927466	20	20.0189265	
20.37639	20	19.9927466	20	20.0189265	
20.38681	20	19.9927466	20	20.0189265	
20.39666	20	19.9927466	20	20.0189265	
20.40674	20	19.9927466	20	20.0189265	
20.4169	20	19.9927466	20	20.0189265	
20.42698	20	19.9927466	20	20.0189265	
20.43711	20	19.9927466	20	20.0189265	
20.44729	20	19.9927466	20	20.0189265	
20.4574	20	19.9927466	20	20.0189265	
20.4676	20	19.9927466	20	20.0189265	
20.47846	20	19.9927466	20	20.0189265	
20.48852	20	19.9927466	20	20.0189265	
20.49862	20	19.9927466	20	20.0189265	
20.50878	20	19.9927466	20	20.0189265	
20.51891	20	19.9927466	20	20.0189265	
20.52901	20	19.9927466	20	20.0189265	
20.53918	20	19.9927466	20	20.0189265	
20.54936	20	19.9927466	20	20.0189265	
20.55954	20	19.9927466	20	20.0189265	
20.56961	20	19.9927466	20	20.0189265	
20.57972	20	19.9927466	20	20.0189265	
20.58989	20	19.9927466	20	20.0189265	
20.60002	20	19.9927466	20	20.0189265	
20.61014	20	19.9927466	20	20.0189265	
20.62027	20	19.9927466	20	20.0189265	
20.63039	20	19.9927466	20	20.0189265	
20.64051	20	19.9927466	20	20.0189265	
20.65069	20	19.9927466	20	20.0189265	
20.66086	20	19.9927466	20	20.0189265	
20.67099	20	19.9927466	20	20.0189265	
20.68111	20	19.9927466	20	20.0189265	
20.69119	20	19.9927466	20	20.0189265	
20.70138	20	19.9927466	20	20.0189265	
20.71155	20	19.9927466	20	20.0189265	
20.72162	20	19.9927466	20	20.0189265	
20.73195	20	19.9927466	20	20.0189265	
20.74187	20	19.9927466	20	20.0189265	
20.75204	20	19.9927466	20	20.0189265	
20.76214	20	19.9927466	20	20.0189265	
20.77229	20	19.9927466	20	20.0189265	
20.78247	20	19.9927466	20	20.0189265	
20.79256	20	19.9927466	20	20.0189265	
20.80269	20	19.9927466	20	20.0189265	
20.81285	20	19.9927466	20	20.0189265	
20.82296	20	19.9927466	20	20.0189265	
20.83308	20	19.9927466	20	20.0189265	
20.84316	20	19.9927466	20	20.0189265	
20.85336	20	19.9927466	20	20.0189265	
20.86348	20	19.9927466	20	20.0189265	
20.8736	20	19.9927466	20	20.0189265	
20.88404	20	19.9927466	20	20.0189265	
20.89404	20	19.9927466	20	20.0189265	
20.90416	20	19.9927466	20	20.0189265	
20.91428	20	19.9927466	20	20.0189265	
20.9244	20	19.9927466	20	20.0189265	
20.93458	20	19.9927466	20	20.0189265	
20.94466	20	19.9927466	20	20.0189265	
20.95486	20	19.9927466	20	20.0189265	
20.96495	20	19.9927466	20	20.0189265	
20.97516	20	19.9927466	20	20.0189265	
20.98516	20	19.9927466	20	20.0189265	
20.99528	20	19.9927466	20	20.0189265	
21.0054	20	19.9927466	20	20.0189265	
21.01558	20	19.9927466	20	20.0189265	
21.02566	20	19.9927466	20	20.0189265	
21.03577	20	19.9927466	20	20.0189265	
21.0459	20	19.9927466	20	20.0189265	
21.05604	20	19.9927466	20	20.0189265	
21.07401	20	19.9927466	20	20.0189265	
21.07836	20	19.9927466	20	20.0189265	
21.08849	20	19.9927466	20	20.0189265	
21.09862	20	19.9927466	20	20.0189265	
21.10879	20	19.9927466	20	20.0189265	
21.11891	20	19.9927466	20	20.0189265	
21.12903	20	19.9927466	20	20.0189265	
21.13914	20	19.9927466	20	20.0189265	
21.14931	20	19.9927466	20	20.0189265	
21.1596	20	19.9927466	20	20.0189265	
21.16958	20	19.9927466	20	20.0189265	
21.17975	20	19.9927466	20	20.0189265	
21.18988	20	19.9927466	20	20.0189265	
21.19999	20	19.9927466	20	20.0189265	
21.21013	20	19.9927466	20	20.0189265	
21.22026	20	19.9927466	20	20.0189265	
21.23043	20	19.9927466	20	20.0189265	
21.24052	20	19.9927466	20	20.0189265	
21.25068	20	19.9927466	20	20.0189265	
21.27018	20	19.9927466	20	20.0189265	
21.27454	20	19.9927466	20	20.0189265	
21.28466	20	19.9927466	20	20.0189265	
21.29486	20	19.9927466	20	20.0189265	
21.30494	20	19.9927466	20	20.0189265	
21.31506	20	19.9927466	20	20.0189265	
21.3252	20	19.9927466	20	20.0189265	
21.33531	20	19.9927466	20	20.0189265	
21.34543	20	19.9927466	20	20.0189265	
21.35557	20	19.9927466	20	20.0189265	
21.36589	20	19.9927466	20	20.0189265	
21.37586	20	19.9927466	20	20.0189265	
21.38595	20	19.9927466	20	20.0189265	
21.39614	20	19.9927466	20	20.0189265	
21.40634	20	19.9927466	20	20.0189265	
21.41638	20	19.9927466	20	20.0189265	
21.42652	20	19.9927466	20	20.0189265	
21.43658	20	19.9927466	20	20.0189265	
21.44674	20	19.9927466	20	20.0189265	
21.45685	20	19.9927466	20	20.0189265	
21.46699	20	19.9927466	20	20.0189265	
21.47783	20	19.9927466	20	20.0189265	
21.48721	20	19.9927466	20	20.0189265	
21.49733	20	19.9927466	20	20.0189265	
21.50745	20	19.9927466	20	20.0189265	
21.52552	20	19.9927466	20	20.0189265	
21.52985	20	19.9927466	20	20.0189265	
21.53998	20	19.9927466	20	20.0189265	
21.5502	20	19.9927466	20	20.0189265	
21.56026	20	19.9927466	20	20.0189265	
21.58659	20	19.9927466	20	20.0189265	
21.59146	20	19.9927466	20	20.0189265	
