12.86708	
12.8744	
12.88443	
12.89454	
12.90466	
12.915	
12.92515	
12.93526	
12.94541	
12.9555	
12.96565	
12.97581	
12.98593	
12.99606	
13.00617	
13.0163	
13.0265	
13.0366	
13.04671	
13.05691	
13.06729	
13.07712	
13.08724	
13.09731	
13.10744	
13.11761	
13.12776	
13.1379	
13.14801	
13.15842	
13.16823	
13.17846	
13.18853	
13.19864	
13.20876	
13.21889	
13.22902	
13.23914	
13.24931	
13.25949	
13.26985	
13.27967	
13.29058	
13.29992	
13.31001	
13.32012	
13.33036	
13.34042	
13.35066	
13.36068	
13.37872	
13.38294	
13.39309	
13.40326	
13.41334	
13.4235	
13.43361	
13.44382	
13.45385	
13.464	
13.47459	
13.48468	
13.4948	
13.50496	
13.51504	
13.52522	
13.53536	
13.54551	
13.55563	
13.56572	
13.57589	
13.58606	
13.59616	
13.60629	
13.61642	
13.62655	
13.6367	
13.64683	
13.65693	
13.66702	
13.67729	
13.68734	
13.69745	
13.70758	
13.7177	
13.72786	
13.73797	
13.74808	
13.75822	
13.76831	
13.77989	
13.78904	
13.79907	
13.80928	
13.82722	
13.83144	
13.84159	
13.8517	
13.86185	
13.87201	
13.88214	
13.89227	
13.9024	
13.91252	
13.92271	
13.93277	
13.94299	
13.95321	
13.96324	
13.97342	
13.98414	
13.99372	
14.00391	
14.01395	
14.03353	
14.03779	
14.04794	
14.05808	
14.06822	
14.0786	
14.08841	
14.09862	
14.10871	
14.11883	
14.12896	
14.13908	
14.14928	
14.15938	
14.16947	
14.17961	
14.19	
14.19991	
14.20998	
14.22011	
14.23021	
14.24038	
14.25052	
14.26061	
14.27079	
14.28086	
14.29204	
14.30135	
14.31146	
14.32158	
14.33169	
14.34187	
14.35211	
14.36215	
14.37227	
14.38237	
14.3925	
14.40272	
14.41321	227.818818	227.817827	229.058002	229.057011	
14.42296	227.820287	227.817827	229.05947	229.057011	
14.43307	227.822435	227.826554	229.061619	229.057011	
14.44318	227.825195	227.826554	229.064379	229.057011	
14.4533	227.828574	227.835281	229.067758	229.057011	
14.46347	227.832591	227.835281	229.071774	229.065738	
14.4736	227.83721	227.844007	229.076394	229.065738	
14.48376	227.842459	227.852734	229.081643	229.074464	
14.49382	227.848263	227.86146	229.087447	229.074464	
14.50406	227.854805	227.870187	229.093988	229.074464	
14.5142	227.861897	227.870187	229.101081	229.083191	
14.52435	227.869608	227.878914	229.108792	229.091918	
14.53448	227.87792	227.88764	229.117104	229.091918	
14.54457	227.886818	227.88764	229.126002	229.100644	
14.55478	227.896448	227.896367	229.135632	229.109371	
14.56486	227.906562	227.905094	229.145746	229.118098	
14.57499	227.917333	227.91382	229.156517	229.126824	
14.58516	227.928777	227.922547	229.167961	229.135551	
14.59523	227.940709	227.931274	229.179893	229.144277	
14.60543	227.953439	227.94	229.192622	229.161731	
14.6156	227.966732	227.94	229.205916	229.170457	
14.62582	227.980728	227.948727	229.219911	229.187911	
14.63599	227.995271	227.957454	229.234454	229.205364	
14.64606	228.010271	227.96618	229.249455	229.214091	
14.65619	228.025986	227.974907	229.26517	229.231544	
14.66633	228.042338	227.974907	229.281522	229.248997	
14.67647	228.0593	227.99236	229.298483	229.266451	
14.6866	228.07686	228.001087	229.316044	229.283904	
14.69669	228.094964	228.009813	229.334148	229.301357	
14.70715	228.114406	228.01854	229.35359	229.31881	
14.71701	228.133293	228.027267	229.372477	229.336264	
14.72713	228.153303	228.04472	229.392487	229.353717	
14.73727	228.173966	228.053447	229.41315	229.379897	
14.7474	228.195228	228.062173	229.434412	229.39735	
14.75754	228.217111	228.079627	229.456295	229.42353	
14.76767	228.239606	228.09708	229.478789	229.44971	
14.77782	228.262744	228.114533	229.501928	229.47589	
14.788	228.286605	228.12326	229.525789	229.493343	
14.79842	228.311665	228.14944	229.550849	229.519523	
14.80821	228.335779	228.166893	229.574963	229.545703	
14.8184	228.361495	228.184346	229.600679	229.571883	
14.82858	228.387831	228.2018	229.627015	229.598063	
14.8386	228.414319	228.22798	229.653503	229.624243	
14.84871	228.441685	228.25416	229.680869	229.641696	
14.8589	228.469905	228.28034	229.709088	229.667876	
14.86898	228.498398	228.306519	229.737582	229.694056	
14.87913	228.527709	228.332699	229.766892	229.720236	
14.88931	228.557731	228.358879	229.796915	229.746416	
14.89984	228.589491	228.393786	229.828674	229.772596	
14.90951	228.619172	228.419966	229.858356	229.807503	
14.9197	228.651105	228.454872	229.890289	229.833683	
14.92982	228.683398	228.481052	229.922582	229.859862	
14.93998	228.716473	228.515959	229.955657	229.894769	
14.95002	228.749745	228.550866	229.988929	229.920949	
14.96015	228.783951	228.585772	230.023135	229.947129	
14.97029	228.818773	228.620679	230.057957	229.982036	
14.98041	228.854162	228.655585	230.093346	230.016942	
14.99055	228.890216	228.690492	230.1294	230.051849	
15.00069	228.926898	228.725398	230.166081	230.086755	
15.01965	228.998201	228.795212	230.237385	230.156568	
15.02525	229.01922	228.812665	230.258404	230.174022	
15.03418	229.053266	228.847572	230.29245	230.217655	
15.04429	229.092483	228.882478	230.331667	230.261288	
15.05441	229.132345	228.917385	230.371529	230.296195	
15.06461	229.173165	228.961018	230.412348	230.339828	
15.07473	229.214293	229.004651	230.453477	230.383461	
15.08484	229.255969	229.039558	230.495152	230.427094	
15.09496	229.298313	229.083191	230.537497	230.470728	
15.1051	229.341328	229.126824	230.580512	230.505634	
15.11567	229.38694	229.170457	230.626124	230.549268	
15.12541	229.429446	229.214091	230.66863	230.592901	
15.13553	229.474255	229.257724	230.713438	230.636534	
15.14565	229.519618	229.301357	230.758802	230.680167	
15.15575	229.565595	229.336264	230.804778	230.715074	
15.1659	229.612349	229.388624	230.851532	230.767434	
15.17615	229.660258	229.432257	230.899442	230.811067	
15.18621	229.707853	229.47589	230.947037	230.8547	
15.19636	229.756456	229.519523	230.99564	230.898333	
15.20643	229.805365	229.563157	231.044549	230.941967	
15.21705	229.857618	229.615516	231.096801	230.994327	
15.22687	229.906461	229.65915	231.145645	231.03796	
15.23691	229.95697	229.702783	231.196153	231.09032	
15.24704	230.008621	229.755143	231.247805	231.142679	
15.25733	230.061708	229.798776	231.300892	231.195039	
15.2673	230.113683	229.851136	231.352867	231.247399	
15.27744	230.167231	229.894769	231.406415	231.299759	
15.28756	230.221255	229.947129	231.460439	231.352119	
15.29769	230.275986	229.999489	231.51517	231.413206	
15.3078	230.331218	230.051849	231.570401	231.465565	
15.31828	230.389129	230.104209	231.628313	231.517925	
15.32818	230.444356	230.156568	231.68354	231.579012	
15.33826	230.501226	230.200202	231.74041	231.640098	
15.34836	230.558832	230.252562	231.798016	231.692458	
15.35851	230.61736	230.313648	231.856544	231.753545	
15.36869	230.676684	230.366008	231.915868	231.805905	
15.37879	230.73614	230.418368	231.975324	231.866991	
15.38887	230.796064	230.470728	232.035247	231.919351	
15.39901	230.857047	230.523088	232.096231	231.980438	
15.40917	230.918649	230.584174	232.157833	232.041524	
15.42764	231.03333	230.645261	232.272514	232.102611	
15.43207	231.060669	230.715074	232.299853	232.172424	
15.44218	231.124067	230.77616	232.363251	232.23351	
15.45229	231.188041	230.837247	232.427225	232.294597	
15.46239	231.252557	230.889607	232.49174	232.355683	
15.47255	231.318096	230.950693	232.55728	232.425496	
15.48273	231.384348	231.01178	232.623532	232.49531	
15.49285	231.450828	231.072866	232.690012	232.556396	
15.50297	231.517943	231.133953	232.757126	232.617483	
15.51311	231.585821	231.195039	232.825004	232.687296	
15.52375	231.657802	231.256126	232.896986	232.748382	
15.53341	231.723535	231.325939	232.962719	232.809469	
15.54353	231.793119	231.387026	233.032303	232.879282	
15.55367	231.863472	231.448112	233.102656	232.949095	
15.56377	231.93411	231.517925	233.173293	233.010182	
15.57395	232.005966	231.579012	233.24515	233.071268	
15.58407	232.07802	231.640098	233.317203	233.141081	
15.59423	232.150964	231.709911	233.390148	233.202168	
15.60439	232.224506	231.779725	233.463689	233.271981	
15.61454	232.298659	231.849538	233.537843	233.333068	
15.62518	232.3771	231.919351	233.616284	233.402881	
15.63495	232.449568	231.989164	233.688752	233.472694	
15.64537	232.5276	232.058977	233.766784	233.533781	
15.65518	232.601601	232.128791	233.840785	233.594867	
15.6735	232.742301	232.198604	233.981485	233.66468	
15.67865	232.781737	232.294597	234.020921	233.751947	
15.68886	232.86091	232.373137	234.100093	233.813033	
15.69904	232.940408	232.44295	234.179592	233.882846	
15.70946	233.022448	232.52149	234.261631	233.943933	
15.72009	233.106761	232.591303	234.345945	234.013746	
15.72992	233.18537	232.669843	234.424554	234.074833	
15.73968	233.263924	232.748382	234.503108	234.135919	
15.74981	233.346068	232.826922	234.585251	234.205732	
15.76023	233.431339	232.896735	234.670523	234.275545	
15.77971	233.594662	232.975275	234.833846	234.336632	
15.78878	233.66905	233.123628	234.908233	234.458805	
15.80706	233.824132	233.271981	235.063316	234.572251	
15.81222	233.867782	233.315614	235.106966	234.607158	
15.82245	233.955248	233.394154	235.194432	234.676971	
15.83303	234.046389	233.472694	235.285573	234.738058	
15.84283	234.131356	233.559961	235.370539	234.799144	
15.85291	234.219439	233.6385	235.458622	234.868957	
15.86338	234.311456	233.725767	235.550639	234.938771	
15.87329	234.399209	233.813033	235.638392	234.999857	
15.8837	234.492027	233.9003	235.731211	235.060944	
15.89355	234.580472	233.987566	235.819655	235.130757	
15.90401	234.675286	234.074833	235.91447	235.191843	
15.91408	234.766597	234.153372	236.00578	235.261657	
15.93291	234.940636	234.249366	236.17982	235.322743	
15.93816	234.988993	234.371539	236.228176	235.418736	
15.94826	235.083005	234.458805	236.322189	235.479823	
15.95841	235.178028	234.554798	236.417212	235.549636	
15.96866	235.274678	234.642065	236.513861	235.610722	
15.97876	235.370444	234.729331	236.609628	235.671809	
15.98885	235.466774	234.825324	236.705958	235.741622	
15.99902	235.56453	234.921317	236.803714	235.811435	
16.0093	235.663951	235.008584	236.903135	235.872522	
16.02008	235.768931	235.104577	237.008115	235.933608	
16.03182	235.884119	235.218023	237.123302	236.020875	
16.0399	235.963596	235.296563	237.20278	236.073235	
16.05028	236.06657	235.392556	237.305754	236.134321	
16.06052	236.16876	235.488549	237.407944	236.195408	
16.07065	236.270425	235.584542	237.509609	236.265221	
16.08053	236.370159	235.689262	237.609343	236.335034	
16.09103	236.476833	235.785255	237.716017	236.396121	
16.10121	236.58095	235.881248	237.820134	236.457207	
16.11098	236.681333	235.977242	237.920517	236.52702	
16.12174	236.792682	236.081961	238.031866	236.596833	
16.13207	236.900209	236.177954	238.139393	236.65792	
16.14174	237.001325	236.282674	238.240508	236.719006	
16.15224	237.111939	236.387394	238.351123	236.78882	
16.17016	237.302917	236.492114	238.542101	236.858633	
16.17531	237.357716	236.623013	238.5969	236.937173	
16.18557	237.467839	236.727733	238.707022	236.998259	
16.19596	237.579921	236.832453	238.819105	237.068072	
16.20582	237.686928	236.937173	238.926112	237.137885	
16.21627	237.800911	237.041892	239.040095	237.198972	
16.22613	237.90736	237.146612	239.146544	237.260059	
16.23633	238.016897	237.251332	239.25608	237.329872	
16.24649	238.125236	237.364778	239.36442	237.390958	
16.25661	238.232703	237.469498	239.471887	237.452045	
16.267	238.343968	237.574218	239.583151	237.521858	
16.27697	238.446952	237.678938	239.686136	237.591671	
16.28747	238.556462	237.792384	239.795646	237.652758	
16.29728	238.658238	237.90583	239.897421	237.713844	
16.30766	238.765262	238.01055	240.004446	237.783657	
16.31756	238.866783	238.11527	240.105966	237.844744	
16.32802	238.973331	238.228716	240.212515	237.90583	
16.33832	239.077648	238.342163	240.316832	237.975644	
16.34843	239.179482	238.446882	240.418666	238.045457	
16.35823	239.277607	238.560329	240.516791	238.106543	
16.37646	239.457751	238.665049	240.696934	238.16763	
16.38168	239.509321	238.813402	240.748504	238.254896	
16.39188	239.609481	238.918121	240.848665	238.324709	
16.40236	239.711683	239.022841	240.950867	238.385796	
16.41253	239.810232	239.136287	241.049416	238.446882	
16.4224	239.905326	239.241007	241.14451	238.516696	
16.43275	240.004389	239.345727	241.243573	238.577782	
16.44284	240.100361	239.450447	241.339545	238.638869	
16.45284	240.194862	239.555166	241.434045	238.708682	
16.47112	240.365368	239.659886	241.604552	238.778495	
16.47635	240.414081	239.799513	241.653265	238.857035	
16.48653	240.50832	239.904232	241.747504	238.918121	
16.49665	240.601347	240.008952	241.840531	238.987934	
16.50686	240.69463	240.104945	241.933813	239.057748	
16.51718	240.789004	240.209665	242.028188	239.118834	
16.52711	240.87785	240.305658	242.117034	239.179921	
16.53809	240.976129	240.419104	242.215312	239.249734	
16.54824	241.06637	240.515098	242.305554	239.319547	
16.55855	241.157386	240.611091	242.39657	239.380634	
16.56867	241.246196	240.71581	242.48538	239.44172	
16.57881	241.334505	240.811804	242.573689	239.511533	
16.58916	241.424058	240.907797	242.663241	239.581346	
16.59902	241.508804	241.00379	242.747988	239.642433	
16.60959	241.598921	241.099783	242.838105	239.703519	
16.61984	241.685741	241.195776	242.924925	239.773333	
16.62948	241.76679	241.291769	243.005974	239.834419	
16.63985	241.853418	241.379036	243.092602	239.895506	
16.64996	241.937321	241.475029	243.176505	239.965319	
16.66018	242.021419	241.571022	243.260603	240.035132	
16.67058	242.106397	241.658288	243.345581	240.096219	
16.68062	242.187876	241.745555	243.427059	240.157305	
16.69877	242.332676	241.832821	243.57186	240.227118	
16.70392	242.373845	241.954994	243.613029	240.305658	
16.71411	242.454519	242.042261	243.693702	240.375471	
16.72458	242.536746	242.129527	243.77593	240.436558	
16.73456	242.614524	242.208067	243.853708	240.506371	
16.74464	242.692496	242.295333	243.93168	240.567457	
16.75489	242.771168	242.3826	244.010351	240.628544	
16.77314	242.908825	242.46114	244.148009	240.698357	
16.77832	242.947905	242.565859	244.187089	240.776897	
16.7885	243.024044	242.653126	244.263228	240.84671	
16.79892	243.101289	242.731666	244.340472	240.907797	
16.81715	243.23483	242.810206	244.474014	240.97761	
16.8224	243.272344	242.923652	244.511528	241.064876	
16.83259	243.345903	243.002192	244.585087	241.125963	
16.84323	243.422081	243.080732	244.661265	241.187049	
16.85292	243.490888	243.159271	244.730072	241.256863	
16.86306	243.562265	243.237811	244.801449	241.317949	
16.87354	243.635361	243.316351	244.874544	241.387762	
16.8834	243.703626	243.386164	244.942809	241.448849	
16.89388	243.775511	243.464704	245.014694	241.509935	
16.90401	243.844343	243.534517	245.083527	241.571022	
16.91403	243.911856	243.613057	245.151039	241.640835	
16.92439	243.981067	243.68287	245.22025	241.710648	
16.93421	244.046121	243.752683	245.285304	241.771735	
16.94439	244.112908	243.822497	245.352092	241.832821	
16.96277	244.231105	243.89231	245.470289	241.902634	
16.96813	244.26576	243.988303	245.504944	241.989901	
16.97816	244.329405	244.058116	245.568589	242.050987	
16.98874	244.396111	244.119202	245.635295	242.112074	
16.99874	244.458538	244.189016	245.697721	242.181887	
17.0086	244.519537	244.258829	245.758721	242.242974	
17.01911	244.583903	244.319915	245.823087	242.30406	
17.03025	244.651379	244.389729	245.890563	242.373873	
17.04044	244.712529	244.450815	245.951712	242.43496	
17.04931	244.765268	244.520628	246.004452	242.496046	
17.05984	244.827257	244.581715	246.066441	242.565859	
17.07804	244.931978	244.642801	246.171162	242.626946	
17.0832	244.961713	244.730068	246.200897	242.714212	
17.0934	245.019773	244.791154	246.258957	242.775299	
17.10384	245.078537	244.852241	246.317721	242.845112	
17.11369	245.133381	244.913327	246.372565	242.906199	
17.12409	245.190723	244.974414	246.429907	242.967285	
17.13404	245.24494	245.0355	246.484123	243.037098	
17.14482	245.303015	245.08786	246.542199	243.106912	
17.16243	245.39574	245.183853	246.634924	243.211631	
17.1678	245.424066	245.21876	246.663249	243.246538	
17.17781	245.476016	245.279846	246.7152	243.316351	
17.18829	245.529848	245.332206	246.769031	243.377438	
17.19818	245.580101	245.393293	246.819284	243.438524	
17.20852	245.631977	245.445653	246.871161	243.508337	
17.21866	245.682272	245.498013	246.921456	243.569424	
17.22856	245.730735	245.550372	246.969919	243.63051	
17.23899	245.781243	245.602732	247.020427	243.700323	
17.25707	245.866438	245.655092	247.105621	243.770137	
17.26221	245.890687	245.716179	247.129871	243.848676	
17.27242	245.938122	245.768539	247.177306	243.909763	
17.28294	245.986344	245.820898	247.225528	243.979576	
17.2934	246.033689	245.873258	247.272872	244.040663	
17.30298	246.076486	245.916892	247.31567	244.101749	
17.31334	246.122116	245.969251	247.361299	244.171562	
17.32316	246.16486	246.021611	247.404043	244.232649	
17.33362	246.209718	246.056518	247.448901	244.293735	
17.34416	246.254442	246.108878	247.493625	244.363549	
17.35412	246.295848	246.161238	247.535032	244.424635	
17.36378	246.335624	246.204871	247.574808	244.494448	
17.37399	246.37702	246.248504	247.616204	244.555535	
17.38444	246.418758	246.300864	247.657942	244.616621	
17.40238	246.488173	246.335771	247.727356	244.677708	
17.40754	246.508175	246.396857	247.747359	244.764974	
17.41771	246.546894	246.44049	247.786078	244.834787	
17.43601	246.614088	246.475397	247.853271	244.895874	
17.44121	246.633237	246.536483	247.872421	244.98314	
17.45139	246.669988	246.580117	247.909172	245.044227	
17.46183	246.707016	246.615023	247.9462	245.11404	
17.47202	246.742588	246.658657	247.981772	245.175127	
17.48189	246.776484	246.70229	248.015668	245.236213	
17.50016	246.836843	246.737196	248.076027	245.306026	
17.50535	246.854044	246.789556	248.093228	245.384566	
17.51549	246.886892	246.824463	248.126075	245.445653	
17.52589	246.919981	246.859369	248.159165	245.515466	
17.53581	246.950972	246.903003	248.190155	245.585279	
17.54656	246.983867	246.937909	248.223051	245.646366	
17.55614	247.012669	246.972816	248.251852	245.707452	
17.56623	247.042434	247.007722	248.281618	245.777265	
17.57649	247.072085	247.042629	248.311269	245.838352	
17.58701	247.101839	247.077536	248.341023	245.899438	
17.59683	247.129107	247.103715	248.368291	245.969251	
17.615	247.177222	247.138622	248.416405	246.030338	
17.62019	247.191001	247.182255	248.430184	246.117604	
17.63032	247.217167	247.208435	248.456351	246.178691	
17.64049	247.24286	247.243342	248.482044	246.248504	
17.65182	247.270716	247.278248	248.509899	246.318317	
17.66196	247.295076	247.313155	248.53426	246.379404	
17.67251	247.31982	247.339335	248.559004	246.449217	
17.68229	247.342211	247.365515	248.581394	246.510304	
17.69251	247.365011	247.391695	248.604195	246.57139	
17.71076	247.403449	247.417875	248.642632	246.641203	
17.71587	247.414244	247.452781	248.653428	246.719743	
17.72607	247.43508	247.478961	248.674264	246.789556	
17.73629	247.45537	247.505141	248.694553	246.850643	
17.74641	247.474913	247.531321	248.714097	246.911729	
17.75695	247.494608	247.557501	248.733791	246.981542	
17.76672	247.512356	247.583681	248.75154	247.051356	
17.7773	247.53118	247.601134	248.770364	247.112442	
17.79727	247.563272	247.644768	248.802456	247.243342	
17.80244	247.571706	247.662221	248.810889	247.269522	
17.8126	247.587582	247.679674	248.826766	247.339335	
17.82307	247.603317	247.697127	248.842501	247.400421	
17.83294	247.617655	247.723307	248.856839	247.470235	
17.84347	247.632305	247.732034	248.871489	247.531321	
17.85421	247.646636	247.758214	248.885819	247.601134	
17.86439	247.659652	247.775667	248.898835	247.662221	
17.87454	247.672089	247.801847	248.911273	247.732034	
17.88472	247.683999	247.8193	248.923183	247.793121	
17.89489	247.695345	247.836754	248.934529	247.854207	
17.90532	247.7064	247.854207	248.945584	247.92402	
17.9152	247.716362	247.87166	248.955546	247.993833	
17.92569	247.726357	247.880387	248.96554	248.05492	
17.93553	247.735234	247.889114	248.974418	248.116006	
17.94602	247.744107	247.89784	248.98329	248.18582	
17.9559	247.751985	247.906567	248.991169	248.246906	
17.96629	247.75969	247.915294	248.998873	248.307993	
17.9761	247.766499	247.915294	249.005683	248.377806	
17.98636	247.773082	247.92402	249.012265	248.438892	
17.99652	247.779092	247.92402	249.018275	248.508706	
18.00663	247.784574	247.92402	249.023758	248.569792	
18.01676	247.789573	247.92402	249.028757	248.630879	
18.02701	247.794137	247.92402	249.033321	248.691965	
18.03713	247.798173	247.92402	249.037356	248.761778	
18.04726	247.801754	247.92402	249.040938	248.831591	
18.05745	247.804903	247.92402	249.044087	248.892678	
18.06755	247.807602	247.92402	249.046786	248.953765	
18.07777	247.809912	247.92402	249.049096	249.023578	
18.08786	247.811816	247.92402	249.050999	249.075938	
18.09799	247.813369	247.92402	249.052553	249.137024	
18.10816	247.817827	247.915294	249.057011	249.180657	
18.11852	247.817827	247.915294	249.057011	249.215564	
18.12836	247.817827	247.915294	249.057011	249.224291	
18.13848	247.817827	247.906567	249.057011	249.224291	
18.14861	247.817827	247.906567	249.057011	249.206837	
18.15877	247.817827	247.906567	249.057011	249.180657	
18.16894	247.817827	247.89784	249.057011	249.145751	
18.1791	247.817827	247.89784	249.057011	249.110844	
18.18925	247.817827	247.889114	249.057011	249.075938	
18.20761	247.817827	247.889114	249.057011	249.041031	
18.21199	247.817827	247.880387	249.057011	248.997398	
18.2221	247.817827	247.87166	249.057011	248.971218	
18.23224	247.817827	247.87166	249.057011	248.953765	
18.24236	247.817827	247.87166	249.057011	248.953765	
18.25249	247.817827	247.862934	249.057011	248.953765	
18.26288	247.817827	247.854207	249.057011	248.962491	
18.27286	247.817827	247.84548	249.057011	248.979944	
18.28301	247.817827	247.836754	249.057011	249.006124	
18.29311	247.817827	247.836754	249.057011	249.032304	
18.30327	247.817827	247.8193	249.057011	249.058484	
18.31336	247.817827	247.8193	249.057011	249.084664	
18.32349	247.817827	247.810574	249.057011	249.110844	
18.33362	247.817827	247.801847	249.057011	249.119571	
18.34372	247.817827	247.801847	249.057011	249.128297	
18.35391	247.817827	247.801847	249.057011	249.137024	
18.36422	247.817827	247.793121	249.057011	249.128297	
18.37419	247.817827	247.793121	249.057011	249.119571	
18.38437	247.817827	247.793121	249.057011	249.110844	
18.40253	247.817827	247.801847	249.057011	249.075938	
18.40693	247.817827	247.801847	249.057011	249.075938	
18.41699	247.817827	247.810574	249.057011	249.058484	
18.42725	247.817827	247.810574	249.057011	249.041031	
18.43731	247.817827	247.8193	249.057011	249.041031	
18.44738	247.817827	247.8193	249.057011	249.032304	
18.45752	247.817827	247.828027	249.057011	249.023578	
18.46768	247.817827	247.828027	249.057011	249.023578	
18.47822	247.817827	247.828027	249.057011	249.023578	
18.48835	247.817827	247.828027	249.057011	249.023578	
18.49848	247.817827	247.828027	249.057011	249.023578	
18.5086	247.817827	247.828027	249.057011	249.032304	
18.51872	247.817827	247.828027	249.057011	249.041031	
18.52899	247.817827	247.828027	249.057011	249.049758	
18.53903	247.817827	247.8193	249.057011	249.058484	
18.54909	247.817827	247.8193	249.057011	249.058484	
18.55928	247.817827	247.8193	249.057011	249.067211	
18.56944	247.817827	247.8193	249.057011	249.067211	
18.5795	247.817827	247.8193	249.057011	249.067211	
18.58995	247.817827	247.8193	249.057011	249.067211	
18.59975	247.817827	247.8193	249.057011	249.067211	
18.60988	247.817827	247.8193	249.057011	249.067211	
18.62001	247.817827	247.8193	249.057011	249.067211	
18.63009	247.817827	247.8193	249.057011	249.067211	
18.64026	247.817827	247.8193	249.057011	249.067211	
18.65035	247.817827	247.8193	249.057011	249.067211	
18.6605	247.817827	247.8193	249.057011	249.067211	
18.67067	247.817827	247.8193	249.057011	249.067211	
18.68865	247.817827	247.8193	249.057011	249.067211	
18.69304	247.817827	247.8193	249.057011	249.067211	
18.70318	247.817827	247.8193	249.057011	249.067211	
18.71331	247.817827	247.8193	249.057011	249.067211	
18.72346	247.817827	247.8193	249.057011	249.067211	
18.73358	247.817827	247.8193	249.057011	249.067211	
18.74373	247.817827	247.8193	249.057011	249.067211	
18.75387	247.817827	247.8193	249.057011	249.067211	
18.76402	247.817827	247.8193	249.057011	249.067211	
18.77413	247.817827	247.8193	249.057011	249.067211	
18.78427	247.817827	247.8193	249.057011	249.067211	
18.79443	247.817827	247.8193	249.057011	249.067211	
18.80459	247.817827	247.8193	249.057011	249.067211	
18.81471	247.817827	247.8193	249.057011	249.067211	
18.82486	247.817827	247.8193	249.057011	249.067211	
18.83505	247.817827	247.8193	249.057011	249.067211	
18.84513	247.817827	247.8193	249.057011	249.067211	
18.85522	247.817827	247.8193	249.057011	249.067211	
18.8654	247.817827	247.8193	249.057011	249.067211	
18.87553	247.817827	247.8193	249.057011	249.067211	
18.88566	247.817827	247.8193	249.057011	249.067211	
18.8958	247.817827	247.8193	249.057011	249.067211	
18.906	247.817827	247.8193	249.057011	249.067211	
18.91609	247.817827	247.8193	249.057011	249.067211	
18.92626	247.817827	247.8193	249.057011	249.067211	
18.93641	247.817827	247.8193	249.057011	249.067211	
18.94649	247.817827	247.8193	249.057011	249.067211	
18.95666	247.817827	247.8193	249.057011	249.067211	
18.96674	247.817827	247.8193	249.057011	249.067211	
18.97691	247.817827	247.8193	249.057011	249.067211	
18.98711	247.817827	247.8193	249.057011	249.067211	
18.99722	247.817827	247.8193	249.057011	249.067211	
19.00732	247.817827	247.8193	249.057011	249.067211	
19.01742	247.817827	247.8193	249.057011	249.067211	
19.02755	247.817827	247.8193	249.057011	249.067211	
19.04605	247.817827	247.8193	249.057011	249.067211	
19.05043	247.817827	247.8193	249.057011	249.067211	
19.06059	247.817827	247.8193	249.057011	249.067211	
19.07073	247.817827	247.8193	249.057011	249.067211	
19.08088	247.817827	247.8193	249.057011	249.067211	
19.09103	247.817827	247.8193	249.057011	249.067211	
19.10136	247.817827	247.8193	249.057011	249.067211	
19.11169	247.817827	247.8193	249.057011	249.067211	
19.12185	247.817827	247.8193	249.057011	249.067211	
19.13195	247.817827	247.8193	249.057011	249.067211	
19.1421	247.817827	247.8193	249.057011	249.067211	
19.15223	247.817827	247.8193	249.057011	249.067211	
19.16235	247.817827	247.8193	249.057011	249.067211	
19.17254	247.817827	247.8193	249.057011	249.067211	
19.18265	247.817827	247.8193	249.057011	249.067211	
19.19281	247.817827	247.8193	249.057011	249.067211	
19.20302	247.817827	247.8193	249.057011	249.067211	
19.21311	247.817827	247.8193	249.057011	249.067211	
19.22322	247.817827	247.8193	249.057011	249.067211	
19.23336	247.817827	247.8193	249.057011	249.067211	
19.24351	247.817827	247.8193	249.057011	249.067211	
19.2536	247.817827	247.8193	249.057011	249.067211	
19.26377	247.817827	247.8193	249.057011	249.067211	
19.2739	247.817827	247.8193	249.057011	249.067211	
19.28403	247.817827	247.8193	249.057011	249.067211	
19.29415	247.817827	247.8193	249.057011	249.067211	
19.3043	247.817827	247.8193	249.057011	249.067211	
19.31441	247.817827	247.8193	249.057011	249.067211	
19.32455	247.817827	247.8193	249.057011	249.067211	
19.33466	247.817827	247.8193	249.057011	249.067211	
19.34482	247.817827	247.8193	249.057011	249.067211	
19.35515	247.817827	247.8193	249.057011	249.067211	
19.3651	247.817827	247.8193	249.057011	249.067211	
19.37521	247.817827	247.8193	249.057011	249.067211	
19.38536	247.817827	247.8193	249.057011	249.067211	
19.39547	247.817827	247.8193	249.057011	249.067211	
19.40563	247.817827	247.8193	249.057011	249.067211	
19.41572	247.817827	247.8193	249.057011	249.067211	
19.42592	247.817827	247.8193	249.057011	249.067211	
19.43604	247.817827	247.8193	249.057011	249.067211	
19.44617	247.817827	247.8193	249.057011	249.067211	
19.45626	247.817827	247.8193	249.057011	249.067211	
19.46643	247.817827	247.8193	249.057011	249.067211	
19.47658	247.817827	247.8193	249.057011	249.067211	
19.4867	247.817827	247.8193	249.057011	249.067211	
19.49683	247.817827	247.8193	249.057011	249.067211	
19.50702	247.817827	247.8193	249.057011	249.067211	
19.51708	247.817827	247.8193	249.057011	249.067211	
19.5272	247.817827	247.8193	249.057011	249.067211	
19.53737	247.817827	247.8193	249.057011	249.067211	
19.54749	247.817827	247.8193	249.057011	249.067211	
19.55761	247.817827	247.8193	249.057011	249.067211	
19.56774	247.817827	247.8193	249.057011	249.067211	
19.57795	247.817827	247.8193	249.057011	249.067211	
19.58802	247.817827	247.8193	249.057011	249.067211	
19.59843	247.817827	247.8193	249.057011	249.067211	
19.60826	247.817827	247.8193	249.057011	249.067211	
19.61838	247.817827	247.8193	249.057011	249.067211	
19.62861	247.817827	247.8193	249.057011	249.067211	
19.63867	247.817827	247.8193	249.057011	249.067211	
19.64876	247.817827	247.8193	249.057011	249.067211	
19.65893	247.817827	247.8193	249.057011	249.067211	
19.66901	247.817827	247.8193	249.057011	249.067211	
19.67915	247.817827	247.8193	249.057011	249.067211	
19.69711	247.817827	247.8193	249.057011	249.067211	
19.70342	247.817827	247.8193	249.057011	249.067211	
19.71158	247.817827	247.8193	249.057011	249.067211	
19.72172	247.817827	247.8193	249.057011	249.067211	
19.73184	247.817827	247.8193	249.057011	249.067211	
19.74198	247.817827	247.8193	249.057011	249.067211	
19.75212	247.817827	247.8193	249.057011	249.067211	
19.76227	247.817827	247.8193	249.057011	249.067211	
19.77238	247.817827	247.8193	249.057011	249.067211	
19.79227	247.817827	247.8193	249.057011	249.067211	
19.79676	247.817827	247.8193	249.057011	249.067211	
19.8069	247.817827	247.8193	249.057011	249.067211	
19.81698	247.817827	247.8193	249.057011	249.067211	
19.82739	247.817827	247.8193	249.057011	249.067211	
19.83731	247.817827	247.8193	249.057011	249.067211	
19.84742	247.817827	247.8193	249.057011	249.067211	
19.8575	247.817827	247.8193	249.057011	249.067211	
19.8677	247.817827	247.8193	249.057011	249.067211	
19.8778	247.817827	247.8193	249.057011	249.067211	
19.88798	247.817827	247.8193	249.057011	249.067211	
19.89807	247.817827	247.8193	249.057011	249.067211	
19.90819	247.817827	247.8193	249.057011	249.067211	
19.91828	247.817827	247.8193	249.057011	249.067211	
19.9285	247.817827	247.8193	249.057011	249.067211	
19.93858	247.817827	247.8193	249.057011	249.067211	
19.94872	247.817827	247.8193	249.057011	249.067211	
19.95883	247.817827	247.8193	249.057011	249.067211	
19.96897	247.817827	247.8193	249.057011	249.067211	
19.97916	247.817827	247.8193	249.057011	249.067211	
19.98931	247.817827	247.8193	249.057011	249.067211	
19.9994	247.817827	247.8193	249.057011	249.067211	
20.0095	247.817827	247.8193	249.057011	249.067211	
20.01965	247.817827	247.8193	249.057011	249.067211	
20.02974	247.817827	247.8193	249.057011	249.067211	
20.04865	247.817827	247.8193	249.057011	249.067211	
20.053	247.817827	247.8193	249.057011	249.067211	
20.06317	247.817827	247.8193	249.057011	249.067211	
20.07332	247.817827	247.8193	249.057011	249.067211	
20.08349	247.817827	247.8193	249.057011	249.067211	
20.09355	247.817827	247.8193	249.057011	249.067211	
20.10373	247.817827	247.8193	249.057011	249.067211	
20.11387	247.817827	247.8193	249.057011	249.067211	
20.12401	247.817827	247.8193	249.057011	249.067211	
20.13414	247.817827	247.8193	249.057011	249.067211	
20.14429	247.817827	247.8193	249.057011	249.067211	
20.15444	247.817827	247.8193	249.057011	249.067211	
20.16461	247.817827	247.8193	249.057011	249.067211	
20.17476	247.817827	247.8193	249.057011	249.067211	
20.18489	247.817827	247.8193	249.057011	249.067211	
20.19512	247.817827	247.8193	249.057011	249.067211	
20.20517	247.817827	247.8193	249.057011	249.067211	
20.2153	247.817827	247.8193	249.057011	249.067211	
20.22545	247.817827	247.8193	249.057011	249.067211	
20.23558	247.817827	247.8193	249.057011	249.067211	
20.24572	247.817827	247.8193	249.057011	249.067211	
20.2558	247.817827	247.8193	249.057011	249.067211	
20.266	247.817827	247.8193	249.057011	249.067211	
20.2761	247.817827	247.8193	249.057011	249.067211	
20.28623	247.817827	247.8193	249.057011	249.067211	
20.29637	247.817827	247.8193	249.057011	249.067211	
20.30652	247.817827	247.8193	249.057011	249.067211	
20.31665	247.817827	247.8193	249.057011	249.067211	
20.32676	247.817827	247.8193	249.057011	249.067211	
20.33687	247.817827	247.8193	249.057011	249.067211	
20.34714	247.817827	247.8193	249.057011	249.067211	
20.35731	247.817827	247.8193	249.057011	249.067211	
20.36731	247.817827	247.8193	249.057011	249.067211	
20.37743	247.817827	247.8193	249.057011	249.067211	
20.38756	247.817827	247.8193	249.057011	249.067211	
20.39764	247.817827	247.8193	249.057011	249.067211	
20.42121	247.817827	247.8193	249.057011	249.067211	
