6.823071	
6.833217	
6.84331	
6.853409	
6.863545	
6.873719	
6.883837	
6.893967	
6.904192	
6.914222	
6.92442	
6.934607	
6.944654	
6.95478	
6.965208	
6.975068	
6.985182	
6.995317	
7.005523	
7.015552	
7.025713	
7.03587	
7.04603	
7.056206	
7.066597	
7.076398	
7.086545	
7.096637	
7.106728	
7.116938	
7.127055	
7.137171	
7.147349	
7.157484	
7.167546	
7.177694	
7.187781	
7.19789	
7.208068	
7.218156	
7.2283	
7.238408	
7.24853	
7.258608	
7.276661	
7.280872	
7.291012	
7.301183	
7.311307	
7.321425	
7.331607	
7.34173	
7.351858	
7.361987	
7.372113	
7.382237	
7.402715	
7.406991	
7.417055	
7.427207	
7.445269	
7.449498	
7.459614	
7.469739	
7.479912	
7.490032	
7.500212	
7.510319	
7.520404	
7.530582	
7.540736	
7.550914	
7.560974	
7.571091	
7.581326	
7.591422	
7.601539	
7.611673	
7.621818	
7.631959	
7.64212	
7.652267	
7.662348	
7.672527	
7.682635	
7.692782	
7.702913	
7.713038	
7.723171	
7.742231	
7.746467	
7.75658	
7.767549	
7.776873	
7.786964	
7.797063	
7.807215	
7.825203	
7.829464	
7.839561	
7.849657	
7.859794	
7.869949	
7.880098	
7.890209	
7.900343	
7.910613	
7.920656	
7.930762	
7.940878	
7.951098	
7.961856	
7.97125	
7.9814	
7.991489	
8.001794	
8.011782	
8.021915	
8.03207	
8.042166	
8.052339	
8.062429	
8.072602	
8.082745	
8.092868	
8.103049	
8.113133	
8.12327	
8.133433	
8.143593	
8.153722	
8.163848	
8.174007	
8.184198	
8.194283	
8.204404	
8.214527	
8.224659	
8.234784	
8.244935	
8.25511	
8.265136	
8.275252	
8.28545	
8.295538	
8.305649	
8.31578	
8.3259	
8.336032	
8.348051	
8.35814	
8.368327	
8.378423	
8.388524	
8.398737	
8.408809	
8.418964	
8.432067	247.820849	247.8193	249.068759	249.067211	
8.439388	247.821906	247.8193	249.069817	249.067211	
8.449386	247.824031	247.8193	249.071941	249.067211	
8.459517	247.826804	247.8193	249.074714	249.067211	
8.469731	247.830227	247.8193	249.078138	249.067211	
8.479896	247.834255	247.8193	249.082165	249.067211	
8.490046	247.838891	247.8193	249.086802	249.067211	
8.500213	247.844159	247.8193	249.092069	249.075938	
8.510349	247.850023	247.828027	249.097934	249.075938	
8.520474	247.856498	247.828027	249.104409	249.075938	
8.531755	247.864525	247.836754	249.112435	249.084664	
8.540805	247.871378	247.836754	249.119288	249.093391	
8.551019	247.879786	247.836754	249.127697	249.102117	
8.561137	247.88873	247.84548	249.13664	249.110844	
8.571229	247.898247	247.854207	249.146157	249.119571	
8.581464	247.908544	247.854207	249.156454	249.128297	
8.591555	247.919297	247.862934	249.167207	249.145751	
8.601676	247.930697	247.87166	249.178608	249.154477	
8.611824	247.942749	247.87166	249.190659	249.171931	
8.621934	247.955369	247.87166	249.20328	249.180657	
8.632989	247.969945	247.889114	249.217855	249.189384	
8.642538	247.983023	247.889114	249.230933	249.206837	
8.652395	247.997114	247.89784	249.245025	249.215564	
8.662501	248.012188	247.906567	249.260098	249.233017	
8.672627	248.027904	247.915294	249.275814	249.25047	
8.682808	248.044336	247.92402	249.292246	249.259197	
8.692947	248.06131	247.932747	249.30922	249.27665	
8.7031	248.078928	247.941474	249.326839	249.285377	
8.713224	248.097112	247.958927	249.345023	249.311557	
8.723332	248.11588	247.967653	249.363791	249.320284	
8.735667	248.13979	247.97638	249.387701	249.346464	
8.743902	248.156046	247.993833	249.403956	249.363917	
8.753735	248.176072	248.011287	249.423982	249.38137	
8.763884	248.197383	248.020013	249.445293	249.40755	
8.77399	248.219219	248.037467	249.467129	249.425003	
8.784218	248.24195	248.05492	249.48986	249.451183	
8.794285	248.264917	248.072373	249.512827	249.468637	
8.804424	248.288684	248.098553	249.536595	249.494817	
8.814553	248.313034	248.116006	249.560944	249.520997	
8.824647	248.337904	248.13346	249.585815	249.53845	
8.835587	248.365632	248.15964	249.613542	249.56463	
8.845208	248.390513	248.18582	249.638423	249.599536	
8.855162	248.416846	248.203273	249.664756	249.625716	
8.865187	248.443999	248.23818	249.691909	249.651896	
8.875384	248.472224	248.255633	249.720135	249.686803	
8.885496	248.500848	248.290539	249.748759	249.712983	
8.89562	248.530092	248.316719	249.778003	249.739163	
8.905749	248.559984	248.351626	249.807895	249.774069	
8.915876	248.590491	248.377806	249.838402	249.800249	
8.926005	248.621611	248.412712	249.869522	249.835156	
8.936831	248.655634	248.447619	249.903544	249.861336	
8.9464	248.686178	248.482526	249.934089	249.896242	
8.956394	248.718681	248.517432	249.966592	249.922422	
8.966752	248.753064	248.552339	250.000975	249.957329	
8.976626	248.786385	248.587245	250.034295	249.983509	
8.986746	248.821172	248.622152	250.069082	250.018415	
8.996892	248.856659	248.657059	250.104569	250.053322	
9.007074	248.892899	248.700692	250.14081	250.088229	
9.017162	248.929405	248.744325	250.177315	250.123135	
9.027305	248.96674	248.779232	250.21465	250.158042	
9.038069	249.007122	248.814138	250.255032	250.192948	
9.047574	249.043197	248.857771	250.291107	250.227855	
9.057679	249.082224	248.901405	250.330135	250.271488	
9.068055	249.122986	248.936311	250.370896	250.315121	
9.07795	249.162404	248.979944	250.410314	250.358755	
9.088208	249.203898	249.023578	250.451809	250.402388	
9.098201	249.244911	249.058484	250.492822	250.437294	
9.108332	249.287255	249.110844	250.535166	250.472201	
9.118463	249.329955	249.145751	250.577866	250.515834	
9.128545	249.373172	249.189384	250.621082	250.559467	
9.139304	249.420064	249.233017	250.667975	250.594374	
9.149232	249.463839	249.27665	250.711749	250.638007	
9.159021	249.50757	249.320284	250.755481	250.68164	
9.169143	249.553447	249.363917	250.801357	250.725274	
9.179246	249.599826	249.40755	250.847736	250.777634	
9.189453	249.647325	249.45991	250.895235	250.821267	
9.199554	249.694949	249.503543	250.942859	250.873627	
9.209697	249.74337	249.547176	250.991281	250.925987	
9.219853	249.792483	249.59081	251.040393	250.96962	
9.229975	249.842059	249.64317	251.08997	251.02198	
9.240541	249.894515	249.686803	251.142425	251.07434	
9.250438	249.944158	249.739163	251.192068	251.126699	
9.260411	249.994797	249.782796	251.242707	251.170333	
9.270521	250.046754	249.826429	251.294664	251.231419	
9.280656	250.099456	249.878789	251.347367	251.275052	
9.29081	250.152877	249.931149	251.400787	251.336139	
9.300962	250.206926	249.974782	251.454837	251.379772	
9.311136	250.261688	250.027142	251.509598	251.432132	
9.321222	250.316605	250.079502	251.564516	251.484492	
9.331351	250.372357	250.131862	251.620268	251.536852	
9.341765	250.430382	250.184222	251.678293	251.589212	
9.351708	250.486308	250.236582	251.734219	251.650298	
9.361782	250.543566	250.280215	251.791476	251.711385	
9.371942	250.601963	250.341301	251.849874	251.763745	
9.382047	250.660673	250.393661	251.908584	251.824831	
9.403076	250.786188	250.507108	252.034098	251.947004	
9.407488	250.81242	250.524561	252.060331	251.973184	
9.417554	250.873011	250.585647	252.120922	252.034271	
9.42774	250.934999	250.638007	252.18291	252.095357	
9.438156	250.999027	250.699094	252.246937	252.156444	
9.448037	251.060317	250.76018	252.308228	252.21753	
9.458082	251.123229	250.81254	252.371139	252.278617	
9.468241	251.187727	250.873627	252.435638	252.339703	
9.478345	251.252039	250.934713	252.49995	252.409516	
9.488514	251.317627	250.9958	252.565537	252.461876	
9.498783	251.384449	251.04816	252.63236	252.531689	
9.516701	251.503448	251.161606	252.751359	252.636409	
9.521021	251.53205	251.187786	252.77996	252.662589	
9.531132	251.599841	251.248872	252.847751	252.723676	
9.541318	251.668733	251.309959	252.916643	252.784762	
9.551545	251.738599	251.371046	252.98651	252.845849	
9.56164	251.808062	251.432132	253.055972	252.915662	
9.57174	251.878212	251.493219	253.126122	252.985475	
9.581922	251.94962	251.563032	253.197531	253.046562	
9.592041	252.021128	251.624118	253.269039	253.107648	
9.602175	252.093352	251.693931	253.341262	253.177461	
9.612334	252.166431	251.763745	253.414342	253.238548	
9.622811	252.242459	251.824831	253.49037	253.299634	
9.632947	252.31659	251.885918	253.5645	253.369448	
9.643136	252.39177	251.955731	253.639681	253.439261	
9.653347	252.467709	252.025544	253.71562	253.500347	
9.663181	252.541383	252.095357	253.789294	253.561434	
9.673625	252.620364	252.16517	253.868274	253.631247	
9.683461	252.695265	252.234983	253.943175	253.692333	
9.701709	252.836718	252.304797	254.084628	253.762147	
9.715376	252.943603	252.409516	254.191513	253.849413	
9.720603	252.984444	252.50551	254.232355	253.927953	
9.730776	253.064865	252.575323	254.312776	253.997766	
9.7412	253.14789	252.653863	254.3958	254.067579	
9.751435	253.23004	252.723676	254.47795	254.128666	
9.761513	253.31151	252.802216	254.55942	254.198479	
9.771941	253.39649	252.880755	254.6444	254.259565	
9.782051	253.479498	252.959295	254.727409	254.329379	
9.792191	253.563338	253.037835	254.811248	254.390465	
9.802145	253.646253	253.116375	254.894163	254.451552	
9.812578	253.733817	253.194915	254.981728	254.521365	
9.822826	253.820445	253.273454	255.068355	254.591178	
9.83261	253.903719	253.360721	255.15163	254.652265	
9.842985	253.992688	253.439261	255.240598	254.722078	
9.861092	254.150374	253.5178	255.398285	254.783164	
9.866297	254.195604	253.631247	255.443514	254.870431	
9.876515	254.285303	253.718513	255.533214	254.931517	
9.886978	254.377791	253.797053	255.625702	255.00133	
9.896735	254.464589	253.88432	255.712499	255.062417	
9.9069	254.555703	253.971586	255.803613	255.13223	
9.917053	254.647201	254.050126	255.895111	255.193317	
9.927668	254.743665	254.137392	255.991575	255.254403	
9.945831	254.911051	254.233385	256.158961	255.324216	
9.952141	254.969207	254.346832	256.217118	255.411483	
9.961477	255.055856	254.434098	256.303766	255.481296	
9.979405	255.224722	254.530091	256.472632	255.542382	
9.984613	255.273633	254.652265	256.521543	255.629649	
9.994762	255.369956	254.739531	256.617866	255.690735	
10.00508	255.468488	254.835524	256.716399	255.760549	
10.0153	255.566718	254.922791	256.814629	255.821635	
10.02534	255.663682	255.018784	256.911593	255.882722	
10.04358	255.842488	255.114777	257.090399	255.952535	
10.05739	255.978851	255.31549	257.226761	256.092161	
10.06253	256.029598	255.36785	257.277508	256.127068	
10.07277	256.131522	255.463843	257.379433	256.196881	
10.0832	256.236047	255.559836	257.483958	256.257967	
10.09304	256.335135	255.655829	257.583046	256.319054	
10.10347	256.44095	255.760549	257.68886	256.388867	
10.11337	256.54182	255.856542	257.789731	256.449954	
10.1235	256.645678	255.952535	257.893589	256.51104	
10.13374	256.75139	256.048528	257.999301	256.580853	
10.14412	256.859188	256.144521	258.107098	256.650667	
10.1549	256.971838	256.249241	258.219749	256.711753	
10.16461	257.073749	256.353961	258.321659	256.781566	
10.17513	257.185026	256.45868	258.432936	256.842653	
10.18496	257.289454	256.5634	258.537364	256.912466	
10.19527	257.400475	256.659393	258.648385	256.973552	
10.20562	257.510907	256.764113	258.758817	257.034639	
10.21542	257.616827	256.868833	258.864737	257.104452	
10.23367	257.816493	256.973552	259.064403	257.174265	
10.23893	257.874003	257.113179	259.121913	257.252805	
10.24942	257.987583	257.217899	259.235494	257.322618	
10.25986	258.099992	257.322618	259.347903	257.383705	
10.26976	258.206017	257.427338	259.453927	257.453518	
10.27985	258.313375	257.540784	259.561285	257.514604	
10.28991	258.419829	257.645504	259.66774	257.584418	
10.30011	258.527128	257.750224	259.775038	257.645504	
10.3106	258.636923	257.854944	259.884834	257.715317	
10.32087	258.743658	257.96839	259.991568	257.776404	
10.33067	258.845057	258.081836	260.092968	257.83749	
10.3411	258.952156	258.186556	260.200067	257.907304	
10.35132	259.05658	258.291276	260.304491	257.977117	
10.36116	259.156594	258.404722	260.404504	258.038203	
10.37156	259.261569	258.518169	260.50948	258.09929	
10.38964	259.441642	258.622889	260.689553	258.169103	
10.39476	259.492683	258.762515	260.740593	258.256369	
10.40497	259.593704	258.875961	260.841614	258.317456	
10.41517	259.694013	258.980681	260.941923	258.378542	
10.42529	259.792867	259.094127	261.040777	258.448356	
10.43543	259.891348	259.198847	261.139259	258.509442	
10.44559	259.989463	259.303567	261.237374	258.579255	
10.45694	260.098222	259.417013	261.346133	258.640342	
10.46587	260.183329	259.521733	261.431239	258.710155	
10.4763	260.282094	259.63518	261.530005	258.771242	
10.49427	260.449863	259.739899	261.697774	258.841055	
10.49989	260.50227	259.879526	261.75018	258.919595	
10.51009	260.59684	259.984245	261.84475	258.989408	
10.52024	260.690258	260.088965	261.938168	259.059221	
10.53045	260.783612	260.193685	262.031522	259.120307	
10.54057	260.875524	260.289678	262.123434	259.190121	
10.55129	260.972189	260.394398	262.220099	259.251207	
10.56119	261.060933	260.499118	262.308844	259.32102	
10.57133	261.151109	260.595111	262.399019	259.382107	
10.58967	261.311928	260.69983	262.559838	259.443193	
10.59479	261.356824	260.822003	262.604734	259.53046	
10.60538	261.448947	260.926723	262.696858	259.600273	
10.61556	261.536805	261.01399	262.784715	259.661359	
10.62538	261.621065	261.109983	262.868976	259.731173	
10.63578	261.709543	261.205976	262.957454	259.792259	
10.65376	261.860338	261.301969	263.108248	259.862072	
10.65966	261.909753	261.424142	263.157663	259.949339	
10.66919	261.989031	261.520135	263.236941	260.010425	
10.67964	262.075197	261.607402	263.323108	260.071512	
10.68949	262.15599	261.703395	263.4039	260.141325	
10.70183	262.256111	261.808114	263.504022	260.219865	
10.71929	262.395645	261.965194	263.643555	260.333311	
10.72976	262.478892	262.052461	263.726803	260.394398	
10.74827	262.623592	262.20954	263.871503	260.516571	
10.753	262.660653	262.253173	263.908563	260.551477	
10.7642	262.747418	262.34044	263.995329	260.621291	
10.77407	262.823266	262.427706	264.071176	260.682377	
10.7842	262.900584	262.514973	264.148495	260.743464	
10.80284	263.040177	262.593513	264.288087	260.813277	
10.80764	263.076227	262.698232	264.324138	260.891817	
10.81765	263.150556	262.776772	264.398466	260.96163	
10.82806	263.227293	262.855312	264.475204	261.022716	
10.83814	263.300932	262.933852	264.548842	261.083803	
10.84874	263.377734	263.021118	264.625644	261.153616	
10.85858	263.448435	263.090931	264.696345	261.223429	
10.86901	263.522681	263.169471	264.770592	261.284516	
10.8791	263.59396	263.248011	264.84187	261.354329	
10.8895	263.666774	263.326551	264.914685	261.415415	
10.89977	263.738013	263.405091	264.985924	261.485229	
10.91003	263.808612	263.474904	265.056522	261.546315	
10.92876	263.934895	263.544717	265.182806	261.607402	
10.93344	263.966451	263.649437	265.214361	261.703395	
10.94364	264.034605	263.71925	265.282516	261.764481	
10.9542	264.104443	263.789063	265.352353	261.825568	
10.96439	264.171525	263.867603	265.419435	261.895381	
10.97462	264.23769	263.937416	265.4856	261.956467	
10.98493	264.303986	263.998503	265.551897	262.026281	
11.00376	264.422581	264.068316	265.670492	262.096094	
11.00848	264.452312	264.164309	265.700222	262.174634	
11.01868	264.515922	264.225395	265.763832	262.23572	
11.02886	264.578743	264.295209	265.826654	262.305533	
11.03951	264.643802	264.365022	265.891712	262.36662	
11.04933	264.703225	264.426108	265.951135	262.436433	
11.05941	264.763587	264.487195	266.011498	262.497519	
11.07833	264.8743	264.557008	266.122211	262.558606	
11.08301	264.901777	264.644274	266.149688	262.645872	
11.10175	265.008858	264.696634	266.256768	262.706959	
11.10644	265.035741	264.783901	266.283652	262.794225	
11.11688	265.094701	264.844987	266.342611	262.855312	
11.12686	265.150546	264.906074	266.398457	262.916399	
11.1371	265.207178	264.958434	266.455089	262.986212	
11.15607	265.309476	265.028247	266.557387	263.047298	
11.16083	265.3352	265.106787	266.58311	263.134565	
11.17143	265.391685	265.159147	266.639595	263.195651	
11.18126	265.443473	265.220233	266.691383	263.265464	
11.19184	265.498554	265.272593	266.746465	263.326551	
11.20164	265.549036	265.324953	266.796946	263.387637	
11.21192	265.60135	265.394766	266.849261	263.457451	
11.2223	265.653505	265.447126	266.901415	263.518537	
11.23245	265.703921	265.499486	266.951832	263.579624	
11.25112	265.794113	265.551846	267.042024	263.649437	
11.2558	265.816819	265.621659	267.06473	263.736703	
11.26669	265.868703	265.674019	267.116613	263.806516	
11.27673	265.915908	265.735105	267.163819	263.867603	
11.28695	265.963401	265.787465	267.211311	263.928689	
11.29716	266.010237	265.839825	267.258148	263.998503	
11.30732	266.056207	265.883458	267.304117	264.059589	
11.31765	266.102335	265.944545	267.350245	264.120676	
11.32776	266.146885	265.988178	267.394796	264.190489	
11.33795	266.191128	266.040538	267.439039	264.260302	
11.34852	266.236397	266.084171	267.484308	264.321389	
11.35842	266.278241	266.136531	267.526151	264.382475	
11.37709	266.354634	266.180164	267.602545	264.452288	
11.38187	266.374249	266.241251	267.622159	264.530828	
11.40075	266.448847	266.293611	267.696757	264.600641	
11.40546	266.467528	266.345971	267.715438	264.679181	
11.41607	266.508746	266.389604	267.756657	264.748994	
11.43442	266.57766	266.441964	267.825571	264.818807	
11.4393	266.596068	266.494323	267.843979	264.897347	
11.4494	266.633345	266.537957	267.881256	264.96716	
11.46838	266.700848	266.58159	267.948758	265.028247	
11.4732	266.71805	266.63395	267.965961	265.115513	
11.48338	266.753624	266.668856	268.001534	265.185327	
11.49362	266.788764	266.71249	268.036674	265.246413	
11.50415	266.824292	266.756123	268.072203	265.3075	
11.514	266.85697	266.791029	268.10488	265.377313	
11.53283	266.916878	266.825936	268.164789	265.447126	
11.53761	266.932135	266.878296	268.180045	265.525666	
11.54775	266.963766	266.913203	268.211676	265.586752	
11.55857	266.996928	266.948109	268.244839	265.656565	
11.56835	267.02619	266.983016	268.2741	265.726379	
11.5786	267.056336	267.017922	268.304246	265.787465	
11.59731	267.108876	267.052829	268.356786	265.848552	
11.60202	267.122169	267.105189	268.37008	265.935818	
11.62055	267.171726	267.140095	268.419637	265.996905	
11.6252	267.184222	267.175002	268.432133	266.075444	
11.63554	267.21125	267.209908	268.459161	266.145258	
11.64565	267.237079	267.244815	268.48499	266.215071	
11.6558	267.262431	267.270995	268.510342	266.276157	
11.66738	267.290526	267.297175	268.538437	266.337244	
11.68466	267.330475	267.349535	268.578386	266.459417	
11.68947	267.341638	267.366988	268.589548	266.485597	
11.69968	267.364556	267.393168	268.612466	266.546683	
11.7099	267.386935	267.419348	268.634845	266.616497	
11.72004	267.408535	267.445528	268.656445	266.677583	
11.73019	267.429572	267.471708	268.677483	266.73867	
11.74897	267.466045	267.497888	268.713955	266.808483	
11.75366	267.475225	267.532794	268.723135	266.887023	
11.77247	267.509346	267.558974	268.757256	266.948109	
11.77722	267.517926	267.593881	268.765836	267.035376	
11.79576	267.549072	267.611334	268.796983	267.096462	
11.80038	267.556911	267.646241	268.804822	267.183729	
11.81061	267.573503	267.663694	268.821413	267.244815	
11.82086	267.589543	267.681147	268.837453	267.305902	
11.83149	267.605547	267.707327	268.853458	267.366988	
11.84123	267.61971	267.724781	268.86762	267.436801	
11.85983	267.644396	267.750961	268.892307	267.506614	
11.86451	267.650684	267.768414	268.898594	267.585154	
11.87471	267.663628	267.794594	268.911538	267.646241	
11.88498	267.676108	267.812047	268.924019	267.716054	
11.8955	267.688292	267.8295	268.936203	267.77714	
11.90538	267.699218	267.846954	268.947129	267.838227	
11.91554	267.709895	267.864407	268.957806	267.899314	
11.92576	267.720084	267.88186	268.967995	267.969127	
11.9359	267.729651	267.890587	268.977562	268.030213	
11.94614	267.738766	267.90804	268.986676	268.100026	
11.95645	267.747386	267.916767	268.995296	268.161113	
11.9669	267.755556	267.925493	269.003467	268.222199	
11.97702	267.762951	267.93422	269.010862	268.292013	
11.98676	267.769601	267.942947	269.017511	268.353099	
11.99719	267.776156	267.942947	269.024067	268.414186	
12.0157	267.78572	267.942947	269.033631	268.483999	
12.02084	267.788427	267.951673	269.036338	268.562539	
12.03116	267.793237	267.951673	269.041147	268.623625	
12.0412	267.797462	267.951673	269.045373	268.693438	
12.05164	267.801357	267.951673	269.049267	268.763252	
12.06149	267.804627	267.951673	269.052538	268.824338	
12.07223	267.80769	267.951673	269.0556	268.885425	
12.08237	267.810179	267.951673	269.058089	268.955238	
12.0925	267.81228	267.951673	269.06019	269.016324	
12.10263	267.814016	267.951673	269.061926	269.077411	
12.11322	267.8193	267.951673	269.067211	269.138497	
12.12971	267.8193	267.951673	269.067211	269.20831	
12.14005	267.8193	267.951673	269.067211	269.23449	
12.15022	267.8193	267.951673	269.067211	269.251944	
12.16029	267.8193	267.951673	269.067211	269.243217	
12.17935	267.8193	267.951673	269.067211	269.199584	
12.18393	267.8193	267.951673	269.067211	269.182131	
12.19411	267.8193	267.951673	269.067211	269.147224	
12.20425	267.8193	267.951673	269.067211	269.103591	
12.21446	267.8193	267.951673	269.067211	269.059957	
12.22471	267.8193	267.951673	269.067211	269.025051	
12.2349	267.8193	267.951673	269.067211	268.990144	
12.25335	267.8193	267.951673	269.067211	268.972691	
12.25817	267.8193	267.951673	269.067211	268.955238	
12.26808	267.8193	267.951673	269.067211	268.955238	
12.27847	267.8193	267.951673	269.067211	268.963964	
12.28845	267.8193	267.942947	269.067211	268.981418	
12.29863	267.8193	267.942947	269.067211	269.007598	
12.30878	267.8193	267.942947	269.067211	269.042504	
12.32733	267.8193	267.942947	269.067211	269.094864	
12.3319	267.8193	267.942947	269.067211	269.103591	
12.3421	267.8193	267.942947	269.067211	269.129771	
12.35229	267.8193	267.942947	269.067211	269.147224	
12.36242	267.8193	267.942947	269.067211	269.155951	
12.37394	267.8193	267.93422	269.067211	269.155951	
12.38285	267.8193	267.93422	269.067211	269.147224	
12.39302	267.8193	267.925493	269.067211	269.138497	
12.40318	267.8193	267.925493	269.067211	269.129771	
12.4134	267.8193	267.916767	269.067211	269.112317	
12.42362	267.8193	267.90804	269.067211	269.086137	
12.43378	267.8193	267.90804	269.067211	269.068684	
12.444	267.8193	267.899314	269.067211	269.042504	
12.45415	267.8193	267.890587	269.067211	269.033778	
12.46436	267.8193	267.890587	269.067211	269.016324	
12.47472	267.8193	267.88186	269.067211	269.007598	
12.48497	267.8193	267.873134	269.067211	269.007598	
12.49512	267.8193	267.864407	269.067211	269.007598	
12.50527	267.8193	267.85568	269.067211	269.025051	
12.51544	267.8193	267.846954	269.067211	269.033778	
12.52563	267.8193	267.838227	269.067211	269.042504	
12.5358	267.8193	267.8295	269.067211	269.059957	
12.5461	267.8193	267.820774	269.067211	269.077411	
12.55617	267.8193	267.812047	269.067211	269.094864	
12.5665	267.8193	267.80332	269.067211	269.103591	
12.5765	267.8193	267.80332	269.067211	269.112317	
12.58678	267.8193	267.80332	269.067211	269.112317	
12.59689	267.8193	267.794594	269.067211	269.112317	
12.60704	267.8193	267.785867	269.067211	269.103591	
12.61724	267.8193	267.785867	269.067211	269.094864	
12.63558	267.8193	267.785867	269.067211	269.077411	
12.64018	267.8193	267.785867	269.067211	269.068684	
12.6503	267.8193	267.785867	269.067211	269.059957	
12.66051	267.8193	267.794594	269.067211	269.051231	
12.67069	267.8193	267.794594	269.067211	269.051231	
12.68096	267.8193	267.80332	269.067211	269.042504	
12.69111	267.8193	267.80332	269.067211	269.042504	
12.70125	267.8193	267.80332	269.067211	269.042504	
12.71146	267.8193	267.812047	269.067211	269.042504	
12.72161	267.8193	267.812047	269.067211	269.042504	
12.73177	267.8193	267.812047	269.067211	269.051231	
12.74219	267.8193	267.820774	269.067211	269.059957	
12.75215	267.8193	267.820774	269.067211	269.068684	
12.76237	267.8193	267.820774	269.067211	269.068684	
12.77251	267.8193	267.820774	269.067211	269.077411	
12.78271	267.8193	267.820774	269.067211	269.077411	
12.79294	267.8193	267.820774	269.067211	269.077411	
12.8031	267.8193	267.820774	269.067211	269.077411	
12.81329	267.8193	267.820774	269.067211	269.077411	
12.82356	267.8193	267.820774	269.067211	269.077411	
12.83365	267.8193	267.820774	269.067211	269.077411	
12.84386	267.8193	267.820774	269.067211	269.077411	
12.85406	267.8193	267.820774	269.067211	269.077411	
12.86423	267.8193	267.820774	269.067211	269.077411	
12.87435	267.8193	267.820774	269.067211	269.077411	
12.88459	267.8193	267.820774	269.067211	269.077411	
12.89471	267.8193	267.820774	269.067211	269.077411	
12.905	267.8193	267.820774	269.067211	269.077411	
12.9151	267.8193	267.820774	269.067211	269.077411	
12.92533	267.8193	267.820774	269.067211	269.077411	
12.93553	267.8193	267.820774	269.067211	269.077411	
12.94566	267.8193	267.820774	269.067211	269.077411	
12.95584	267.8193	267.820774	269.067211	269.077411	
12.96617	267.8193	267.820774	269.067211	269.077411	
12.97632	267.8193	267.820774	269.067211	269.077411	
12.98641	267.8193	267.820774	269.067211	269.077411	
12.99667	267.8193	267.820774	269.067211	269.077411	
13.0068	267.8193	267.820774	269.067211	269.077411	
13.01705	267.8193	267.820774	269.067211	269.077411	
13.02716	267.8193	267.820774	269.067211	269.077411	
13.03748	267.8193	267.820774	269.067211	269.077411	
13.04764	267.8193	267.820774	269.067211	269.077411	
13.05777	267.8193	267.820774	269.067211	269.077411	
13.06794	267.8193	267.820774	269.067211	269.077411	
13.07811	267.8193	267.820774	269.067211	269.077411	
13.08827	267.8193	267.820774	269.067211	269.077411	
13.0984	267.8193	267.820774	269.067211	269.077411	
13.10861	267.8193	267.820774	269.067211	269.077411	
13.11874	267.8193	267.820774	269.067211	269.077411	
13.13726	267.8193	267.820774	269.067211	269.077411	
13.14188	267.8193	267.820774	269.067211	269.077411	
13.152	267.8193	267.820774	269.067211	269.077411	
13.16223	267.8193	267.820774	269.067211	269.077411	
13.17244	267.8193	267.820774	269.067211	269.077411	
13.18256	267.8193	267.820774	269.067211	269.077411	
13.19279	267.8193	267.820774	269.067211	269.077411	
13.20289	267.8193	267.820774	269.067211	269.077411	
13.21311	267.8193	267.820774	269.067211	269.077411	
13.22339	267.8193	267.820774	269.067211	269.077411	
13.23346	267.8193	267.820774	269.067211	269.077411	
13.24366	267.8193	267.820774	269.067211	269.077411	
13.25392	267.8193	267.820774	269.067211	269.077411	
13.26406	267.8193	267.820774	269.067211	269.077411	
13.27417	267.8193	267.820774	269.067211	269.077411	
13.28439	267.8193	267.820774	269.067211	269.077411	
13.29457	267.8193	267.820774	269.067211	269.077411	
13.30477	267.8193	267.820774	269.067211	269.077411	
13.31497	267.8193	267.820774	269.067211	269.077411	
13.32511	267.8193	267.820774	269.067211	269.077411	
13.33538	267.8193	267.820774	269.067211	269.077411	
13.34548	267.8193	267.820774	269.067211	269.077411	
13.35564	267.8193	267.820774	269.067211	269.077411	
13.36601	267.8193	267.820774	269.067211	269.077411	
13.37611	267.8193	267.820774	269.067211	269.077411	
13.38644	267.8193	267.820774	269.067211	269.077411	
13.39639	267.8193	267.820774	269.067211	269.077411	
13.40651	267.8193	267.820774	269.067211	269.077411	
13.41681	267.8193	267.820774	269.067211	269.077411	
13.42695	267.8193	267.820774	269.067211	269.077411	
13.43718	267.8193	267.820774	269.067211	269.077411	
13.45571	267.8193	267.820774	269.067211	269.077411	
13.46031	267.8193	267.820774	269.067211	269.077411	
13.47053	267.8193	267.820774	269.067211	269.077411	
13.48073	267.8193	267.820774	269.067211	269.077411	
13.4909	267.8193	267.820774	269.067211	269.077411	
13.50112	267.8193	267.820774	269.067211	269.077411	
13.51961	267.8193	267.820774	269.067211	269.077411	
13.525	267.8193	267.820774	269.067211	269.077411	
13.53468	267.8193	267.820774	269.067211	269.077411	
13.55305	267.8193	267.820774	269.067211	269.077411	
13.55768	267.8193	267.820774	269.067211	269.077411	
13.56825	267.8193	267.820774	269.067211	269.077411	
13.58646	267.8193	267.820774	269.067211	269.077411	
13.59107	267.8193	267.820774	269.067211	269.077411	
13.60129	267.8193	267.820774	269.067211	269.077411	
13.61146	267.8193	267.820774	269.067211	269.077411	
13.62167	267.8193	267.820774	269.067211	269.077411	
13.63189	267.8193	267.820774	269.067211	269.077411	
13.64206	267.8193	267.820774	269.067211	269.077411	
13.65219	267.8193	267.820774	269.067211	269.077411	
13.66242	267.8193	267.820774	269.067211	269.077411	
13.67263	267.8193	267.820774	269.067211	269.077411	
13.68277	267.8193	267.820774	269.067211	269.077411	
13.69302	267.8193	267.820774	269.067211	269.077411	
13.70323	267.8193	267.820774	269.067211	269.077411	
13.71341	267.8193	267.820774	269.067211	269.077411	
13.72373	267.8193	267.820774	269.067211	269.077411	
13.73381	267.8193	267.820774	269.067211	269.077411	
13.74417	267.8193	267.820774	269.067211	269.077411	
13.75424	267.8193	267.820774	269.067211	269.077411	
13.76442	267.8193	267.820774	269.067211	269.077411	
13.77462	267.8193	267.820774	269.067211	269.077411	
13.78481	267.8193	267.820774	269.067211	269.077411	
13.795	267.8193	267.820774	269.067211	269.077411	
13.80519	267.8193	267.820774	269.067211	269.077411	
13.81549	267.8193	267.820774	269.067211	269.077411	
13.82559	267.8193	267.820774	269.067211	269.077411	
13.8358	267.8193	267.820774	269.067211	269.077411	
13.84614	267.8193	267.820774	269.067211	269.077411	
13.85631	267.8193	267.820774	269.067211	269.077411	
13.86642	267.8193	267.820774	269.067211	269.077411	
13.87662	267.8193	267.820774	269.067211	269.077411	
13.88682	267.8193	267.820774	269.067211	269.077411	
13.89712	267.8193	267.820774	269.067211	269.077411	
13.90725	267.8193	267.820774	269.067211	269.077411	
13.92628	267.8193	267.820774	269.067211	269.077411	
13.93103	267.8193	267.820774	269.067211	269.077411	
13.94104	267.8193	267.820774	269.067211	269.077411	
13.95122	267.8193	267.820774	269.067211	269.077411	
13.9612	267.8193	267.820774	269.067211	269.077411	
13.97201	267.8193	267.820774	269.067211	269.077411	
13.98142	267.8193	267.820774	269.067211	269.077411	
13.99157	267.8193	267.820774	269.067211	269.077411	
14.00168	267.8193	267.820774	269.067211	269.077411	
14.01185	267.8193	267.820774	269.067211	269.077411	
14.02195	267.8193	267.820774	269.067211	269.077411	
14.03218	267.8193	267.820774	269.067211	269.077411	
14.04226	267.8193	267.820774	269.067211	269.077411	
14.05239	267.8193	267.820774	269.067211	269.077411	
14.0625	267.8193	267.820774	269.067211	269.077411	
14.07267	267.8193	267.820774	269.067211	269.077411	
14.083	267.8193	267.820774	269.067211	269.077411	
14.09294	267.8193	267.820774	269.067211	269.077411	
14.10307	267.8193	267.820774	269.067211	269.077411	
14.11319	267.8193	267.820774	269.067211	269.077411	
14.12329	267.8193	267.820774	269.067211	269.077411	
14.13353	267.8193	267.820774	269.067211	269.077411	
14.14369	267.8193	267.820774	269.067211	269.077411	
14.15376	267.8193	267.820774	269.067211	269.077411	
14.16384	267.8193	267.820774	269.067211	269.077411	
14.17405	267.8193	267.820774	269.067211	269.077411	
14.18416	267.8193	267.820774	269.067211	269.077411	
14.19431	267.8193	267.820774	269.067211	269.077411	
14.20443	267.8193	267.820774	269.067211	269.077411	
14.21456	267.8193	267.820774	269.067211	269.077411	
14.22469	267.8193	267.820774	269.067211	269.077411	
14.23502	267.8193	267.820774	269.067211	269.077411	
14.24499	267.8193	267.820774	269.067211	269.077411	
14.25512	267.8193	267.820774	269.067211	269.077411	
14.26519	267.8193	267.820774	269.067211	269.077411	
14.27533	267.8193	267.820774	269.067211	269.077411	
14.28545	267.8193	267.820774	269.067211	269.077411	
14.29572	267.8193	267.820774	269.067211	269.077411	
14.30576	267.8193	267.820774	269.067211	269.077411	
14.31587	267.8193	267.820774	269.067211	269.077411	
14.32606	267.8193	267.820774	269.067211	269.077411	
14.33657	267.8193	267.820774	269.067211	269.077411	
14.34632	267.8193	267.820774	269.067211	269.077411	
14.35642	267.8193	267.820774	269.067211	269.077411	
14.36656	267.8193	267.820774	269.067211	269.077411	
14.37667	267.8193	267.820774	269.067211	269.077411	
14.38679	267.8193	267.820774	269.067211	269.077411	
14.39703	267.8193	267.820774	269.067211	269.077411	
14.40715	267.8193	267.820774	269.067211	269.077411	
14.41734	267.8193	267.820774	269.067211	269.077411	
14.43535	267.8193	267.820774	269.067211	269.077411	
14.44005	267.8193	267.820774	269.067211	269.077411	
14.45023	267.8193	267.820774	269.067211	269.077411	
14.4604	267.8193	267.820774	269.067211	269.077411	
14.47061	267.8193	267.820774	269.067211	269.077411	
14.48078	267.8193	267.820774	269.067211	269.077411	
14.491	267.8193	267.820774	269.067211	269.077411	
14.5012	267.8193	267.820774	269.067211	269.077411	
14.51123	267.8193	267.820774	269.067211	269.077411	
14.52127	267.8193	267.820774	269.067211	269.077411	
14.5314	267.8193	267.820774	269.067211	269.077411	
14.54152	267.8193	267.820774	269.067211	269.077411	
14.55167	267.8193	267.820774	269.067211	269.077411	
14.56185	267.8193	267.820774	269.067211	269.077411	
14.57189	267.8193	267.820774	269.067211	269.077411	
14.58223	267.8193	267.820774	269.067211	269.077411	
14.59217	267.8193	267.820774	269.067211	269.077411	
14.60239	267.8193	267.820774	269.067211	269.077411	
14.61251	267.8193	267.820774	269.067211	269.077411	
14.6227	267.8193	267.820774	269.067211	269.077411	
14.6329	267.8193	267.820774	269.067211	269.077411	
14.64294	267.8193	267.820774	269.067211	269.077411	
14.65308	267.8193	267.820774	269.067211	269.077411	
14.66318	267.8193	267.820774	269.067211	269.077411	
14.67334	267.8193	267.820774	269.067211	269.077411	
14.68346	267.8193	267.820774	269.067211	269.077411	
14.69359	267.8193	267.820774	269.067211	269.077411	
14.7038	267.8193	267.820774	269.067211	269.077411	
14.71387	267.8193	267.820774	269.067211	269.077411	
14.72399	267.8193	267.820774	269.067211	269.077411	
14.73417	267.8193	267.820774	269.067211	269.077411	
14.74423	267.8193	267.820774	269.067211	269.077411	
14.75443	267.8193	267.820774	269.067211	269.077411	
14.76455	267.8193	267.820774	269.067211	269.077411	
14.77463	267.8193	267.820774	269.067211	269.077411	
14.7849	267.8193	267.820774	269.067211	269.077411	
14.79518	267.8193	267.820774	269.067211	269.077411	
14.8051	267.8193	267.820774	269.067211	269.077411	
14.81524	267.8193	267.820774	269.067211	269.077411	
14.82536	267.8193	267.820774	269.067211	269.077411	
14.83548	267.8193	267.820774	269.067211	269.077411	
14.84557	267.8193	267.820774	269.067211	269.077411	
14.85579	267.8193	267.820774	269.067211	269.077411	
14.86584	267.8193	267.820774	269.067211	269.077411	
14.87601	267.8193	267.820774	269.067211	269.077411	
14.88615	267.8193	267.820774	269.067211	269.077411	
14.89662	267.8193	267.820774	269.067211	269.077411	
14.90637	267.8193	267.820774	269.067211	269.077411	
14.91648	267.8193	267.820774	269.067211	269.077411	
14.92662	267.8193	267.820774	269.067211	269.077411	
14.93676	267.8193	267.820774	269.067211	269.077411	
14.94687	267.8193	267.820774	269.067211	269.077411	
14.95704	267.8193	267.820774	269.067211	269.077411	
14.96712	267.8193	267.820774	269.067211	269.077411	
14.97734	267.8193	267.820774	269.067211	269.077411	
14.98749	267.8193	267.820774	269.067211	269.077411	
14.99752	267.8193	267.820774	269.067211	269.077411	
15.00793	267.8193	267.820774	269.067211	269.077411	
15.01775	267.8193	267.820774	269.067211	269.077411	
15.0279	267.8193	267.820774	269.067211	269.077411	
15.03806	267.8193	267.820774	269.067211	269.077411	
15.04812	267.8193	267.820774	269.067211	269.077411	
15.05826	267.8193	267.820774	269.067211	269.077411	
15.06839	267.8193	267.820774	269.067211	269.077411	
15.07852	267.8193	267.820774	269.067211	269.077411	
15.08868	267.8193	267.820774	269.067211	269.077411	
15.09881	267.8193	267.820774	269.067211	269.077411	
15.10936	267.8193	267.820774	269.067211	269.077411	
15.11922	267.8193	267.820774	269.067211	269.077411	
15.1294	267.8193	267.820774	269.067211	269.077411	
15.13966	267.8193	267.820774	269.067211	269.077411	
15.14968	267.8193	267.820774	269.067211	269.077411	
15.15986	267.8193	267.820774	269.067211	269.077411	
15.16996	267.8193	267.820774	269.067211	269.077411	
15.18009	267.8193	267.820774	269.067211	269.077411	
15.19026	267.8193	267.820774	269.067211	269.077411	
15.20038	267.8193	267.820774	269.067211	269.077411	
15.2105	267.8193	267.820774	269.067211	269.077411	
15.22064	267.8193	267.820774	269.067211	269.077411	
15.2308	267.8193	267.820774	269.067211	269.077411	
15.24095	267.8193	267.820774	269.067211	269.077411	
15.25105	267.8193	267.820774	269.067211	269.077411	
15.26115	267.8193	267.820774	269.067211	269.077411	
15.27131	267.8193	267.820774	269.067211	269.077411	
15.28145	267.8193	267.820774	269.067211	269.077411	
15.29157	267.8193	267.820774	269.067211	269.077411	
15.30171	267.8193	267.820774	269.067211	269.077411	
15.31188	267.8193	267.820774	269.067211	269.077411	
15.32202	267.8193	267.820774	269.067211	269.077411	
15.33212	267.8193	267.820774	269.067211	269.077411	
15.34229	267.8193	267.820774	269.067211	269.077411	
15.35238	267.8193	267.820774	269.067211	269.077411	
15.36255	267.8193	267.820774	269.067211	269.077411	
15.37266	267.8193	267.820774	269.067211	269.077411	
15.38278	267.8193	267.820774	269.067211	269.077411	
15.39335	267.8193	267.820774	269.067211	269.077411	
15.40342	267.8193	267.820774	269.067211	269.077411	
15.41359	267.8193	267.820774	269.067211	269.077411	
15.42376	267.8193	267.820774	269.067211	269.077411	
15.43389	267.8193	267.820774	269.067211	269.077411	
15.44402	267.8193	267.820774	269.067211	269.077411	
15.45417	267.8193	267.820774	269.067211	269.077411	
15.46423	267.8193	267.820774	269.067211	269.077411	
15.47442	267.8193	267.820774	269.067211	269.077411	
15.48454	267.8193	267.820774	269.067211	269.077411	
15.49473	267.8193	267.820774	269.067211	269.077411	
15.50487	267.8193	267.820774	269.067211	269.077411	
15.51506	267.8193	267.820774	269.067211	269.077411	
15.52511	267.8193	267.820774	269.067211	269.077411	
15.53528	267.8193	267.820774	269.067211	269.077411	
15.5454	267.8193	267.820774	269.067211	269.077411	
15.55553	267.8193	267.820774	269.067211	269.077411	
15.56565	267.8193	267.820774	269.067211	269.077411	
15.57578	267.8193	267.820774	269.067211	269.077411	
15.5861	267.8193	267.820774	269.067211	269.077411	
15.59621	267.8193	267.820774	269.067211	269.077411	
15.60634	267.8193	267.820774	269.067211	269.077411	
15.61646	267.8193	267.820774	269.067211	269.077411	
15.62662	267.8193	267.820774	269.067211	269.077411	
15.63673	267.8193	267.820774	269.067211	269.077411	
15.6469	267.8193	267.820774	269.067211	269.077411	
15.65708	267.8193	267.820774	269.067211	269.077411	
15.66719	267.8193	267.820774	269.067211	269.077411	
15.67738	267.8193	267.820774	269.067211	269.077411	
15.68757	267.8193	267.820774	269.067211	269.077411	
15.69757	267.8193	267.820774	269.067211	269.077411	
15.70768	267.8193	267.820774	269.067211	269.077411	
15.71811	267.8193	267.820774	269.067211	269.077411	
15.72795	267.8193	267.820774	269.067211	269.077411	
15.73807	267.8193	267.820774	269.067211	269.077411	
15.74818	267.8193	267.820774	269.067211	269.077411	
15.7584	267.8193	267.820774	269.067211	269.077411	
15.76844	267.8193	267.820774	269.067211	269.077411	
15.77859	267.8193	267.820774	269.067211	269.077411	
15.78871	267.8193	267.820774	269.067211	269.077411	
15.8067	267.8193	267.820774	269.067211	269.077411	
15.81106	267.8193	267.820774	269.067211	269.077411	
15.82122	267.8193	267.820774	269.067211	269.077411	
15.83139	267.8193	267.820774	269.067211	269.077411	
15.84148	267.8193	267.820774	269.067211	269.077411	
15.85161	267.8193	267.820774	269.067211	269.077411	
15.86171	267.8193	267.820774	269.067211	269.077411	
15.87193	267.8193	267.820774	269.067211	269.077411	
15.88201	267.8193	267.820774	269.067211	269.077411	
15.89213	267.8193	267.820774	269.067211	269.077411	
15.90232	267.8193	267.820774	269.067211	269.077411	
15.91245	267.8193	267.820774	269.067211	269.077411	
15.92256	267.8193	267.820774	269.067211	269.077411	
15.94068	267.8193	267.820774	269.067211	269.077411	
15.94514	267.8193	267.820774	269.067211	269.077411	
15.95522	267.8193	267.820774	269.067211	269.077411	
15.96534	267.8193	267.820774	269.067211	269.077411	
15.97627	267.8193	267.820774	269.067211	269.077411	
15.98557	267.8193	267.820774	269.067211	269.077411	
15.9957	267.8193	267.820774	269.067211	269.077411	
16.00593	267.8193	267.820774	269.067211	269.077411	
16.01603	267.8193	267.820774	269.067211	269.077411	
16.02609	267.8193	267.820774	269.067211	269.077411	
16.0363	267.8193	267.820774	269.067211	269.077411	
16.04643	267.8193	267.820774	269.067211	269.077411	
16.0565	267.8193	267.820774	269.067211	269.077411	
16.06662	267.8193	267.820774	269.067211	269.077411	
16.07677	267.8193	267.820774	269.067211	269.077411	
16.08697	267.8193	267.820774	269.067211	269.077411	
16.09714	267.8193	267.820774	269.067211	269.077411	
16.10723	267.8193	267.820774	269.067211	269.077411	
16.1174	267.8193	267.820774	269.067211	269.077411	
16.12804	267.8193	267.820774	269.067211	269.077411	
16.13781	267.8193	267.820774	269.067211	269.077411	
16.14792	267.8193	267.820774	269.067211	269.077411	
16.15805	267.8193	267.820774	269.067211	269.077411	
16.16817	267.8193	267.820774	269.067211	269.077411	
16.17832	267.8193	267.820774	269.067211	269.077411	
16.18843	267.8193	267.820774	269.067211	269.077411	
16.19857	267.8193	267.820774	269.067211	269.077411	
16.20869	267.8193	267.820774	269.067211	269.077411	
16.21883	267.8193	267.820774	269.067211	269.077411	
16.2294	267.8193	267.820774	269.067211	269.077411	
16.23949	267.8193	267.820774	269.067211	269.077411	
16.24957	267.8193	267.820774	269.067211	269.077411	
16.25968	267.8193	267.820774	269.067211	269.077411	
16.26979	267.8193	267.820774	269.067211	269.077411	
16.27999	267.8193	267.820774	269.067211	269.077411	
16.29008	267.8193	267.820774	269.067211	269.077411	
16.30022	267.8193	267.820774	269.067211	269.077411	
16.31038	267.8193	267.820774	269.067211	269.077411	
16.32051	267.8193	267.820774	269.067211	269.077411	
16.33065	267.8193	267.820774	269.067211	269.077411	
16.34078	267.8193	267.820774	269.067211	269.077411	
16.35091	267.8193	267.820774	269.067211	269.077411	
16.36109	267.8193	267.820774	269.067211	269.077411	
16.37121	267.8193	267.820774	269.067211	269.077411	
16.38136	267.8193	267.820774	269.067211	269.077411	
16.39156	267.8193	267.820774	269.067211	269.077411	
16.40162	267.8193	267.820774	269.067211	269.077411	
16.41175	267.8193	267.820774	269.067211	269.077411	
16.42188	267.8193	267.820774	269.067211	269.077411	
16.43205	267.8193	267.820774	269.067211	269.077411	
16.44225	267.8193	267.820774	269.067211	269.077411	
16.45229	267.8193	267.820774	269.067211	269.077411	
16.4624	267.8193	267.820774	269.067211	269.077411	
16.47257	267.8193	267.820774	269.067211	269.077411	
16.48269	267.8193	267.820774	269.067211	269.077411	
16.49282	267.8193	267.820774	269.067211	269.077411	
16.50296	267.8193	267.820774	269.067211	269.077411	
16.51319	267.8193	267.820774	269.067211	269.077411	
16.52323	267.8193	267.820774	269.067211	269.077411	
16.5334	267.8193	267.820774	269.067211	269.077411	
16.54363	267.8193	267.820774	269.067211	269.077411	
16.55368	267.8193	267.820774	269.067211	269.077411	
16.56379	267.8193	267.820774	269.067211	269.077411	
16.57389	267.8193	267.820774	269.067211	269.077411	
16.58421	267.8193	267.820774	269.067211	269.077411	
16.59419	267.8193	267.820774	269.067211	269.077411	
16.60431	267.8193	267.820774	269.067211	269.077411	
16.61448	267.8193	267.820774	269.067211	269.077411	
16.62459	267.8193	267.820774	269.067211	269.077411	
16.63467	267.8193	267.820774	269.067211	269.077411	
16.64487	267.8193	267.820774	269.067211	269.077411	
16.65503	267.8193	267.820774	269.067211	269.077411	
16.66516	267.8193	267.820774	269.067211	269.077411	
16.67525	267.8193	267.820774	269.067211	269.077411	
16.68541	267.8193	267.820774	269.067211	269.077411	
16.69554	267.8193	267.820774	269.067211	269.077411	
16.70568	267.8193	267.820774	269.067211	269.077411	
16.71579	267.8193	267.820774	269.067211	269.077411	
16.72592	267.8193	267.820774	269.067211	269.077411	
16.73605	267.8193	267.820774	269.067211	269.077411	
16.74646	267.8193	267.820774	269.067211	269.077411	
16.76535	267.8193	267.820774	269.067211	269.077411	
16.76971	267.8193	267.820774	269.067211	269.077411	
16.77987	267.8193	267.820774	269.067211	269.077411	
16.79001	267.8193	267.820774	269.067211	269.077411	
16.80015	267.8193	267.820774	269.067211	269.077411	
16.81028	267.8193	267.820774	269.067211	269.077411	
16.82042	267.8193	267.820774	269.067211	269.077411	
16.83056	267.8193	267.820774	269.067211	269.077411	
16.84071	267.8193	267.820774	269.067211	269.077411	
16.85083	267.8193	267.820774	269.067211	269.077411	
16.86094	267.8193	267.820774	269.067211	269.077411	
16.87111	267.8193	267.820774	269.067211	269.077411	
16.88126	267.8193	267.820774	269.067211	269.077411	
16.8914	267.8193	267.820774	269.067211	269.077411	
16.90153	267.8193	267.820774	269.067211	269.077411	
16.91175	267.8193	267.820774	269.067211	269.077411	
16.92181	267.8193	267.820774	269.067211	269.077411	
16.93194	267.8193	267.820774	269.067211	269.077411	
16.94206	267.8193	267.820774	269.067211	269.077411	
16.95221	267.8193	267.820774	269.067211	269.077411	
16.96236	267.8193	267.820774	269.067211	269.077411	
16.97246	267.8193	267.820774	269.067211	269.077411	
16.98262	267.8193	267.820774	269.067211	269.077411	
16.99273	267.8193	267.820774	269.067211	269.077411	
17.00284	267.8193	267.820774	269.067211	269.077411	
17.01304	267.8193	267.820774	269.067211	269.077411	
17.02313	267.8193	267.820774	269.067211	269.077411	
17.03334	267.8193	267.820774	269.067211	269.077411	
17.04345	267.8193	267.820774	269.067211	269.077411	
17.05358	267.8193	267.820774	269.067211	269.077411	
17.06376	267.8193	267.820774	269.067211	269.077411	
17.07386	267.8193	267.820774	269.067211	269.077411	
17.08399	267.8193	267.820774	269.067211	269.077411	
17.09416	267.8193	267.820774	269.067211	269.077411	
17.10422	267.8193	267.820774	269.067211	269.077411	
17.11479	267.8193	267.820774	269.067211	269.077411	
17.1245	267.8193	267.820774	269.067211	269.077411	
17.13469	267.8193	267.820774	269.067211	269.077411	
17.14488	267.8193	267.820774	269.067211	269.077411	
17.15506	267.8193	267.820774	269.067211	269.077411	
17.16513	267.8193	267.820774	269.067211	269.077411	
17.17522	267.8193	267.820774	269.067211	269.077411	
17.18536	267.8193	267.820774	269.067211	269.077411	
17.19547	267.8193	267.820774	269.067211	269.077411	
17.20558	267.8193	267.820774	269.067211	269.077411	
17.21582	267.8193	267.820774	269.067211	269.077411	
17.22586	267.8193	267.820774	269.067211	269.077411	
17.23603	267.8193	267.820774	269.067211	269.077411	
17.24612	267.8193	267.820774	269.067211	269.077411	
17.25653	267.8193	267.820774	269.067211	269.077411	
17.27923	267.8193	267.820774	269.067211	269.077411	
