16.61536	3.15998893	3.15904595	2.65384344	2.65290046	
16.62546	3.16152683	3.15904595	2.65538135	2.65290046	
16.63555	3.16367352	3.15904595	2.65752804	2.65290046	
16.64568	3.16644685	3.15904595	2.66030137	2.66162711	
16.65586	3.16985743	3.16777259	2.66371195	2.66162711	
16.66601	3.17387202	3.17649924	2.66772654	2.66162711	
16.67614	3.17849483	3.17649924	2.67234934	2.66162711	
16.68628	3.18374343	3.17649924	2.67759795	2.66162711	
16.69645	3.18962497	3.18522588	2.68347949	2.66162711	
16.70657	3.19609031	3.19395253	2.68994483	2.66162711	
16.71677	3.2032348	3.19395253	2.69708932	2.66162711	
16.72689	3.21093616	3.20267918	2.70479068	2.66162711	
16.73705	3.21928957	3.21140582	2.71314409	2.66162711	
16.74716	3.22820803	3.21140582	2.72206255	2.66162711	
16.75725	3.23772688	3.22013247	2.7315814	2.66162711	
16.76745	3.24797207	3.22885912	2.74182659	2.66162711	
16.77757	3.2587523	3.23758576	2.75260682	2.66162711	
16.78772	3.27017648	3.24631241	2.76403099	2.66162711	
16.7978	3.28217229	3.24631241	2.77602681	2.66162711	
16.80793	3.29476533	3.25503905	2.78861985	2.66162711	
16.81848	3.30860838	3.2637657	2.8024629	2.66162711	
16.82827	3.32200759	3.2637657	2.81586211	2.66162711	
16.83843	3.33654252	3.27249235	2.83039704	2.67035376	
16.84858	3.35167015	3.28121899	2.84552466	2.67035376	
16.85865	3.36728882	3.28121899	2.86114333	2.67035376	
16.86884	3.38372008	3.28121899	2.8775746	2.6790804	
16.87896	3.40066292	3.28994564	2.89451744	2.68780705	
16.88909	3.41822451	3.28994564	2.91207903	2.70526034	
16.89921	3.43639577	3.29867229	2.93025029	2.71398699	
16.90932	3.45514113	3.29867229	2.94899565	2.72271363	
16.91974	3.47516421	3.30739893	2.96901872	2.74016693	
16.93	3.49546512	3.31612558	2.98931963	2.75762022	
16.94012	3.51610248	3.31612558	3.00995699	2.76634686	
16.95023	3.53734057	3.33357887	3.03119508	2.78380016	
16.9604	3.55933826	3.34230552	3.05319278	2.80125345	
16.97049	3.58175801	3.35103216	3.07561253	2.81870674	
16.98066	3.60498783	3.36848546	3.09884235	2.83616003	
16.99086	3.6288945	3.3772121	3.12274902	2.85361333	
17.00092	3.65308776	3.3946654	3.14694227	2.87106662	
17.01132	3.6787813	3.41211869	3.17263582	2.89724656	
17.02123	3.70380707	3.42084533	3.19766158	2.91469985	
17.03136	3.73002124	3.44702527	3.22387576	2.93215314	
17.04146	3.75676619	3.46447857	3.2506207	2.96705973	
17.05156	3.78413427	3.4906585	3.27798879	2.98451302	
17.06171	3.8122378	3.51683844	3.30609232	3.01069296	
17.07185	3.84093268	3.54301838	3.3347872	3.0368729	
17.08233	3.8712832	3.56919832	3.36513772	3.06305284	
17.09238	3.90095831	3.59537826	3.39481283	3.08923278	
17.10247	3.93139121	3.63028484	3.42524572	3.11541271	
17.11299	3.96184853	3.65646478	3.45570305	3.14159265	
17.12278	3.98968047	3.68264472	3.48353499	3.17649924	
17.13295	4.01801965	3.71755131	3.51187417	3.20267918	
17.14306	4.04561351	3.75245789	3.53946802	3.23758576	
17.15531	4.07813876	3.78736448	3.57199328	3.27249235	
17.16541	4.10444617	3.82227106	3.59830069	3.29867229	
17.17552	4.13021741	3.85717765	3.62407192	3.33357887	
17.18564	4.15545341	3.89208423	3.64930792	3.35975881	
17.19579	4.18019961	3.93571746	3.67405413	3.38593875	
17.20592	4.20431327	3.97062405	3.69816779	3.42084533	
17.21609	4.22796984	4.00553063	3.72182436	3.45575192	
17.22681	4.25225777	4.04043722	3.74611228	3.4906585	
17.23691	4.2745494	4.08407045	3.76840392	3.51683844	
17.24711	4.29651065	4.11897703	3.79036517	3.55174503	
17.25714	4.31755964	4.15388362	3.81141416	3.57792497	
17.26732	4.33835624	4.1887902	3.83221076	3.61283155	
17.27744	4.35846267	4.22369679	3.85231719	3.63901149	
17.28762	4.37811778	4.24987673	3.8719723	3.66519143	
17.29776	4.39714597	4.28478331	3.89100049	3.69137137	
17.30783	4.41548257	4.3196899	3.90933709	3.71755131	
17.31803	4.43350115	4.34586984	3.92735566	3.74373125	
17.33807	4.46616009	4.40695636	3.96001461	3.78736448	
17.34244	4.47335869	4.42440965	3.96721321	3.80481777	
17.3526	4.48939806	4.45058959	3.98325258	3.82227106	
17.36264	4.50470653	4.47676953	3.99856104	3.83972435	
17.37299	4.51989929	4.50294947	4.0137538	3.86590429	
17.38294	4.53399331	4.52912941	4.02784783	3.89208423	
17.39306	4.54778264	4.55530935	4.04163716	3.90953752	
17.4032	4.56103464	4.57276264	4.05488916	3.92699082	
17.41329	4.57370439	4.59894258	4.06755891	3.94444411	
17.42465	4.58723532	4.61639587	4.08108983	3.9618974	
17.43371	4.59765382	4.64257581	4.09150834	3.97935069	
17.44376	4.60865492	4.6600291	4.10250944	3.99680399	
17.45394	4.61925522	4.6774824	4.11310974	4.00553063	
17.46402	4.62922585	4.69493569	4.12308037	4.02298393	
17.47427	4.63882852	4.71238898	4.13268304	4.03171057	
17.48443	4.64781432	4.72984227	4.14166884	4.04916386	
17.49453	4.65622297	4.74729557	4.15007748	4.05789051	
17.51307	4.66953597	4.7734755	4.16339049	4.08407045	
17.51735	4.67267377	4.7734755	4.16652828	4.08407045	
17.54073	4.68604676	4.7909288	4.17990128	4.10152374	
17.54509	4.68865465	4.7909288	4.18250917	4.11025039	
17.55522	4.69412136	4.79965544	4.18797588	4.11897703	
17.56535	4.69912016	4.79965544	4.19297467	4.11897703	
17.57547	4.70366613	4.79965544	4.19752065	4.12770368	
17.58565	4.70778232	4.7909288	4.20163683	4.13643033	
17.59576	4.71144178	4.7909288	4.20529629	4.13643033	
17.60593	4.71469456	4.78220215	4.20854908	4.13643033	
17.61601	4.71751696	4.78220215	4.21137148	4.13643033	
17.62615	4.71995782	4.78220215	4.21381234	4.14515697	
17.63639	4.7220387	4.7734755	4.21589321	4.14515697	
17.64651	4.72374666	4.76474886	4.21760118	4.14515697	
17.65669	4.72904595	4.75602221	4.22290046	4.14515697	
17.66674	4.72904595	4.74729557	4.22290046	4.14515697	
17.67692	4.72904595	4.74729557	4.22290046	4.14515697	
17.68712	4.72904595	4.73856892	4.22290046	4.14515697	
17.69721	4.72904595	4.72984227	4.22290046	4.14515697	
17.70731	4.72904595	4.72111563	4.22290046	4.14515697	
17.71747	4.72904595	4.71238898	4.22290046	4.14515697	
17.7277	4.72904595	4.71238898	4.22290046	4.14515697	
17.73799	4.72904595	4.71238898	4.22290046	4.14515697	
17.74797	4.72904595	4.71238898	4.22290046	4.14515697	
17.75811	4.72904595	4.71238898	4.22290046	4.14515697	
17.76822	4.72904595	4.71238898	4.22290046	4.14515697	
17.77839	4.72904595	4.71238898	4.22290046	4.14515697	
17.78852	4.72904595	4.71238898	4.22290046	4.14515697	
17.79861	4.72904595	4.71238898	4.22290046	4.14515697	
17.80879	4.72904595	4.71238898	4.22290046	4.14515697	
17.81887	4.72904595	4.71238898	4.22290046	4.14515697	
17.82903	4.72904595	4.71238898	4.22290046	4.14515697	
17.83967	4.72904595	4.71238898	4.22290046	4.14515697	
17.84935	4.72904595	4.71238898	4.22290046	4.14515697	
17.85947	4.72904595	4.71238898	4.22290046	4.14515697	
17.8696	4.72904595	4.71238898	4.22290046	4.14515697	
17.87991	4.72904595	4.71238898	4.22290046	4.14515697	
17.88992	4.72904595	4.71238898	4.22290046	4.14515697	
17.89998	4.72904595	4.71238898	4.22290046	4.14515697	
17.91012	4.72904595	4.71238898	4.22290046	4.14515697	
17.92025	4.72904595	4.71238898	4.22290046	4.14515697	
17.93048	4.72904595	4.71238898	4.22290046	4.14515697	
17.94071	4.72904595	4.71238898	4.22290046	4.14515697	
17.95086	4.72904595	4.71238898	4.22290046	4.14515697	
17.96095	4.72904595	4.71238898	4.22290046	4.14515697	
17.97107	4.72904595	4.71238898	4.22290046	4.14515697	
17.98143	4.72904595	4.71238898	4.22290046	4.14515697	
17.99134	4.72904595	4.71238898	4.22290046	4.14515697	
18.00145	4.72904595	4.71238898	4.22290046	4.14515697	
18.01174	4.72904595	4.71238898	4.22290046	4.14515697	
18.0217	4.72904595	4.71238898	4.22290046	4.14515697	
18.03316	4.72904595	4.71238898	4.22290046	4.14515697	
18.04257	4.72904595	4.71238898	4.22290046	4.14515697	
18.05227	4.72904595	4.71238898	4.22290046	4.14515697	
18.06235	4.72904595	4.71238898	4.22290046	4.14515697	
18.07257	4.72904595	4.71238898	4.22290046	4.14515697	
18.08284	4.72904595	4.71238898	4.22290046	4.14515697	
18.09272	4.72904595	4.71238898	4.22290046	4.14515697	
18.10283	4.72904595	4.71238898	4.22290046	4.14515697	
18.11303	4.72904595	4.71238898	4.22290046	4.14515697	
18.1231	4.72904595	4.71238898	4.22290046	4.14515697	
18.13441	4.72904595	4.71238898	4.22290046	4.14515697	
18.14349	4.72904595	4.71238898	4.22290046	4.14515697	
18.15363	4.72904595	4.71238898	4.22290046	4.14515697	
18.16374	4.72904595	4.71238898	4.22290046	4.14515697	
18.17383	4.72904595	4.71238898	4.22290046	4.14515697	
18.18429	4.72904595	4.71238898	4.22290046	4.14515697	
18.19442	4.72904595	4.71238898	4.22290046	4.14515697	
18.20454	4.72904595	4.71238898	4.22290046	4.14515697	
18.21468	4.72904595	4.71238898	4.22290046	4.14515697	
18.2248	4.72904595	4.71238898	4.22290046	4.14515697	
18.23564	4.72904595	4.71238898	4.22290046	4.14515697	
18.24556	4.72904595	4.71238898	4.22290046	4.14515697	
18.25531	4.72904595	4.71238898	4.22290046	4.14515697	
18.26541	4.72904595	4.71238898	4.22290046	4.14515697	
18.27551	4.72904595	4.71238898	4.22290046	4.14515697	
18.28572	4.72904595	4.71238898	4.22290046	4.14515697	
18.29585	4.72904595	4.71238898	4.22290046	4.14515697	
18.30606	4.72904595	4.71238898	4.22290046	4.14515697	
18.31616	4.72904595	4.71238898	4.22290046	4.14515697	
18.32662	4.72904595	4.71238898	4.22290046	4.14515697	
18.33687	4.72904595	4.71238898	4.22290046	4.14515697	
18.34663	4.72904595	4.71238898	4.22290046	4.14515697	
18.35676	4.72904595	4.71238898	4.22290046	4.14515697	
18.36688	4.72904595	4.71238898	4.22290046	4.14515697	
18.37699	4.72904595	4.71238898	4.22290046	4.14515697	
18.38717	4.72904595	4.71238898	4.22290046	4.14515697	
18.39729	4.72904595	4.71238898	4.22290046	4.14515697	
18.40748	4.72904595	4.71238898	4.22290046	4.14515697	
18.41759	4.72904595	4.71238898	4.22290046	4.14515697	
18.42767	4.72904595	4.71238898	4.22290046	4.14515697	
18.43816	4.72904595	4.71238898	4.22290046	4.14515697	
18.44803	4.72904595	4.71238898	4.22290046	4.14515697	
18.45817	4.72904595	4.71238898	4.22290046	4.14515697	
18.46828	4.72904595	4.71238898	4.22290046	4.14515697	
18.47937	4.72904595	4.71238898	4.22290046	4.14515697	
18.48879	4.72904595	4.71238898	4.22290046	4.14515697	
18.49888	4.72904595	4.71238898	4.22290046	4.14515697	
18.50901	4.72904595	4.71238898	4.22290046	4.14515697	
18.51926	4.72904595	4.71238898	4.22290046	4.14515697	
18.52932	4.72904595	4.71238898	4.22290046	4.14515697	
18.54065	4.72904595	4.71238898	4.22290046	4.14515697	
18.54965	4.72904595	4.71238898	4.22290046	4.14515697	
18.55978	4.72904595	4.71238898	4.22290046	4.14515697	
18.56995	4.72904595	4.71238898	4.22290046	4.14515697	
18.58021	4.72904595	4.71238898	4.22290046	4.14515697	
18.59018	4.72904595	4.71238898	4.22290046	4.14515697	
18.60031	4.72904595	4.71238898	4.22290046	4.14515697	
18.61042	4.72904595	4.71238898	4.22290046	4.14515697	
18.62056	4.72904595	4.71238898	4.22290046	4.14515697	
18.63065	4.72904595	4.71238898	4.22290046	4.14515697	
18.64197	4.72904595	4.71238898	4.22290046	4.14515697	
18.65127	4.72904595	4.71238898	4.22290046	4.14515697	
18.66164	4.72904595	4.71238898	4.22290046	4.14515697	
18.67151	4.72904595	4.71238898	4.22290046	4.14515697	
18.6816	4.72904595	4.71238898	4.22290046	4.14515697	
18.69173	4.72904595	4.71238898	4.22290046	4.14515697	
18.70185	4.72904595	4.71238898	4.22290046	4.14515697	
18.71203	4.72904595	4.71238898	4.22290046	4.14515697	
18.73006	4.72904595	4.71238898	4.22290046	4.14515697	
18.73436	4.72904595	4.71238898	4.22290046	4.14515697	
18.75378	4.72904595	4.71238898	4.22290046	4.14515697	
18.75815	4.72904595	4.71238898	4.22290046	4.14515697	
18.76834	4.72904595	4.71238898	4.22290046	4.14515697	
18.77843	4.72904595	4.71238898	4.22290046	4.14515697	
18.78852	4.72904595	4.71238898	4.22290046	4.14515697	
18.79868	4.72904595	4.71238898	4.22290046	4.14515697	
18.80887	4.72904595	4.71238898	4.22290046	4.14515697	
18.81896	4.72904595	4.71238898	4.22290046	4.14515697	
18.82909	4.72904595	4.71238898	4.22290046	4.14515697	
18.83921	4.72904595	4.71238898	4.22290046	4.14515697	
18.84942	4.72904595	4.71238898	4.22290046	4.14515697	
18.85965	4.72904595	4.71238898	4.22290046	4.14515697	
18.86977	4.72904595	4.71238898	4.22290046	4.14515697	
18.87982	4.72904595	4.71238898	4.22290046	4.14515697	
18.89018	4.72904595	4.71238898	4.22290046	4.14515697	
18.90014	4.72904595	4.71238898	4.22290046	4.14515697	
18.91024	4.72904595	4.71238898	4.22290046	4.14515697	
18.92039	4.72904595	4.71238898	4.22290046	4.14515697	
18.93059	4.72904595	4.71238898	4.22290046	4.14515697	
18.94934	4.72904595	4.71238898	4.22290046	4.14515697	
18.95395	4.72904595	4.71238898	4.22290046	4.14515697	
18.96406	4.72904595	4.71238898	4.22290046	4.14515697	
18.97396	4.72904595	4.71238898	4.22290046	4.14515697	
18.98411	4.72904595	4.71238898	4.22290046	4.14515697	
18.99429	4.72904595	4.71238898	4.22290046	4.14515697	
19.00443	4.72904595	4.71238898	4.22290046	4.14515697	
19.01457	4.72904595	4.71238898	4.22290046	4.14515697	
19.02477	4.72904595	4.71238898	4.22290046	4.14515697	
19.03485	4.72904595	4.71238898	4.22290046	4.14515697	
19.04544	4.72904595	4.71238898	4.22290046	4.14515697	
19.05521	4.72904595	4.71238898	4.22290046	4.14515697	
19.06535	4.72904595	4.71238898	4.22290046	4.14515697	
19.07549	4.72904595	4.71238898	4.22290046	4.14515697	
19.08557	4.72904595	4.71238898	4.22290046	4.14515697	
19.09576	4.72904595	4.71238898	4.22290046	4.14515697	
19.10588	4.72904595	4.71238898	4.22290046	4.14515697	
19.11604	4.72904595	4.71238898	4.22290046	4.14515697	
19.12614	4.72904595	4.71238898	4.22290046	4.14515697	
19.13627	4.72904595	4.71238898	4.22290046	4.14515697	
19.1477	4.72904595	4.71238898	4.22290046	4.14515697	
19.15659	4.72904595	4.71238898	4.22290046	4.14515697	
19.16676	4.72904595	4.71238898	4.22290046	4.14515697	
19.17691	4.72904595	4.71238898	4.22290046	4.14515697	
19.18696	4.72904595	4.71238898	4.22290046	4.14515697	
19.19714	4.72904595	4.71238898	4.22290046	4.14515697	
19.2073	4.72904595	4.71238898	4.22290046	4.14515697	
19.21743	4.72904595	4.71238898	4.22290046	4.14515697	
19.22755	4.72904595	4.71238898	4.22290046	4.14515697	
19.23764	4.72904595	4.71238898	4.22290046	4.14515697	
19.24897	4.72904595	4.71238898	4.22290046	4.14515697	
19.25801	4.72904595	4.71238898	4.22290046	4.14515697	
19.26871	4.72904595	4.71238898	4.22290046	4.14515697	
19.27853	4.72904595	4.71238898	4.22290046	4.14515697	
19.2887	4.72904595	4.71238898	4.22290046	4.14515697	
19.29883	4.72904595	4.71238898	4.22290046	4.14515697	
19.30914	4.72904595	4.71238898	4.22290046	4.14515697	
19.31907	4.72904595	4.71238898	4.22290046	4.14515697	
19.33037	4.72904595	4.71238898	4.22290046	4.14515697	
19.3393	4.72904595	4.71238898	4.22290046	4.14515697	
19.35027	4.72904595	4.71238898	4.22290046	4.14515697	
19.35963	4.72904595	4.71238898	4.22290046	4.14515697	
19.36976	4.72904595	4.71238898	4.22290046	4.14515697	
19.37984	4.72904595	4.71238898	4.22290046	4.14515697	
19.39023	4.72904595	4.71238898	4.22290046	4.14515697	
19.40015	4.72904595	4.71238898	4.22290046	4.14515697	
19.41029	4.72904595	4.71238898	4.22290046	4.14515697	
19.42043	4.72904595	4.71238898	4.22290046	4.14515697	
19.43054	4.72904595	4.71238898	4.22290046	4.14515697	
19.44072	4.72904595	4.71238898	4.22290046	4.14515697	
19.45164	4.72904595	4.71238898	4.22290046	4.14515697	
19.46098	4.72904595	4.71238898	4.22290046	4.14515697	
19.47108	4.72904595	4.71238898	4.22290046	4.14515697	
19.48221	4.72904595	4.71238898	4.22290046	4.14515697	
19.49133	4.72904595	4.71238898	4.22290046	4.14515697	
19.50546	4.72904595	4.71238898	4.22290046	4.14515697	
19.51272	4.72904595	4.71238898	4.22290046	4.14515697	
19.52272	4.72904595	4.71238898	4.22290046	4.14515697	
19.53289	4.72904595	4.71238898	4.22290046	4.14515697	
19.54297	4.72904595	4.71238898	4.22290046	4.14515697	
19.55431	4.72904595	4.71238898	4.22290046	4.14515697	
19.5633	4.72904595	4.71238898	4.22290046	4.14515697	
19.57343	4.72904595	4.71238898	4.22290046	4.14515697	
19.58366	4.72904595	4.71238898	4.22290046	4.14515697	
19.59372	4.72904595	4.71238898	4.22290046	4.14515697	
19.6042	4.72904595	4.71238898	4.22290046	4.14515697	
19.61428	4.72904595	4.71238898	4.22290046	4.14515697	
19.62437	4.72904595	4.71238898	4.22290046	4.14515697	
19.63454	4.72904595	4.71238898	4.22290046	4.14515697	
19.64464	4.72904595	4.71238898	4.22290046	4.14515697	
19.65563	4.72904595	4.71238898	4.22290046	4.14515697	
19.66506	4.72904595	4.71238898	4.22290046	4.14515697	
19.67512	4.72904595	4.71238898	4.22290046	4.14515697	
19.68528	4.72904595	4.71238898	4.22290046	4.14515697	
19.69542	4.72904595	4.71238898	4.22290046	4.14515697	
19.70556	4.72904595	4.71238898	4.22290046	4.14515697	
19.7157	4.72904595	4.71238898	4.22290046	4.14515697	
19.72579	4.72904595	4.71238898	4.22290046	4.14515697	
19.73598	4.72904595	4.71238898	4.22290046	4.14515697	
19.74615	4.72904595	4.71238898	4.22290046	4.14515697	
19.75692	4.72904595	4.71238898	4.22290046	4.14515697	
19.7664	4.72904595	4.71238898	4.22290046	4.14515697	
19.77689	4.72904595	4.71238898	4.22290046	4.14515697	
19.78668	4.72904595	4.71238898	4.22290046	4.14515697	
19.79677	4.72904595	4.71238898	4.22290046	4.14515697	
19.80695	4.72904595	4.71238898	4.22290046	4.14515697	
19.8171	4.72904595	4.71238898	4.22290046	4.14515697	
19.8272	4.72904595	4.71238898	4.22290046	4.14515697	
19.83735	4.72904595	4.71238898	4.22290046	4.14515697	
19.84749	4.72904595	4.71238898	4.22290046	4.14515697	
19.85828	4.72904595	4.71238898	4.22290046	4.14515697	
19.8678	4.72904595	4.71238898	4.22290046	4.14515697	
19.87788	4.72904595	4.71238898	4.22290046	4.14515697	
19.88813	4.72904595	4.71238898	4.22290046	4.14515697	
19.89826	4.72904595	4.71238898	4.22290046	4.14515697	
19.90841	4.72904595	4.71238898	4.22290046	4.14515697	
19.91854	4.72904595	4.71238898	4.22290046	4.14515697	
19.92884	4.72904595	4.71238898	4.22290046	4.14515697	
19.93882	4.72904595	4.71238898	4.22290046	4.14515697	
19.94912	4.72904595	4.71238898	4.22290046	4.14515697	
19.9596	4.72904595	4.71238898	4.22290046	4.14515697	
19.96925	4.72904595	4.71238898	4.22290046	4.14515697	
19.97936	4.72904595	4.71238898	4.22290046	4.14515697	
19.98992	4.72904595	4.71238898	4.22290046	4.14515697	
19.99963	4.72904595	4.71238898	4.22290046	4.14515697	
20.00982	4.72904595	4.71238898	4.22290046	4.14515697	
20.01994	4.72904595	4.71238898	4.22290046	4.14515697	
20.03005	4.72904595	4.71238898	4.22290046	4.14515697	
20.04018	4.72904595	4.71238898	4.22290046	4.14515697	
20.05032	4.72904595	4.71238898	4.22290046	4.14515697	
20.06089	4.72904595	4.71238898	4.22290046	4.14515697	
20.07066	4.72904595	4.71238898	4.22290046	4.14515697	
20.08088	4.72904595	4.71238898	4.22290046	4.14515697	
20.09109	4.72904595	4.71238898	4.22290046	4.14515697	
20.10138	4.72904595	4.71238898	4.22290046	4.14515697	
20.11131	4.72904595	4.71238898	4.22290046	4.14515697	
20.12125	4.72904595	4.71238898	4.22290046	4.14515697	
20.13137	4.72904595	4.71238898	4.22290046	4.14515697	
20.1415	4.72904595	4.71238898	4.22290046	4.14515697	
20.15166	4.72904595	4.71238898	4.22290046	4.14515697	
20.16231	4.72904595	4.71238898	4.22290046	4.14515697	
20.17194	4.72904595	4.71238898	4.22290046	4.14515697	
20.18205	4.72904595	4.71238898	4.22290046	4.14515697	
20.19224	4.72904595	4.71238898	4.22290046	4.14515697	
20.20276	4.72904595	4.71238898	4.22290046	4.14515697	
20.21244	4.72904595	4.71238898	4.22290046	4.14515697	
20.22257	4.72904595	4.71238898	4.22290046	4.14515697	
20.23281	4.72904595	4.71238898	4.22290046	4.14515697	
20.2428	4.72904595	4.71238898	4.22290046	4.14515697	
20.25301	4.72904595	4.71238898	4.22290046	4.14515697	
20.26375	4.72904595	4.71238898	4.22290046	4.14515697	
20.27327	4.72904595	4.71238898	4.22290046	4.14515697	
20.28338	4.72904595	4.71238898	4.22290046	4.14515697	
20.2935	4.72904595	4.71238898	4.22290046	4.14515697	
20.31156	4.72904595	4.71238898	4.22290046	4.14515697	
20.31589	4.72904595	4.71238898	4.22290046	4.14515697	
20.32599	4.72904595	4.71238898	4.22290046	4.14515697	
20.33621	4.72904595	4.71238898	4.22290046	4.14515697	
20.34634	4.72904595	4.71238898	4.22290046	4.14515697	
20.35646	4.72904595	4.71238898	4.22290046	4.14515697	
20.36667	4.72904595	4.71238898	4.22290046	4.14515697	
20.37685	4.72904595	4.71238898	4.22290046	4.14515697	
20.38719	4.72904595	4.71238898	4.22290046	4.14515697	
20.3971	4.72904595	4.71238898	4.22290046	4.14515697	
20.4072	4.72904595	4.71238898	4.22290046	4.14515697	
20.41738	4.72904595	4.71238898	4.22290046	4.14515697	
20.42754	4.72904595	4.71238898	4.22290046	4.14515697	
20.43767	4.72904595	4.71238898	4.22290046	4.14515697	
20.44779	4.72904595	4.71238898	4.22290046	4.14515697	
20.4579	4.72904595	4.71238898	4.22290046	4.14515697	
20.46812	4.72904595	4.71238898	4.22290046	4.14515697	
20.47828	4.72904595	4.71238898	4.22290046	4.14515697	
20.4884	4.72904595	4.71238898	4.22290046	4.14515697	
20.4985	4.72904595	4.71238898	4.22290046	4.14515697	
20.50864	4.72904595	4.71238898	4.22290046	4.14515697	
20.51878	4.72904595	4.71238898	4.22290046	4.14515697	
20.52893	4.72904595	4.71238898	4.22290046	4.14515697	
20.53905	4.72904595	4.71238898	4.22290046	4.14515697	
20.54938	4.72904595	4.71238898	4.22290046	4.14515697	
20.55926	4.72904595	4.71238898	4.22290046	4.14515697	
20.56984	4.72904595	4.71238898	4.22290046	4.14515697	
20.57978	4.72904595	4.71238898	4.22290046	4.14515697	
20.5899	4.72904595	4.71238898	4.22290046	4.14515697	
20.60003	4.72904595	4.71238898	4.22290046	4.14515697	
20.61023	4.72904595	4.71238898	4.22290046	4.14515697	
20.62033	4.72904595	4.71238898	4.22290046	4.14515697	
20.63044	4.72904595	4.71238898	4.22290046	4.14515697	
20.6406	4.72904595	4.71238898	4.22290046	4.14515697	
20.65071	4.72904595	4.71238898	4.22290046	4.14515697	
20.66129	4.72904595	4.71238898	4.22290046	4.14515697	
20.67105	4.72904595	4.71238898	4.22290046	4.14515697	
20.68121	4.72904595	4.71238898	4.22290046	4.14515697	
20.69151	4.72904595	4.71238898	4.22290046	4.14515697	
20.7014	4.72904595	4.71238898	4.22290046	4.14515697	
20.71162	4.72904595	4.71238898	4.22290046	4.14515697	
20.7217	4.72904595	4.71238898	4.22290046	4.14515697	
20.73181	4.72904595	4.71238898	4.22290046	4.14515697	
20.74195	4.72904595	4.71238898	4.22290046	4.14515697	
20.75217	4.72904595	4.71238898	4.22290046	4.14515697	
20.76273	4.72904595	4.71238898	4.22290046	4.14515697	
20.77246	4.72904595	4.71238898	4.22290046	4.14515697	
20.78258	4.72904595	4.71238898	4.22290046	4.14515697	
20.79266	4.72904595	4.71238898	4.22290046	4.14515697	
20.80274	4.72904595	4.71238898	4.22290046	4.14515697	
20.81303	4.72904595	4.71238898	4.22290046	4.14515697	
20.82304	4.72904595	4.71238898	4.22290046	4.14515697	
20.83319	4.72904595	4.71238898	4.22290046	4.14515697	
20.8433	4.72904595	4.71238898	4.22290046	4.14515697	
20.8534	4.72904595	4.71238898	4.22290046	4.14515697	
20.86358	4.72904595	4.71238898	4.22290046	4.14515697	
20.87377	4.72904595	4.71238898	4.22290046	4.14515697	
20.88393	4.72904595	4.71238898	4.22290046	4.14515697	
20.89405	4.72904595	4.71238898	4.22290046	4.14515697	
20.90419	4.72904595	4.71238898	4.22290046	4.14515697	
20.91439	4.72904595	4.71238898	4.22290046	4.14515697	
20.92447	4.72904595	4.71238898	4.22290046	4.14515697	
20.93469	4.72904595	4.71238898	4.22290046	4.14515697	
20.94487	4.72904595	4.71238898	4.22290046	4.14515697	
20.95489	4.72904595	4.71238898	4.22290046	4.14515697	
20.96506	4.72904595	4.71238898	4.22290046	4.14515697	
20.97527	4.72904595	4.71238898	4.22290046	4.14515697	
20.98563	4.72904595	4.71238898	4.22290046	4.14515697	
20.99573	4.72904595	4.71238898	4.22290046	4.14515697	
21.00583	4.72904595	4.71238898	4.22290046	4.14515697	
21.01605	4.72904595	4.71238898	4.22290046	4.14515697	
21.02621	4.72904595	4.71238898	4.22290046	4.14515697	
21.03632	4.72904595	4.71238898	4.22290046	4.14515697	
21.04648	4.72904595	4.71238898	4.22290046	4.14515697	
21.0566	4.72904595	4.71238898	4.22290046	4.14515697	
21.06674	4.72904595	4.71238898	4.22290046	4.14515697	
21.07693	4.72904595	4.71238898	4.22290046	4.14515697	
21.08711	4.72904595	4.71238898	4.22290046	4.14515697	
21.09724	4.72904595	4.71238898	4.22290046	4.14515697	
21.10734	4.72904595	4.71238898	4.22290046	4.14515697	
21.11775	4.72904595	4.71238898	4.22290046	4.14515697	
21.12786	4.72904595	4.71238898	4.22290046	4.14515697	
21.13802	4.72904595	4.71238898	4.22290046	4.14515697	
21.14815	4.72904595	4.71238898	4.22290046	4.14515697	
21.15831	4.72904595	4.71238898	4.22290046	4.14515697	
21.16839	4.72904595	4.71238898	4.22290046	4.14515697	
21.17861	4.72904595	4.71238898	4.22290046	4.14515697	
21.18876	4.72904595	4.71238898	4.22290046	4.14515697	
21.19889	4.72904595	4.71238898	4.22290046	4.14515697	
21.20906	4.72904595	4.71238898	4.22290046	4.14515697	
21.21916	4.72904595	4.71238898	4.22290046	4.14515697	
21.2293	4.72904595	4.71238898	4.22290046	4.14515697	
21.23947	4.72904595	4.71238898	4.22290046	4.14515697	
21.24957	4.72904595	4.71238898	4.22290046	4.14515697	
21.25974	4.72904595	4.71238898	4.22290046	4.14515697	
21.26992	4.72904595	4.71238898	4.22290046	4.14515697	
21.28007	4.72904595	4.71238898	4.22290046	4.14515697	
21.29019	4.72904595	4.71238898	4.22290046	4.14515697	
21.30026	4.72904595	4.71238898	4.22290046	4.14515697	
21.31851	4.72904595	4.71238898	4.22290046	4.14515697	
21.32301	4.72904595	4.71238898	4.22290046	4.14515697	
21.33435	4.72904595	4.71238898	4.22290046	4.14515697	
21.34312	4.72904595	4.71238898	4.22290046	4.14515697	
21.35325	4.72904595	4.71238898	4.22290046	4.14515697	
21.36336	4.72904595	4.71238898	4.22290046	4.14515697	
21.37483	4.72904595	4.71238898	4.22290046	4.14515697	
21.392	4.72904595	4.71238898	4.22290046	4.14515697	
21.39633	4.72904595	4.71238898	4.22290046	4.14515697	
21.40649	4.72904595	4.71238898	4.22290046	4.14515697	
21.41662	4.72904595	4.71238898	4.22290046	4.14515697	
21.42711	4.72904595	4.71238898	4.22290046	4.14515697	
21.43693	4.72904595	4.71238898	4.22290046	4.14515697	
21.44709	4.72904595	4.71238898	4.22290046	4.14515697	
21.45727	4.72904595	4.71238898	4.22290046	4.14515697	
21.46734	4.72904595	4.71238898	4.22290046	4.14515697	
21.47865	4.72904595	4.71238898	4.22290046	4.14515697	
21.48793	4.72904595	4.71238898	4.22290046	4.14515697	
21.49799	4.72904595	4.71238898	4.22290046	4.14515697	
21.5174	4.72904595	4.71238898	4.22290046	4.14515697	
21.52171	4.72904595	4.71238898	4.22290046	4.14515697	
21.53189	4.72904595	4.71238898	4.22290046	4.14515697	
21.542	4.72904595	4.71238898	4.22290046	4.14515697	
21.5522	4.72904595	4.71238898	4.22290046	4.14515697	
21.56231	4.72904595	4.71238898	4.22290046	4.14515697	
21.57275	4.72904595	4.71238898	4.22290046	4.14515697	
21.58257	4.72904595	4.71238898	4.22290046	4.14515697	
21.59277	4.72904595	4.71238898	4.22290046	4.14515697	
21.60283	4.72904595	4.71238898	4.22290046	4.14515697	
21.61292	4.72904595	4.71238898	4.22290046	4.14515697	
21.62307	4.72904595	4.71238898	4.22290046	4.14515697	
21.63327	4.72904595	4.71238898	4.22290046	4.14515697	
21.64336	4.72904595	4.71238898	4.22290046	4.14515697	
21.65348	4.72904595	4.71238898	4.22290046	4.14515697	
21.66367	4.72904595	4.71238898	4.22290046	4.14515697	
21.6742	4.72904595	4.71238898	4.22290046	4.14515697	
21.68429	4.72904595	4.71238898	4.22290046	4.14515697	
21.6944	4.72904595	4.71238898	4.22290046	4.14515697	
21.70456	4.72904595	4.71238898	4.22290046	4.14515697	
21.71463	4.72904595	4.71238898	4.22290046	4.14515697	
21.72479	4.72904595	4.71238898	4.22290046	4.14515697	
21.73495	4.72904595	4.71238898	4.22290046	4.14515697	
21.74518	4.72904595	4.71238898	4.22290046	4.14515697	
21.75524	4.72904595	4.71238898	4.22290046	4.14515697	
21.76533	4.72904595	4.71238898	4.22290046	4.14515697	
21.77552	4.72904595	4.71238898	4.22290046	4.14515697	
21.78571	4.72904595	4.71238898	4.22290046	4.14515697	
21.79584	4.72904595	4.71238898	4.22290046	4.14515697	
21.80598	4.72904595	4.71238898	4.22290046	4.14515697	
21.81609	4.72904595	4.71238898	4.22290046	4.14515697	
21.82633	4.72904595	4.71238898	4.22290046	4.14515697	
21.8364	4.72904595	4.71238898	4.22290046	4.14515697	
21.84653	4.72904595	4.71238898	4.22290046	4.14515697	
21.85672	4.72904595	4.71238898	4.22290046	4.14515697	
21.86678	4.72904595	4.71238898	4.22290046	4.14515697	
21.8769	4.72904595	4.71238898	4.22290046	4.14515697	
21.88715	4.72904595	4.71238898	4.22290046	4.14515697	
21.89731	4.72904595	4.71238898	4.22290046	4.14515697	
21.90741	4.72904595	4.71238898	4.22290046	4.14515697	
21.91758	4.72904595	4.71238898	4.22290046	4.14515697	
21.92769	4.72904595	4.71238898	4.22290046	4.14515697	
21.9379	4.72904595	4.71238898	4.22290046	4.14515697	
21.948	4.72904595	4.71238898	4.22290046	4.14515697	
21.95814	4.72904595	4.71238898	4.22290046	4.14515697	
21.96828	4.72904595	4.71238898	4.22290046	4.14515697	
21.97845	4.72904595	4.71238898	4.22290046	4.14515697	
21.98897	4.72904595	4.71238898	4.22290046	4.14515697	
21.99878	4.72904595	4.71238898	4.22290046	4.14515697	
22.00898	4.72904595	4.71238898	4.22290046	4.14515697	
22.01904	4.72904595	4.71238898	4.22290046	4.14515697	
22.02913	4.72904595	4.71238898	4.22290046	4.14515697	
22.03935	4.72904595	4.71238898	4.22290046	4.14515697	
22.04946	4.72904595	4.71238898	4.22290046	4.14515697	
22.05958	4.72904595	4.71238898	4.22290046	4.14515697	
22.06973	4.72904595	4.71238898	4.22290046	4.14515697	
22.08008	4.72904595	4.71238898	4.22290046	4.14515697	
22.09005	4.72904595	4.71238898	4.22290046	4.14515697	
22.10018	4.72904595	4.71238898	4.22290046	4.14515697	
22.11037	4.72904595	4.71238898	4.22290046	4.14515697	
22.12044	4.72904595	4.71238898	4.22290046	4.14515697	
22.13054	4.72904595	4.71238898	4.22290046	4.14515697	
22.14072	4.72904595	4.71238898	4.22290046	4.14515697	
22.1528	4.72904595	4.71238898	4.22290046	4.14515697	
22.16108	4.72904595	4.71238898	4.22290046	4.14515697	
22.1711	4.72904595	4.71238898	4.22290046	4.14515697	
22.18145	4.72904595	4.71238898	4.22290046	4.14515697	
22.19144	4.72904595	4.71238898	4.22290046	4.14515697	
22.20155	4.72904595	4.71238898	4.22290046	4.14515697	
22.21166	4.72904595	4.71238898	4.22290046	4.14515697	
22.22177	4.72904595	4.71238898	4.22290046	4.14515697	
22.23191	4.72904595	4.71238898	4.22290046	4.14515697	
22.24206	4.72904595	4.71238898	4.22290046	4.14515697	
22.25223	4.72904595	4.71238898	4.22290046	4.14515697	
22.26238	4.72904595	4.71238898	4.22290046	4.14515697	
22.27243	4.72904595	4.71238898	4.22290046	4.14515697	
22.28288	4.72904595	4.71238898	4.22290046	4.14515697	
22.29278	4.72904595	4.71238898	4.22290046	4.14515697	
22.30288	4.72904595	4.71238898	4.22290046	4.14515697	
22.31307	4.72904595	4.71238898	4.22290046	4.14515697	
22.32309	4.72904595	4.71238898	4.22290046	4.14515697	
22.33361	4.72904595	4.71238898	4.22290046	4.14515697	
22.34364	4.72904595	4.71238898	4.22290046	4.14515697	
22.35353	4.72904595	4.71238898	4.22290046	4.14515697	
22.37151	4.72904595	4.71238898	4.22290046	4.14515697	
22.37578	4.72904595	4.71238898	4.22290046	4.14515697	
22.38693	4.72904595	4.71238898	4.22290046	4.14515697	
22.39641	4.72904595	4.71238898	4.22290046	4.14515697	
22.40627	4.72904595	4.71238898	4.22290046	4.14515697	
22.41643	4.72904595	4.71238898	4.22290046	4.14515697	
22.42654	4.72904595	4.71238898	4.22290046	4.14515697	
22.43672	4.72904595	4.71238898	4.22290046	4.14515697	
22.44713	4.72904595	4.71238898	4.22290046	4.14515697	
22.45708	4.72904595	4.71238898	4.22290046	4.14515697	
22.46713	4.72904595	4.71238898	4.22290046	4.14515697	
22.47722	4.72904595	4.71238898	4.22290046	4.14515697	
22.48939	4.72904595	4.71238898	4.22290046	4.14515697	
22.50654	4.72904595	4.71238898	4.22290046	4.14515697	
22.51093	4.72904595	4.71238898	4.22290046	4.14515697	
22.52107	4.72904595	4.71238898	4.22290046	4.14515697	
22.53145	4.72904595	4.71238898	4.22290046	4.14515697	
22.54125	4.72904595	4.71238898	4.22290046	4.14515697	
22.55156	4.72904595	4.71238898	4.22290046	4.14515697	
22.56162	4.72904595	4.71238898	4.22290046	4.14515697	
22.57174	4.72904595	4.71238898	4.22290046	4.14515697	
22.58186	4.72904595	4.71238898	4.22290046	4.14515697	
22.60129	4.72904595	4.71238898	4.22290046	4.14515697	
22.60563	4.72904595	4.71238898	4.22290046	4.14515697	
22.61579	4.72904595	4.71238898	4.22290046	4.14515697	
22.62587	4.72904595	4.71238898	4.22290046	4.14515697	
22.63605	4.72904595	4.71238898	4.22290046	4.14515697	
22.64619	4.72904595	4.71238898	4.22290046	4.14515697	
22.65636	4.72904595	4.71238898	4.22290046	4.14515697	
22.66656	4.72904595	4.71238898	4.22290046	4.14515697	
22.67662	4.72904595	4.71238898	4.22290046	4.14515697	
22.68678	4.72904595	4.71238898	4.22290046	4.14515697	
22.69731	4.72904595	4.71238898	4.22290046	4.14515697	
22.70711	4.72904595	4.71238898	4.22290046	4.14515697	
22.71721	4.72904595	4.71238898	4.22290046	4.14515697	
22.72733	4.72904595	4.71238898	4.22290046	4.14515697	
22.73746	4.72904595	4.71238898	4.22290046	4.14515697	
22.74762	4.72904595	4.71238898	4.22290046	4.14515697	
22.75779	4.72904595	4.71238898	4.22290046	4.14515697	
22.76792	4.72904595	4.71238898	4.22290046	4.14515697	
22.77805	4.72904595	4.71238898	4.22290046	4.14515697	
22.78817	4.72904595	4.71238898	4.22290046	4.14515697	
22.79844	4.72904595	4.71238898	4.22290046	4.14515697	
22.80851	4.72904595	4.71238898	4.22290046	4.14515697	
22.81865	4.72904595	4.71238898	4.22290046	4.14515697	
22.82878	4.72904595	4.71238898	4.22290046	4.14515697	
22.83886	4.72904595	4.71238898	4.22290046	4.14515697	
22.84912	4.72904595	4.71238898	4.22290046	4.14515697	
22.85921	4.72904595	4.71238898	4.22290046	4.14515697	
22.86933	4.72904595	4.71238898	4.22290046	4.14515697	
22.8795	4.72904595	4.71238898	4.22290046	4.14515697	
22.88955	4.72904595	4.71238898	4.22290046	4.14515697	
22.89984	4.72904595	4.71238898	4.22290046	4.14515697	
22.90992	4.72904595	4.71238898	4.22290046	4.14515697	
22.92005	4.72904595	4.71238898	4.22290046	4.14515697	
22.93023	4.72904595	4.71238898	4.22290046	4.14515697	
22.94026	4.72904595	4.71238898	4.22290046	4.14515697	
22.95046	4.72904595	4.71238898	4.22290046	4.14515697	
22.96086	4.72904595	4.71238898	4.22290046	4.14515697	
22.97093	4.72904595	4.71238898	4.22290046	4.14515697	
22.98105	4.72904595	4.71238898	4.22290046	4.14515697	
22.99144	4.72904595	4.71238898	4.22290046	4.14515697	
23.00141	4.72904595	4.71238898	4.22290046	4.14515697	
23.01147	4.72904595	4.71238898	4.22290046	4.14515697	
23.0216	4.72904595	4.71238898	4.22290046	4.14515697	
23.03174	4.72904595	4.71238898	4.22290046	4.14515697	
23.04185	4.72904595	4.71238898	4.22290046	4.14515697	
23.05198	4.72904595	4.71238898	4.22290046	4.14515697	
23.06216	4.72904595	4.71238898	4.22290046	4.14515697	
23.07231	4.72904595	4.71238898	4.22290046	4.14515697	
23.08243	4.72904595	4.71238898	4.22290046	4.14515697	
23.09293	4.72904595	4.71238898	4.22290046	4.14515697	
23.10271	4.72904595	4.71238898	4.22290046	4.14515697	
23.1129	4.72904595	4.71238898	4.22290046	4.14515697	
23.12297	4.72904595	4.71238898	4.22290046	4.14515697	
23.1331	4.72904595	4.71238898	4.22290046	4.14515697	
23.14324	4.72904595	4.71238898	4.22290046	4.14515697	
23.15339	4.72904595	4.71238898	4.22290046	4.14515697	
23.16352	4.72904595	4.71238898	4.22290046	4.14515697	
23.17368	4.72904595	4.71238898	4.22290046	4.14515697	
23.18378	4.72904595	4.71238898	4.22290046	4.14515697	
23.1942	4.72904595	4.71238898	4.22290046	4.14515697	
23.20474	4.72904595	4.71238898	4.22290046	4.14515697	
23.21453	4.72904595	4.71238898	4.22290046	4.14515697	
23.22466	4.72904595	4.71238898	4.22290046	4.14515697	
23.23475	4.72904595	4.71238898	4.22290046	4.14515697	
23.24493	4.72904595	4.71238898	4.22290046	4.14515697	
23.25508	4.72904595	4.71238898	4.22290046	4.14515697	
23.26557	4.72904595	4.71238898	4.22290046	4.14515697	
23.27536	4.72904595	4.71238898	4.22290046	4.14515697	
23.28545	4.72904595	4.71238898	4.22290046	4.14515697	
23.29565	4.72904595	4.71238898	4.22290046	4.14515697	
23.30594	4.72904595	4.71238898	4.22290046	4.14515697	
23.31596	4.72904595	4.71238898	4.22290046	4.14515697	
23.32606	4.72904595	4.71238898	4.22290046	4.14515697	
23.33727	4.72904595	4.71238898	4.22290046	4.14515697	
23.34641	4.72904595	4.71238898	4.22290046	4.14515697	
23.35649	4.72904595	4.71238898	4.22290046	4.14515697	
23.36668	4.72904595	4.71238898	4.22290046	4.14515697	
23.37677	4.72904595	4.71238898	4.22290046	4.14515697	
23.3869	4.72904595	4.71238898	4.22290046	4.14515697	
23.39703	4.72904595	4.71238898	4.22290046	4.14515697	
23.40729	4.72904595	4.71238898	4.22290046	4.14515697	
23.41742	4.72904595	4.71238898	4.22290046	4.14515697	
23.4275	4.72904595	4.71238898	4.22290046	4.14515697	
23.43761	4.72904595	4.71238898	4.22290046	4.14515697	
23.4478	4.72904595	4.71238898	4.22290046	4.14515697	
23.45791	4.72904595	4.71238898	4.22290046	4.14515697	
23.46805	4.72904595	4.71238898	4.22290046	4.14515697	
23.4782	4.72904595	4.71238898	4.22290046	4.14515697	
23.48913	4.72904595	4.71238898	4.22290046	4.14515697	
23.50141	4.72904595	4.71238898	4.22290046	4.14515697	
23.51944	4.72904595	4.71238898	4.22290046	4.14515697	
23.52383	4.72904595	4.71238898	4.22290046	4.14515697	
23.534	4.72904595	4.71238898	4.22290046	4.14515697	
23.54411	4.72904595	4.71238898	4.22290046	4.14515697	
23.55427	4.72904595	4.71238898	4.22290046	4.14515697	
23.5644	4.72904595	4.71238898	4.22290046	4.14515697	
23.57458	4.72904595	4.71238898	4.22290046	4.14515697	
23.58469	4.72904595	4.71238898	4.22290046	4.14515697	
23.5948	4.72904595	4.71238898	4.22290046	4.14515697	
23.61405	4.72904595	4.71238898	4.22290046	4.14515697	
23.61846	4.72904595	4.71238898	4.22290046	4.14515697	
23.6285	4.72904595	4.71238898	4.22290046	4.14515697	
23.63869	4.72904595	4.71238898	4.22290046	4.14515697	
23.64877	4.72904595	4.71238898	4.22290046	4.14515697	
23.65895	4.72904595	4.71238898	4.22290046	4.14515697	
23.66907	4.72904595	4.71238898	4.22290046	4.14515697	
23.67926	4.72904595	4.71238898	4.22290046	4.14515697	
23.68942	4.72904595	4.71238898	4.22290046	4.14515697	
23.69946	4.72904595	4.71238898	4.22290046	4.14515697	
23.70993	4.72904595	4.71238898	4.22290046	4.14515697	
23.72003	4.72904595	4.71238898	4.22290046	4.14515697	
23.73011	4.72904595	4.71238898	4.22290046	4.14515697	
23.74027	4.72904595	4.71238898	4.22290046	4.14515697	
23.75035	4.72904595	4.71238898	4.22290046	4.14515697	
23.76055	4.72904595	4.71238898	4.22290046	4.14515697	
23.77068	4.72904595	4.71238898	4.22290046	4.14515697	
23.78089	4.72904595	4.71238898	4.22290046	4.14515697	
23.79095	4.72904595	4.71238898	4.22290046	4.14515697	
23.8014	4.72904595	4.71238898	4.22290046	4.14515697	
23.81125	4.72904595	4.71238898	4.22290046	4.14515697	
23.82168	4.72904595	4.71238898	4.22290046	4.14515697	
23.83182	4.72904595	4.71238898	4.22290046	4.14515697	
23.84189	4.72904595	4.71238898	4.22290046	4.14515697	
23.85203	4.72904595	4.71238898	4.22290046	4.14515697	
23.86222	4.72904595	4.71238898	4.22290046	4.14515697	
23.87231	4.72904595	4.71238898	4.22290046	4.14515697	
23.88265	4.72904595	4.71238898	4.22290046	4.14515697	
23.89268	4.72904595	4.71238898	4.22290046	4.14515697	
23.90304	4.72904595	4.71238898	4.22290046	4.14515697	
23.91311	4.72904595	4.71238898	4.22290046	4.14515697	
23.92315	4.72904595	4.71238898	4.22290046	4.14515697	
23.93342	4.72904595	4.71238898	4.22290046	4.14515697	
23.94337	4.72904595	4.71238898	4.22290046	4.14515697	
23.95355	4.72904595	4.71238898	4.22290046	4.14515697	
23.97148	4.72904595	4.71238898	4.22290046	4.14515697	
23.97581	4.72904595	4.71238898	4.22290046	4.14515697	
23.98612	4.72904595	4.71238898	4.22290046	4.14515697	
23.99604	4.72904595	4.71238898	4.22290046	4.14515697	
24.00622	4.72904595	4.71238898	4.22290046	4.14515697	
24.01675	4.72904595	4.71238898	4.22290046	4.14515697	
24.02663	4.72904595	4.71238898	4.22290046	4.14515697	
24.03689	4.72904595	4.71238898	4.22290046	4.14515697	
24.04685	4.72904595	4.71238898	4.22290046	4.14515697	
24.05711	4.72904595	4.71238898	4.22290046	4.14515697	
24.06715	4.72904595	4.71238898	4.22290046	4.14515697	
24.07728	4.72904595	4.71238898	4.22290046	4.14515697	
24.08748	4.72904595	4.71238898	4.22290046	4.14515697	
24.09756	4.72904595	4.71238898	4.22290046	4.14515697	
24.10899	4.72904595	4.71238898	4.22290046	4.14515697	
24.11821	4.72904595	4.71238898	4.22290046	4.14515697	
24.12803	4.72904595	4.71238898	4.22290046	4.14515697	
24.13817	4.72904595	4.71238898	4.22290046	4.14515697	
24.14824	4.72904595	4.71238898	4.22290046	4.14515697	
24.16644	4.72904595	4.71238898	4.22290046	4.14515697	
24.17093	4.72904595	4.71238898	4.22290046	4.14515697	
24.18099	4.72904595	4.71238898	4.22290046	4.14515697	
24.19117	4.72904595	4.71238898	4.22290046	4.14515697	
24.20153	4.72904595	4.71238898	4.22290046	4.14515697	
24.2117	4.72904595	4.71238898	4.22290046	4.14515697	
24.22159	4.72904595	4.71238898	4.22290046	4.14515697	
24.23172	4.72904595	4.71238898	4.22290046	4.14515697	
24.24182	4.72904595	4.71238898	4.22290046	4.14515697	
24.25192	4.72904595	4.71238898	4.22290046	4.14515697	
24.26207	4.72904595	4.71238898	4.22290046	4.14515697	
24.27229	4.72904595	4.71238898	4.22290046	4.14515697	
24.28252	4.72904595	4.71238898	4.22290046	4.14515697	
24.29264	4.72904595	4.71238898	4.22290046	4.14515697	
24.30273	4.72904595	4.71238898	4.22290046	4.14515697	
24.31426	4.72904595	4.71238898	4.22290046	4.14515697	
24.323	4.72904595	4.71238898	4.22290046	4.14515697	
24.33315	4.72904595	4.71238898	4.22290046	4.14515697	
24.34329	4.72904595	4.71238898	4.22290046	4.14515697	
24.3534	4.72904595	4.71238898	4.22290046	4.14515697	
24.36354	4.72904595	4.71238898	4.22290046	4.14515697	
24.38146	4.72904595	4.71238898	4.22290046	4.14515697	
24.38577	4.72904595	4.71238898	4.22290046	4.14515697	
24.3959	4.72904595	4.71238898	4.22290046	4.14515697	
24.406	4.72904595	4.71238898	4.22290046	4.14515697	
24.41693	4.72904595	4.71238898	4.22290046	4.14515697	
24.42701	4.72904595	4.71238898	4.22290046	4.14515697	
24.43714	4.72904595	4.71238898	4.22290046	4.14515697	
24.44732	4.72904595	4.71238898	4.22290046	4.14515697	
24.45743	4.72904595	4.71238898	4.22290046	4.14515697	
24.46759	4.72904595	4.71238898	4.22290046	4.14515697	
24.4777	4.72904595	4.71238898	4.22290046	4.14515697	
24.48858	4.72904595	4.71238898	4.22290046	4.14515697	
24.49793	4.72904595	4.71238898	4.22290046	4.14515697	
24.50805	4.72904595	4.71238898	4.22290046	4.14515697	
24.51823	4.72904595	4.71238898	4.22290046	4.14515697	
24.52839	4.72904595	4.71238898	4.22290046	4.14515697	
24.53862	4.72904595	4.71238898	4.22290046	4.14515697	
24.54866	4.72904595	4.71238898	4.22290046	4.14515697	
24.55877	4.72904595	4.71238898	4.22290046	4.14515697	
24.56893	4.72904595	4.71238898	4.22290046	4.14515697	
24.57906	4.72904595	4.71238898	4.22290046	4.14515697	
24.58916	4.72904595	4.71238898	4.22290046	4.14515697	
24.59959	4.72904595	4.71238898	4.22290046	4.14515697	
24.60962	4.72904595	4.71238898	4.22290046	4.14515697	
24.61985	4.72904595	4.71238898	4.22290046	4.14515697	
24.62995	4.72904595	4.71238898	4.22290046	4.14515697	
24.64012	4.72904595	4.71238898	4.22290046	4.14515697	
24.65023	4.72904595	4.71238898	4.22290046	4.14515697	
24.66031	4.72904595	4.71238898	4.22290046	4.14515697	
24.6705	4.72904595	4.71238898	4.22290046	4.14515697	
24.68075	4.72904595	4.71238898	4.22290046	4.14515697	
24.69077	4.72904595	4.71238898	4.22290046	4.14515697	
24.7009	4.72904595	4.71238898	4.22290046	4.14515697	
24.71131	4.72904595	4.71238898	4.22290046	4.14515697	
24.72124	4.72904595	4.71238898	4.22290046	4.14515697	
24.73131	4.72904595	4.71238898	4.22290046	4.14515697	
24.74142	4.72904595	4.71238898	4.22290046	4.14515697	
24.75153	4.72904595	4.71238898	4.22290046	4.14515697	
24.76168	4.72904595	4.71238898	4.22290046	4.14515697	
24.77181	4.72904595	4.71238898	4.22290046	4.14515697	
24.78193	4.72904595	4.71238898	4.22290046	4.14515697	
24.79208	4.72904595	4.71238898	4.22290046	4.14515697	
24.80254	4.72904595	4.71238898	4.22290046	4.14515697	
24.81275	4.72904595	4.71238898	4.22290046	4.14515697	
24.82252	4.72904595	4.71238898	4.22290046	4.14515697	
24.83266	4.72904595	4.71238898	4.22290046	4.14515697	
24.8428	4.72904595	4.71238898	4.22290046	4.14515697	
24.85285	4.72904595	4.71238898	4.22290046	4.14515697	
24.86307	4.72904595	4.71238898	4.22290046	4.14515697	
24.87317	4.72904595	4.71238898	4.22290046	4.14515697	
24.88326	4.72904595	4.71238898	4.22290046	4.14515697	
24.89339	4.72904595	4.71238898	4.22290046	4.14515697	
24.90382	4.72904595	4.71238898	4.22290046	4.14515697	
24.92298	4.72904595	4.71238898	4.22290046	4.14515697	
24.92732	4.72904595	4.71238898	4.22290046	4.14515697	
24.9375	4.72904595	4.71238898	4.22290046	4.14515697	
24.9476	4.72904595	4.71238898	4.22290046	4.14515697	
24.9577	4.72904595	4.71238898	4.22290046	4.14515697	
24.9679	4.72904595	4.71238898	4.22290046	4.14515697	
24.97801	4.72904595	4.71238898	4.22290046	4.14515697	
24.98831	4.72904595	4.71238898	4.22290046	4.14515697	
24.99827	4.72904595	4.71238898	4.22290046	4.14515697	
25.0084	4.72904595	4.71238898	4.22290046	4.14515697	
25.0186	4.72904595	4.71238898	4.22290046	4.14515697	
25.02879	4.72904595	4.71238898	4.22290046	4.14515697	
25.03888	4.72904595	4.71238898	4.22290046	4.14515697	
25.04902	4.72904595	4.71238898	4.22290046	4.14515697	
25.05915	4.72904595	4.71238898	4.22290046	4.14515697	
25.06924	4.72904595	4.71238898	4.22290046	4.14515697	
25.07942	4.72904595	4.71238898	4.22290046	4.14515697	
25.08959	4.72904595	4.71238898	4.22290046	4.14515697	
25.09972	4.72904595	4.71238898	4.22290046	4.14515697	
25.1102	4.72904595	4.71238898	4.22290046	4.14515697	
25.12012	4.72904595	4.71238898	4.22290046	4.14515697	
25.13011	4.72904595	4.71238898	4.22290046	4.14515697	
25.14032	4.72904595	4.71238898	4.22290046	4.14515697	
25.15041	4.72904595	4.71238898	4.22290046	4.14515697	
25.16058	4.72904595	4.71238898	4.22290046	4.14515697	
25.17865	4.72904595	4.71238898	4.22290046	4.14515697	
25.18297	4.72904595	4.71238898	4.22290046	4.14515697	
25.19314	4.72904595	4.71238898	4.22290046	4.14515697	
25.20322	4.72904595	4.71238898	4.22290046	4.14515697	
25.21335	4.72904595	4.71238898	4.22290046	4.14515697	
25.22411	4.72904595	4.71238898	4.22290046	4.14515697	
25.23369	4.72904595	4.71238898	4.22290046	4.14515697	
25.24382	4.72904595	4.71238898	4.22290046	4.14515697	
25.25393	4.72904595	4.71238898	4.22290046	4.14515697	
25.26403	4.72904595	4.71238898	4.22290046	4.14515697	
25.27427	4.72904595	4.71238898	4.22290046	4.14515697	
25.28441	4.72904595	4.71238898	4.22290046	4.14515697	
25.29455	4.72904595	4.71238898	4.22290046	4.14515697	
25.30472	4.72904595	4.71238898	4.22290046	4.14515697	
25.31485	4.72904595	4.71238898	4.22290046	4.14515697	
25.32536	4.72904595	4.71238898	4.22290046	4.14515697	
25.33545	4.72904595	4.71238898	4.22290046	4.14515697	
25.34564	4.72904595	4.71238898	4.22290046	4.14515697	
25.35574	4.72904595	4.71238898	4.22290046	4.14515697	
25.36586	4.72904595	4.71238898	4.22290046	4.14515697	
25.37602	4.72904595	4.71238898	4.22290046	4.14515697	
25.38617	4.72904595	4.71238898	4.22290046	4.14515697	
25.39627	4.72904595	4.71238898	4.22290046	4.14515697	
25.40642	4.72904595	4.71238898	4.22290046	4.14515697	
25.42525	4.72904595	4.71238898	4.22290046	4.14515697	
25.42964	4.72904595	4.71238898	4.22290046	4.14515697	
25.4399	4.72904595	4.71238898	4.22290046	4.14515697	
25.44992	4.72904595	4.71238898	4.22290046	4.14515697	
25.46005	4.72904595	4.71238898	4.22290046	4.14515697	
25.4702	4.72904595	4.71238898	4.22290046	4.14515697	
25.48031	4.72904595	4.71238898	4.22290046	4.14515697	
25.49122	4.72904595	4.71238898	4.22290046	4.14515697	
25.50255	4.72904595	4.71238898	4.22290046	4.14515697	
25.51146	4.72904595	4.71238898	4.22290046	4.14515697	
25.52178	4.72904595	4.71238898	4.22290046	4.14515697	
25.53179	4.72904595	4.71238898	4.22290046	4.14515697	
25.54191	4.72904595	4.71238898	4.22290046	4.14515697	
25.55209	4.72904595	4.71238898	4.22290046	4.14515697	
25.57035	4.72904595	4.71238898	4.22290046	4.14515697	
25.57474	4.72904595	4.71238898	4.22290046	4.14515697	
25.58484	4.72904595	4.71238898	4.22290046	4.14515697	
25.59497	4.72904595	4.71238898	4.22290046	4.14515697	
25.60511	4.72904595	4.71238898	4.22290046	4.14515697	
25.61522	4.72904595	4.71238898	4.22290046	4.14515697	
25.62543	4.72904595	4.71238898	4.22290046	4.14515697	
25.63558	4.72904595	4.71238898	4.22290046	4.14515697	
25.64574	4.72904595	4.71238898	4.22290046	4.14515697	
25.65589	4.72904595	4.71238898	4.22290046	4.14515697	
25.66596	4.72904595	4.71238898	4.22290046	4.14515697	
25.67614	4.72904595	4.71238898	4.22290046	4.14515697	
25.68627	4.72904595	4.71238898	4.22290046	4.14515697	
25.69642	4.72904595	4.71238898	4.22290046	4.14515697	
25.70655	4.72904595	4.71238898	4.22290046	4.14515697	
25.71665	4.72904595	4.71238898	4.22290046	4.14515697	
25.72685	4.72904595	4.71238898	4.22290046	4.14515697	
25.73705	4.72904595	4.71238898	4.22290046	4.14515697	
25.74707	4.72904595	4.71238898	4.22290046	4.14515697	
25.75719	4.72904595	4.71238898	4.22290046	4.14515697	
25.76732	4.72904595	4.71238898	4.22290046	4.14515697	
25.77754	4.72904595	4.71238898	4.22290046	4.14515697	
25.78763	4.72904595	4.71238898	4.22290046	4.14515697	
25.79772	4.72904595	4.71238898	4.22290046	4.14515697	
25.80792	4.72904595	4.71238898	4.22290046	4.14515697	
25.81801	4.72904595	4.71238898	4.22290046	4.14515697	
25.8282	4.72904595	4.71238898	4.22290046	4.14515697	
25.83847	4.72904595	4.71238898	4.22290046	4.14515697	
25.84849	4.72904595	4.71238898	4.22290046	4.14515697	
25.85868	4.72904595	4.71238898	4.22290046	4.14515697	
25.86872	4.72904595	4.71238898	4.22290046	4.14515697	
25.87889	4.72904595	4.71238898	4.22290046	4.14515697	
25.88902	4.72904595	4.71238898	4.22290046	4.14515697	
25.89914	4.72904595	4.71238898	4.22290046	4.14515697	
25.90929	4.72904595	4.71238898	4.22290046	4.14515697	
25.91939	4.72904595	4.71238898	4.22290046	4.14515697	
25.92957	4.72904595	4.71238898	4.22290046	4.14515697	
25.93975	4.72904595	4.71238898	4.22290046	4.14515697	
25.9499	4.72904595	4.71238898	4.22290046	4.14515697	
25.96003	4.72904595	4.71238898	4.22290046	4.14515697	
25.97019	4.72904595	4.71238898	4.22290046	4.14515697	
25.98025	4.72904595	4.71238898	4.22290046	4.14515697	
25.9904	4.72904595	4.71238898	4.22290046	4.14515697	
26.00053	4.72904595	4.71238898	4.22290046	4.14515697	
26.01068	4.72904595	4.71238898	4.22290046	4.14515697	
26.02076	4.72904595	4.71238898	4.22290046	4.14515697	
26.03092	4.72904595	4.71238898	4.22290046	4.14515697	
26.04112	4.72904595	4.71238898	4.22290046	4.14515697	
26.05121	4.72904595	4.71238898	4.22290046	4.14515697	
26.06132	4.72904595	4.71238898	4.22290046	4.14515697	
26.0715	4.72904595	4.71238898	4.22290046	4.14515697	
26.08163	4.72904595	4.71238898	4.22290046	4.14515697	
26.09176	4.72904595	4.71238898	4.22290046	4.14515697	
26.10187	4.72904595	4.71238898	4.22290046	4.14515697	
26.11207	4.72904595	4.71238898	4.22290046	4.14515697	
26.12219	4.72904595	4.71238898	4.22290046	4.14515697	
26.13377	4.72904595	4.71238898	4.22290046	4.14515697	
26.14244	4.72904595	4.71238898	4.22290046	4.14515697	
26.15256	4.72904595	4.71238898	4.22290046	4.14515697	
26.16275	4.72904595	4.71238898	4.22290046	4.14515697	
26.17279	4.72904595	4.71238898	4.22290046	4.14515697	
26.18303	4.72904595	4.71238898	4.22290046	4.14515697	
26.19306	4.72904595	4.71238898	4.22290046	4.14515697	
26.20319	4.72904595	4.71238898	4.22290046	4.14515697	
26.21332	4.72904595	4.71238898	4.22290046	4.14515697	
26.22341	4.72904595	4.71238898	4.22290046	4.14515697	
26.23514	4.72904595	4.71238898	4.22290046	4.14515697	
26.24381	4.72904595	4.71238898	4.22290046	4.14515697	
26.25394	4.72904595	4.71238898	4.22290046	4.14515697	
26.26411	4.72904595	4.71238898	4.22290046	4.14515697	
26.27418	4.72904595	4.71238898	4.22290046	4.14515697	
26.28435	4.72904595	4.71238898	4.22290046	4.14515697	
26.29448	4.72904595	4.71238898	4.22290046	4.14515697	
26.30464	4.72904595	4.71238898	4.22290046	4.14515697	
26.31483	4.72904595	4.71238898	4.22290046	4.14515697	
26.32487	4.72904595	4.71238898	4.22290046	4.14515697	
26.33504	4.72904595	4.71238898	4.22290046	4.14515697	
26.3466	4.72904595	4.71238898	4.22290046	4.14515697	
26.35532	4.72904595	4.71238898	4.22290046	4.14515697	
26.36546	4.72904595	4.71238898	4.22290046	4.14515697	
26.37602	4.72904595	4.71238898	4.22290046	4.14515697	
26.38578	4.72904595	4.71238898	4.22290046	4.14515697	
26.39587	4.72904595	4.71238898	4.22290046	4.14515697	
26.40601	4.72904595	4.71238898	4.22290046	4.14515697	
26.41617	4.72904595	4.71238898	4.22290046	4.14515697	
26.42626	4.72904595	4.71238898	4.22290046	4.14515697	
26.43644	4.72904595	4.71238898	4.22290046	4.14515697	
26.44685	4.72904595	4.71238898	4.22290046	4.14515697	
26.45698	4.72904595	4.71238898	4.22290046	4.14515697	
26.46709	4.72904595	4.71238898	4.22290046	4.14515697	
26.47718	4.72904595	4.71238898	4.22290046	4.14515697	
26.48804	4.72904595	4.71238898	4.22290046	4.14515697	
26.49751	4.72904595	4.71238898	4.22290046	4.14515697	
26.50758	4.72904595	4.71238898	4.22290046	4.14515697	
26.5177	4.72904595	4.71238898	4.22290046	4.14515697	
26.52782	4.72904595	4.71238898	4.22290046	4.14515697	
26.53799	4.72904595	4.71238898	4.22290046	4.14515697	
26.54823	4.72904595	4.71238898	4.22290046	4.14515697	
26.5583	4.72904595	4.71238898	4.22290046	4.14515697	
26.56845	4.72904595	4.71238898	4.22290046	4.14515697	
26.57856	4.72904595	4.71238898	4.22290046	4.14515697	
26.58874	4.72904595	4.71238898	4.22290046	4.14515697	
26.59887	4.72904595	4.71238898	4.22290046	4.14515697	
26.60901	4.72904595	4.71238898	4.22290046	4.14515697	
26.61913	4.72904595	4.71238898	4.22290046	4.14515697	
26.62923	4.72904595	4.71238898	4.22290046	4.14515697	
26.64102	4.72904595	4.71238898	4.22290046	4.14515697	
26.64974	4.72904595	4.71238898	4.22290046	4.14515697	
26.65972	4.72904595	4.71238898	4.22290046	4.14515697	
26.66985	4.72904595	4.71238898	4.22290046	4.14515697	
26.68001	4.72904595	4.71238898	4.22290046	4.14515697	
26.6902	4.72904595	4.71238898	4.22290046	4.14515697	
26.70025	4.72904595	4.71238898	4.22290046	4.14515697	
26.71036	4.72904595	4.71238898	4.22290046	4.14515697	
26.72051	4.72904595	4.71238898	4.22290046	4.14515697	
26.73057	4.72904595	4.71238898	4.22290046	4.14515697	
26.74073	4.72904595	4.71238898	4.22290046	4.14515697	
26.75139	4.72904595	4.71238898	4.22290046	4.14515697	
26.76112	4.72904595	4.71238898	4.22290046	4.14515697	
26.77122	4.72904595	4.71238898	4.22290046	4.14515697	
26.78132	4.72904595	4.71238898	4.22290046	4.14515697	
26.79153	4.72904595	4.71238898	4.22290046	4.14515697	
26.80163	4.72904595	4.71238898	4.22290046	4.14515697	
26.81173	4.72904595	4.71238898	4.22290046	4.14515697	
26.82185	4.72904595	4.71238898	4.22290046	4.14515697	
26.832	4.72904595	4.71238898	4.22290046	4.14515697	
26.8421	4.72904595	4.71238898	4.22290046	4.14515697	
26.85234	4.72904595	4.71238898	4.22290046	4.14515697	
26.8624	4.72904595	4.71238898	4.22290046	4.14515697	
26.87251	4.72904595	4.71238898	4.22290046	4.14515697	
26.88261	4.72904595	4.71238898	4.22290046	4.14515697	
26.893	4.72904595	4.71238898	4.22290046	4.14515697	
26.9029	4.72904595	4.71238898	4.22290046	4.14515697	
26.91308	4.72904595	4.71238898	4.22290046	4.14515697	
26.92314	4.72904595	4.71238898	4.22290046	4.14515697	
26.9334	4.72904595	4.71238898	4.22290046	4.14515697	
26.94457	4.72904595	4.71238898	4.22290046	4.14515697	
26.95405	4.72904595	4.71238898	4.22290046	4.14515697	
26.96376	4.72904595	4.71238898	4.22290046	4.14515697	
26.9739	4.72904595	4.71238898	4.22290046	4.14515697	
26.98402	4.72904595	4.71238898	4.22290046	4.14515697	
26.9944	4.72904595	4.71238898	4.22290046	4.14515697	
27.00452	4.72904595	4.71238898	4.22290046	4.14515697	
27.01467	4.72904595	4.71238898	4.22290046	4.14515697	
27.02486	4.72904595	4.71238898	4.22290046	4.14515697	
27.03497	4.72904595	4.71238898	4.22290046	4.14515697	
27.04577	4.72904595	4.71238898	4.22290046	4.14515697	
27.05609	4.72904595	4.71238898	4.22290046	4.14515697	
27.06556	4.72904595	4.71238898	4.22290046	4.14515697	
27.0756	4.72904595	4.71238898	4.22290046	4.14515697	
27.08573	4.72904595	4.71238898	4.22290046	4.14515697	
27.09591	4.72904595	4.71238898	4.22290046	4.14515697	
27.10603	4.72904595	4.71238898	4.22290046	4.14515697	
27.11668	4.72904595	4.71238898	4.22290046	4.14515697	
27.12634	4.72904595	4.71238898	4.22290046	4.14515697	
27.13646	4.72904595	4.71238898	4.22290046	4.14515697	
27.147	4.72904595	4.71238898	4.22290046	4.14515697	
27.15954	4.72904595	4.71238898	4.22290046	4.14515697	
27.16942	4.72904595	4.71238898	4.22290046	4.14515697	
27.17947	4.72904595	4.71238898	4.22290046	4.14515697	
27.19006	4.72904595	4.71238898	4.22290046	4.14515697	
27.19981	4.72904595	4.71238898	4.22290046	4.14515697	
27.20994	4.72904595	4.71238898	4.22290046	4.14515697	
27.22006	4.72904595	4.71238898	4.22290046	4.14515697	
27.23019	4.72904595	4.71238898	4.22290046	4.14515697	
27.24032	4.72904595	4.71238898	4.22290046	4.14515697	
27.25115	4.72904595	4.71238898	4.22290046	4.14515697	
27.2609	4.72904595	4.71238898	4.22290046	4.14515697	
27.27077	4.72904595	4.71238898	4.22290046	4.14515697	
27.28091	4.72904595	4.71238898	4.22290046	4.14515697	
27.29148	4.72904595	4.71238898	4.22290046	4.14515697	
27.3012	4.72904595	4.71238898	4.22290046	4.14515697	
27.31131	4.72904595	4.71238898	4.22290046	4.14515697	
27.3215	4.72904595	4.71238898	4.22290046	4.14515697	
27.33154	4.72904595	4.71238898	4.22290046	4.14515697	
27.34168	4.72904595	4.71238898	4.22290046	4.14515697	
27.35246	4.72904595	4.71238898	4.22290046	4.14515697	
27.3625	4.72904595	4.71238898	4.22290046	4.14515697	
27.37217	4.72904595	4.71238898	4.22290046	4.14515697	
27.38238	4.72904595	4.71238898	4.22290046	4.14515697	
27.39276	4.72904595	4.71238898	4.22290046	4.14515697	
27.40251	4.72904595	4.71238898	4.22290046	4.14515697	
27.41262	4.72904595	4.71238898	4.22290046	4.14515697	
27.42274	4.72904595	4.71238898	4.22290046	4.14515697	
27.43285	4.72904595	4.71238898	4.22290046	4.14515697	
27.44305	4.72904595	4.71238898	4.22290046	4.14515697	
27.45377	4.72904595	4.71238898	4.22290046	4.14515697	
27.46359	4.72904595	4.71238898	4.22290046	4.14515697	
27.4735	4.72904595	4.71238898	4.22290046	4.14515697	
27.48369	4.72904595	4.71238898	4.22290046	4.14515697	
27.49383	4.72904595	4.71238898	4.22290046	4.14515697	
27.51562	4.72904595	4.71238898	4.22290046	4.14515697	
27.51991	4.72904595	4.71238898	4.22290046	4.14515697	
27.53008	4.72904595	4.71238898	4.22290046	4.14515697	
27.54023	4.72904595	4.71238898	4.22290046	4.14515697	
27.55032	4.72904595	4.71238898	4.22290046	4.14515697	
27.56058	4.72904595	4.71238898	4.22290046	4.14515697	
27.5707	4.72904595	4.71238898	4.22290046	4.14515697	
27.58086	4.72904595	4.71238898	4.22290046	4.14515697	
27.59095	4.72904595	4.71238898	4.22290046	4.14515697	
27.60146	4.72904595	4.71238898	4.22290046	4.14515697	
27.61121	4.72904595	4.71238898	4.22290046	4.14515697	
27.62131	4.72904595	4.71238898	4.22290046	4.14515697	
27.63144	4.72904595	4.71238898	4.22290046	4.14515697	
27.64161	4.72904595	4.71238898	4.22290046	4.14515697	
27.6517	4.72904595	4.71238898	4.22290046	4.14515697	
27.66194	4.72904595	4.71238898	4.22290046	4.14515697	
27.67204	4.72904595	4.71238898	4.22290046	4.14515697	
27.6822	4.72904595	4.71238898	4.22290046	4.14515697	
27.6923	4.72904595	4.71238898	4.22290046	4.14515697	
27.70277	4.72904595	4.71238898	4.22290046	4.14515697	
27.71255	4.72904595	4.71238898	4.22290046	4.14515697	
27.72261	4.72904595	4.71238898	4.22290046	4.14515697	
27.73279	4.72904595	4.71238898	4.22290046	4.14515697	
27.74292	4.72904595	4.71238898	4.22290046	4.14515697	
27.75306	4.72904595	4.71238898	4.22290046	4.14515697	
27.76327	4.72904595	4.71238898	4.22290046	4.14515697	
27.77336	4.72904595	4.71238898	4.22290046	4.14515697	
27.78349	4.72904595	4.71238898	4.22290046	4.14515697	
27.79369	4.72904595	4.71238898	4.22290046	4.14515697	
27.80418	4.72904595	4.71238898	4.22290046	4.14515697	
27.81421	4.72904595	4.71238898	4.22290046	4.14515697	
27.82439	4.72904595	4.71238898	4.22290046	4.14515697	
27.83451	4.72904595	4.71238898	4.22290046	4.14515697	
27.84459	4.72904595	4.71238898	4.22290046	4.14515697	
27.85589	4.72904595	4.71238898	4.22290046	4.14515697	
27.87314	4.72904595	4.71238898	4.22290046	4.14515697	
27.87744	4.72904595	4.71238898	4.22290046	4.14515697	
27.88761	4.72904595	4.71238898	4.22290046	4.14515697	
27.89774	4.72904595	4.71238898	4.22290046	4.14515697	
27.9079	4.72904595	4.71238898	4.22290046	4.14515697	
27.91802	4.72904595	4.71238898	4.22290046	4.14515697	
27.92813	4.72904595	4.71238898	4.22290046	4.14515697	
27.93842	4.72904595	4.71238898	4.22290046	4.14515697	
27.94852	4.72904595	4.71238898	4.22290046	4.14515697	
27.95987	4.72904595	4.71238898	4.22290046	4.14515697	
27.96888	4.72904595	4.71238898	4.22290046	4.14515697	
27.97907	4.72904595	4.71238898	4.22290046	4.14515697	
27.98917	4.72904595	4.71238898	4.22290046	4.14515697	
27.99929	4.72904595	4.71238898	4.22290046	4.14515697	
28.00956	4.72904595	4.71238898	4.22290046	4.14515697	
28.0196	4.72904595	4.71238898	4.22290046	4.14515697	
28.02975	4.72904595	4.71238898	4.22290046	4.14515697	
28.03988	4.72904595	4.71238898	4.22290046	4.14515697	
28.05018	4.72904595	4.71238898	4.22290046	4.14515697	
28.06119	4.72904595	4.71238898	4.22290046	4.14515697	
28.07027	4.72904595	4.71238898	4.22290046	4.14515697	
28.08043	4.72904595	4.71238898	4.22290046	4.14515697	
28.09053	4.72904595	4.71238898	4.22290046	4.14515697	
28.10062	4.72904595	4.71238898	4.22290046	4.14515697	
28.11102	4.72904595	4.71238898	4.22290046	4.14515697	
28.12092	4.72904595	4.71238898	4.22290046	4.14515697	
28.13144	4.72904595	4.71238898	4.22290046	4.14515697	
28.14118	4.72904595	4.71238898	4.22290046	4.14515697	
28.15154	4.72904595	4.71238898	4.22290046	4.14515697	
28.16265	4.72904595	4.71238898	4.22290046	4.14515697	
28.1716	4.72904595	4.71238898	4.22290046	4.14515697	
28.18171	4.72904595	4.71238898	4.22290046	4.14515697	
28.19181	4.72904595	4.71238898	4.22290046	4.14515697	
28.20197	4.72904595	4.71238898	4.22290046	4.14515697	
28.21209	4.72904595	4.71238898	4.22290046	4.14515697	
28.22228	4.72904595	4.71238898	4.22290046	4.14515697	
28.23237	4.72904595	4.71238898	4.22290046	4.14515697	
28.2425	4.72904595	4.71238898	4.22290046	4.14515697	
28.25282	4.72904595	4.71238898	4.22290046	4.14515697	
28.26386	4.72904595	4.71238898	4.22290046	4.14515697	
28.27289	4.72904595	4.71238898	4.22290046	4.14515697	
28.28312	4.72904595	4.71238898	4.22290046	4.14515697	
28.29318	4.72904595	4.71238898	4.22290046	4.14515697	
28.30329	4.72904595	4.71238898	4.22290046	4.14515697	
28.31352	4.72904595	4.71238898	4.22290046	4.14515697	
28.3236	4.72904595	4.71238898	4.22290046	4.14515697	
28.33383	4.72904595	4.71238898	4.22290046	4.14515697	
28.34384	4.72904595	4.71238898	4.22290046	4.14515697	
28.35398	4.72904595	4.71238898	4.22290046	4.14515697	
28.36518	4.72904595	4.71238898	4.22290046	4.14515697	
28.37437	4.72904595	4.71238898	4.22290046	4.14515697	
28.38453	4.72904595	4.71238898	4.22290046	4.14515697	
28.39473	4.72904595	4.71238898	4.22290046	4.14515697	
28.40494	4.72904595	4.71238898	4.22290046	4.14515697	
28.41507	4.72904595	4.71238898	4.22290046	4.14515697	
28.42523	4.72904595	4.71238898	4.22290046	4.14515697	
28.43535	4.72904595	4.71238898	4.22290046	4.14515697	
28.44548	4.72904595	4.71238898	4.22290046	4.14515697	
28.4556	4.72904595	4.71238898	4.22290046	4.14515697	
28.46653	4.72904595	4.71238898	4.22290046	4.14515697	
28.4759	4.72904595	4.71238898	4.22290046	4.14515697	
28.4864	4.72904595	4.71238898	4.22290046	4.14515697	
28.49624	4.72904595	4.71238898	4.22290046	4.14515697	
28.50628	4.72904595	4.71238898	4.22290046	4.14515697	
28.51641	4.72904595	4.71238898	4.22290046	4.14515697	
28.52653	4.72904595	4.71238898	4.22290046	4.14515697	
28.53672	4.72904595	4.71238898	4.22290046	4.14515697	
28.54687	4.72904595	4.71238898	4.22290046	4.14515697	
28.55693	4.72904595	4.71238898	4.22290046	4.14515697	
28.56836	4.72904595	4.71238898	4.22290046	4.14515697	
28.57732	4.72904595	4.71238898	4.22290046	4.14515697	
28.58742	4.72904595	4.71238898	4.22290046	4.14515697	
28.59757	4.72904595	4.71238898	4.22290046	4.14515697	
28.60766	4.72904595	4.71238898	4.22290046	4.14515697	
28.61786	4.72904595	4.71238898	4.22290046	4.14515697	
28.62792	4.72904595	4.71238898	4.22290046	4.14515697	
28.6381	4.72904595	4.71238898	4.22290046	4.14515697	
28.64826	4.72904595	4.71238898	4.22290046	4.14515697	
28.65835	4.72904595	4.71238898	4.22290046	4.14515697	
28.66962	4.72904595	4.71238898	4.22290046	4.14515697	
28.67869	4.72904595	4.71238898	4.22290046	4.14515697	
28.6888	4.72904595	4.71238898	4.22290046	4.14515697	
28.69905	4.72904595	4.71238898	4.22290046	4.14515697	
28.70907	4.72904595	4.71238898	4.22290046	4.14515697	
28.71924	4.72904595	4.71238898	4.22290046	4.14515697	
28.72935	4.72904595	4.71238898	4.22290046	4.14515697	
28.73951	4.72904595	4.71238898	4.22290046	4.14515697	
28.74965	4.72904595	4.71238898	4.22290046	4.14515697	
28.75989	4.72904595	4.71238898	4.22290046	4.14515697	
28.77101	4.72904595	4.71238898	4.22290046	4.14515697	
28.78009	4.72904595	4.71238898	4.22290046	4.14515697	
28.79021	4.72904595	4.71238898	4.22290046	4.14515697	
28.80035	4.72904595	4.71238898	4.22290046	4.14515697	
28.81043	4.72904595	4.71238898	4.22290046	4.14515697	
28.82061	4.72904595	4.71238898	4.22290046	4.14515697	
28.83072	4.72904595	4.71238898	4.22290046	4.14515697	
28.84087	4.72904595	4.71238898	4.22290046	4.14515697	
28.8588	4.72904595	4.71238898	4.22290046	4.14515697	
28.86311	4.72904595	4.71238898	4.22290046	4.14515697	
28.87349	4.72904595	4.71238898	4.22290046	4.14515697	
28.8915	4.72904595	4.71238898	4.22290046	4.14515697	
28.89605	4.72904595	4.71238898	4.22290046	4.14515697	
28.90596	4.72904595	4.71238898	4.22290046	4.14515697	
28.91613	4.72904595	4.71238898	4.22290046	4.14515697	
28.92622	4.72904595	4.71238898	4.22290046	4.14515697	
28.93658	4.72904595	4.71238898	4.22290046	4.14515697	
28.94654	4.72904595	4.71238898	4.22290046	4.14515697	
28.95664	4.72904595	4.71238898	4.22290046	4.14515697	
28.9668	4.72904595	4.71238898	4.22290046	4.14515697	
28.977	4.72904595	4.71238898	4.22290046	4.14515697	
28.98721	4.72904595	4.71238898	4.22290046	4.14515697	
28.99731	4.72904595	4.71238898	4.22290046	4.14515697	
29.00749	4.72904595	4.71238898	4.22290046	4.14515697	
29.01766	4.72904595	4.71238898	4.22290046	4.14515697	
29.02777	4.72904595	4.71238898	4.22290046	4.14515697	
29.03789	4.72904595	4.71238898	4.22290046	4.14515697	
29.04804	4.72904595	4.71238898	4.22290046	4.14515697	
29.05818	4.72904595	4.71238898	4.22290046	4.14515697	
29.06827	4.72904595	4.71238898	4.22290046	4.14515697	
29.07852	4.72904595	4.71238898	4.22290046	4.14515697	
29.08861	4.72904595	4.71238898	4.22290046	4.14515697	
29.09881	4.72904595	4.71238898	4.22290046	4.14515697	
29.10892	4.72904595	4.71238898	4.22290046	4.14515697	
29.11902	4.72904595	4.71238898	4.22290046	4.14515697	
29.12915	4.72904595	4.71238898	4.22290046	4.14515697	
29.13931	4.72904595	4.71238898	4.22290046	4.14515697	
29.14949	4.72904595	4.71238898	4.22290046	4.14515697	
29.15959	4.72904595	4.71238898	4.22290046	4.14515697	
29.16991	4.72904595	4.71238898	4.22290046	4.14515697	
29.18019	4.72904595	4.71238898	4.22290046	4.14515697	
29.19007	4.72904595	4.71238898	4.22290046	4.14515697	
29.2002	4.72904595	4.71238898	4.22290046	4.14515697	
29.2103	4.72904595	4.71238898	4.22290046	4.14515697	
29.22039	4.72904595	4.71238898	4.22290046	4.14515697	
29.23056	4.72904595	4.71238898	4.22290046	4.14515697	
29.2407	4.72904595	4.71238898	4.22290046	4.14515697	
29.25087	4.72904595	4.71238898	4.22290046	4.14515697	
29.26094	4.72904595	4.71238898	4.22290046	4.14515697	
29.27137	4.72904595	4.71238898	4.22290046	4.14515697	
29.28129	4.72904595	4.71238898	4.22290046	4.14515697	
29.29137	4.72904595	4.71238898	4.22290046	4.14515697	
29.30148	4.72904595	4.71238898	4.22290046	4.14515697	
29.31167	4.72904595	4.71238898	4.22290046	4.14515697	
29.32179	4.72904595	4.71238898	4.22290046	4.14515697	
29.34124	4.72904595	4.71238898	4.22290046	4.14515697	
29.34623	4.72904595	4.71238898	4.22290046	4.14515697	
29.35635	4.72904595	4.71238898	4.22290046	4.14515697	
