21.33503	180.337797	180.336145	163.975335	163.973683	
21.34217	180.338835	180.336145	163.976373	163.973683	
21.35192	180.340899	180.336145	163.978437	163.98241	
21.36203	180.343665	180.344872	163.981204	163.98241	
21.37214	180.347043	180.344872	163.984581	163.98241	
21.38229	180.351059	180.344872	163.988597	163.991137	
21.39257	180.35576	180.353598	163.993298	163.991137	
21.40259	180.360937	180.362325	163.998475	163.991137	
21.41276	180.366814	180.362325	164.004353	163.991137	
21.42295	180.373329	180.371052	164.010867	163.999863	
21.43346	180.380724	180.379778	164.018262	164.00859	
21.44326	180.388177	180.379778	164.025715	164.00859	
21.45331	180.396416	180.388505	164.033954	164.017316	
21.46557	180.407477	180.397231	164.045015	164.017316	
21.47352	180.414917	180.405958	164.052455	164.026043	
21.48412	180.425593	180.414685	164.063131	164.026043	
21.49385	180.43594	180.414685	164.073479	164.03477	
21.5039	180.447246	180.423411	164.084785	164.03477	
21.51408	180.459316	180.432138	164.096854	164.043496	
21.52415	180.471863	180.440865	164.109402	164.043496	
21.53469	180.485698	180.449591	164.123236	164.052223	
21.54466	180.499338	180.449591	164.136876	164.052223	
21.55458	180.513492	180.458318	164.15103	164.06095	
21.56468	180.528532	180.458318	164.16607	164.06095	
21.57479	180.544203	180.467045	164.181741	164.069676	
21.59324	180.57533	180.467045	164.212869	164.078403	
21.59759	180.582585	180.475771	164.220123	164.095856	
21.60774	180.600327	180.475771	164.237865	164.104583	
21.61796	180.618807	180.484498	164.256345	164.11331	
21.62799	180.637551	180.484498	164.27509	164.130763	
21.63878	180.658466	180.484498	164.296004	164.13949	
21.64831	180.677418	180.493225	164.314956	164.156943	
21.65842	180.69815	180.501951	164.335688	164.165669	
21.66855	180.71955	180.501951	164.357088	164.183123	
21.67864	180.74149	180.510678	164.379029	164.200576	
21.68884	180.76427	180.519405	164.401809	164.218029	
21.69902	180.787648	180.528131	164.425186	164.235483	
21.70912	180.811461	180.545584	164.448999	164.252936	
21.71926	180.835965	180.554311	164.473503	164.270389	
21.72936	180.860981	180.571764	164.498519	164.287842	
21.74008	180.888262	180.589218	164.525801	164.305296	
21.74974	180.913367	180.597944	164.550905	164.331476	
21.75988	180.940339	180.615398	164.577877	164.348929	
21.77005	180.968029	180.641578	164.605567	164.375109	
21.78009	180.995946	180.659031	164.633484	164.392562	
21.79028	181.024928	180.685211	164.662467	164.410016	
21.80047	181.054528	180.702664	164.692066	164.436195	
21.81058	181.08447	180.728844	164.722008	164.462375	
21.82069	181.115079	180.755024	164.752618	164.488555	
21.83078	181.146195	180.781204	164.783733	164.514735	
21.8414	181.179684	180.807384	164.817223	164.540915	
21.85114	181.210952	180.833564	164.84849	164.567095	
21.86129	181.244088	180.86847	164.881626	164.602002	
21.87142	181.277814	180.89465	164.915352	164.628182	
21.88149	181.311981	180.929557	164.949519	164.654362	
21.89169	181.3472	180.955737	164.984738	164.689268	
21.90178	181.3826	180.990643	165.020139	164.715448	
21.91998	181.448994	181.043003	165.086533	164.776535	
21.92432	181.464727	181.060457	165.102265	164.785261	
21.93444	181.502283	181.095363	165.139821	164.820168	
21.9447	181.54096	181.13027	165.178498	164.846348	
21.95482	181.579696	181.173903	165.217235	164.881254	
21.96498	181.619233	181.20881	165.256772	164.916161	
21.97508	181.659163	181.252443	165.296701	164.951068	
21.98554	181.701163	181.287349	165.338702	164.985974	
21.99542	181.741386	181.322256	165.378925	165.020881	
22.00546	181.782878	181.357163	165.420417	165.064514	
22.01559	181.825391	181.400796	165.462929	165.099421	
22.02571	181.868476	181.435702	165.506014	165.143054	
22.03586	181.912259	181.479336	165.549798	165.17796	
22.04605	181.956884	181.522969	165.594422	165.212867	
22.05619	182.001887	181.566602	165.639425	165.2565	
22.0664	182.047819	181.601509	165.685357	165.300133	
22.08431	182.130797	181.671322	165.768335	165.369947	
22.08873	182.151175	181.697502	165.788713	165.3874	
22.09884	182.198631	181.741135	165.836169	165.422307	
22.10898	182.246845	181.776042	165.884383	165.474666	
22.11911	182.295666	181.828401	165.933205	165.5183	
22.12921	182.344901	181.872035	165.982439	165.561933	
22.13944	182.395441	181.915668	166.032979	165.596839	
22.14953	182.445906	181.959301	166.083445	165.649199	
22.15971	182.497396	182.011661	166.134934	165.692833	
22.16983	182.549168	182.055294	166.186706	165.736466	
22.17989	182.601284	182.107654	166.238823	165.788826	
22.19008	182.654707	182.151287	166.292245	165.832459	
22.20021	182.70845	182.194921	166.345988	165.876092	
22.21038	182.762952	182.24728	166.40049	165.928452	
22.22052	182.817968	182.29964	166.455506	165.980812	
22.23057	182.873099	182.352	166.510638	166.024445	
22.24078	182.929705	182.40436	166.567243	166.076805	
22.25097	182.986913	182.447993	166.624451	166.129165	
22.26125	183.045172	182.500353	166.68271	166.181525	
22.27116	183.101928	182.552713	166.739467	166.233885	
22.29053	183.215688	182.648706	166.853226	166.329878	
22.30316	183.290534	182.674886	166.928072	166.356058	
22.30759	183.316803	182.744699	166.954341	166.425871	
22.31772	183.377656	182.797059	167.015194	166.478231	
22.32799	183.440048	182.858146	167.077586	166.530591	
22.33803	183.501531	182.910506	167.13907	166.58295	
22.34881	183.568352	182.962865	167.20589	166.644037	
22.35895	183.631716	183.023952	167.269255	166.696397	
22.36912	183.696004	183.076312	167.333542	166.757483	
22.37937	183.761405	183.128672	167.398943	166.81857	
22.38934	183.825575	183.189758	167.463114	166.87093	
22.39949	183.891739	183.242118	167.529277	166.92329	
22.40966	183.958199	183.311931	167.595737	166.984376	
22.41974	184.024959	183.364291	167.662498	167.045463	
22.42989	184.092763	183.425378	167.730302	167.097823	
22.44	184.160891	183.486464	167.79843	167.167636	
22.45028	184.230867	183.547551	167.868405	167.219996	
22.46036	184.30005	183.608637	167.937589	167.281082	
22.47054	184.370517	183.67845	168.008056	167.342169	
22.48069	184.441429	183.73081	168.078967	167.403255	
22.49076	184.512387	183.800624	168.149925	167.464342	
22.50095	184.584775	183.86171	168.222313	167.516702	
22.51105	184.657175	183.922797	168.294713	167.586515	
22.52121	184.73062	183.99261	168.368158	167.638875	
22.53136	184.804617	184.053696	168.442155	167.699961	
22.54143	184.878622	184.123509	168.51616	167.761048	
22.55168	184.954631	184.193323	168.59217	167.822134	
22.56183	185.030485	184.254409	168.668023	167.883221	
22.57225	185.109008	184.324222	168.746546	167.935581	
22.58208	185.183609	184.394035	168.821148	167.996667	
22.59217	185.260865	184.463849	168.898403	168.057754	
22.60257	185.341113	184.542388	168.978651	168.11884	
22.61274	185.420207	184.612202	169.057746	168.179927	
22.62308	185.501287	184.690741	169.138825	168.241013	
22.63325	185.581656	184.760555	169.219195	168.3021	
22.64416	185.668652	184.839094	169.30619	168.35446	
22.65388	185.746641	184.917634	169.384179	168.424273	
22.66427	185.830641	184.987447	169.468179	168.476633	
22.67447	185.913789	185.065987	169.551327	168.537719	
22.68426	185.994068	185.144527	169.631606	168.598806	
22.69467	186.080195	185.223067	169.717733	168.659892	
22.70485	186.164985	185.301607	169.802523	168.720979	
22.72291	186.317856	185.380147	169.955394	168.773339	
22.72807	186.361433	185.484866	169.998971	168.851878	
22.73828	186.448564	185.572133	170.086102	168.912965	
22.74962	186.546129	185.650673	170.183667	168.974052	
22.76675	186.695553	185.737939	170.333092	169.035138	
22.77231	186.744046	185.842659	170.381584	169.113678	
22.78214	186.830476	185.929925	170.468014	169.174764	
22.79224	186.919865	186.017192	170.557403	169.227124	
22.8025	187.011424	186.104458	170.648962	169.296937	
22.81264	187.102381	186.191725	170.73992	169.358024	
22.8228	187.194311	186.278991	170.831849	169.410384	
22.83317	187.290015	186.366258	170.927554	169.47147	
22.85375	187.479092	186.54079	171.116631	169.593643	
22.85904	187.527978	186.59315	171.165516	169.62855	
22.86926	187.623192	186.680417	171.26073	169.689637	
22.87924	187.716806	186.767683	171.354345	169.750723	
22.88974	187.815937	186.863676	171.453476	169.81181	
22.90002	187.91358	186.950943	171.551118	169.872896	
22.9099	188.008024	187.046936	171.645563	169.925256	
22.92008	188.105929	187.134202	171.743467	169.986342	
22.93028	188.204777	187.221469	171.842315	170.047429	
22.94066	188.305972	187.317462	171.94351	170.108516	
22.95054	188.402746	187.413455	172.040284	170.169602	
22.96108	188.506886	187.509448	172.144424	170.230689	
22.97091	188.604379	187.605441	172.241918	170.291775	
22.98109	188.706139	187.701434	172.343678	170.344135	
22.99121	188.807772	187.797428	172.44531	170.413948	
23.00183	188.915171	187.893421	172.55271	170.466308	
23.01166	189.015189	187.989414	172.652727	170.527395	
23.02206	189.121609	188.094133	172.759147	170.588481	
23.03193	189.223183	188.190127	172.860721	170.649568	
23.05023	189.413983	188.28612	173.051521	170.710654	
23.05579	189.471994	188.417019	173.109533	170.789194	
23.06581	189.577175	188.513013	173.214714	170.841554	
23.07605	189.685291	188.617732	173.322829	170.90264	
23.09423	189.879621	188.800992	173.517159	171.00736	
23.09943	189.935131	188.853352	173.572669	171.042267	
23.10961	190.044726	188.958071	173.682264	171.103353	
23.12787	190.243578	189.054065	173.881117	171.16444	
23.13305	190.299919	189.193691	173.937457	171.24298	
23.14317	190.410949	189.298411	174.048487	171.304066	
23.15335	190.523161	189.40313	174.1607	171.356426	
23.16376	190.638499	189.50785	174.276038	171.417512	
23.17374	190.749711	189.621297	174.387249	171.478599	
23.18384	190.86291	189.734743	174.500448	171.530959	
23.19425	190.980163	189.839463	174.617701	171.600772	
23.20411	191.091728	189.944182	174.729266	171.653132	
23.21428	191.207558	190.057629	174.845097	171.714218	
23.22442	191.323641	190.171075	174.961179	171.775305	
23.23458	191.440677	190.275795	175.078215	171.827665	
23.24478	191.558718	190.389241	175.196256	171.888751	
23.25499	191.677489	190.502688	175.315027	171.949838	
23.26551	191.800469	190.607408	175.438008	172.002198	
23.27527	191.915157	190.720854	175.552695	172.063284	
23.28582	192.039809	190.843027	175.677348	172.124371	
23.29599	192.160651	190.956473	175.79819	172.185457	
23.3062	192.282524	191.06992	175.920062	172.246544	
23.3166	192.407416	191.192093	176.044954	172.298904	
23.3265	192.526216	191.305539	176.163754	172.35999	
23.33689	192.650836	191.418986	176.288374	172.421077	
23.34738	192.776692	191.541159	176.41423	172.473437	
23.35716	192.894112	191.654605	176.53165	172.534523	
23.36734	193.016308	191.768052	176.653846	172.586883	
23.38579	193.237648	191.890225	176.875186	172.64797	
23.39134	193.30432	192.047304	176.941858	172.717783	
23.40167	193.42816	192.169477	177.065698	172.778869	
23.41212	193.553632	192.282924	177.19117	172.831229	
23.42231	193.675876	192.39637	177.313414	172.892316	
23.43251	193.798264	192.518543	177.435802	172.944676	
23.44298	193.923988	192.63199	177.561526	172.997035	
23.45279	194.041636	192.754163	177.679174	173.049395	
23.46388	194.17468	192.876336	177.812218	173.110482	
23.47391	194.295004	192.998509	177.932542	173.171568	
23.48404	194.416672	193.111955	178.05421	173.223928	
23.49434	194.540248	193.234128	178.177786	173.276288	
23.50471	194.664688	193.347575	178.302226	173.337375	
23.51458	194.78314	193.469748	178.420678	173.389735	
23.5328	195.001816	193.583194	178.639354	173.450821	
23.538	195.064096	193.740274	178.701634	173.520634	
23.54834	195.188236	193.862447	178.825774	173.581721	
23.55834	195.308248	193.975893	178.945786	173.634081	
23.5685	195.430264	194.098066	179.067802	173.695167	
23.57898	195.555928	194.220239	179.193466	173.747527	
23.59704	195.772684	194.429679	179.410222	173.84352	
23.60227	195.83536	194.490765	179.472898	173.8697	
23.61241	195.9577	194.612938	179.595238	173.930787	
23.6307	196.176568	194.735111	179.814106	173.983146	
23.63588	196.238704	194.892191	179.876242	174.061686	
23.64607	196.360972	195.005637	179.99851	174.114046	
23.65625	196.48324	195.12781	180.120778	174.166406	
23.66651	196.606384	195.249983	180.243922	174.218766	
23.6766	196.727308	195.372156	180.364846	174.279852	
23.68674	196.849072	195.49433	180.48661	174.332212	
23.69707	196.972948	195.616503	180.610486	174.393299	
23.70749	197.09806	195.729949	180.735598	174.445659	
23.71743	197.21728	195.852122	180.854818	174.498019	
23.73574	197.437	195.974295	181.074538	174.559105	
23.74087	197.4985	196.131375	181.136038	174.628918	
23.75114	197.621896	196.253548	181.259434	174.681278	
23.76126	197.743264	196.366994	181.380802	174.742365	
23.77174	197.869096	196.489167	181.506634	174.794725	
23.78156	197.986888	196.61134	181.624426	174.847084	
23.7917	198.108556	196.733513	181.746094	174.908171	
23.80189	198.230764	196.855686	181.868302	174.960531	
23.81208	198.35314	196.969133	181.990678	175.021617	
23.82249	198.478024	197.091306	182.115562	175.073977	
23.83237	198.59662	197.213479	182.234158	175.126337	
23.84296	198.723712	197.335652	182.36125	175.187424	
23.85269	198.840448	197.449098	182.477986	175.239784	
23.86284	198.96226	197.579998	182.599798	175.30087	
23.87339	199.088908	197.693444	182.726446	175.35323	
23.88318	199.206304	197.815617	182.843842	175.40559	
23.89328	199.327576	197.93779	182.965114	175.45795	
23.90344	199.449496	198.059964	183.087034	175.519036	
23.91395	199.57552	198.182137	183.213058	175.571396	
23.92384	199.694212	198.30431	183.33175	175.632483	
23.93418	199.818364	198.426483	183.455902	175.684843	
23.94437	199.940692	198.548656	183.57823	175.737202	
23.96238	200.156728	198.670829	183.794266	175.798289	
23.96878	200.233576	198.827908	183.871114	175.868102	
23.97781	200.341864	198.950081	183.979402	175.929189	
23.98816	200.466088	199.072254	184.103626	175.981548	
23.99812	200.58568	199.194428	184.223218	176.042635	
24.00833	200.708092	199.316601	184.34563	176.103722	
24.01879	200.833684	199.438774	184.471222	176.156081	
24.02884	200.954296	199.560947	184.591834	176.208441	
24.03875	201.073132	199.68312	184.71067	176.269528	
24.04897	201.195784	199.805293	184.833322	176.321888	
24.0591	201.317368	199.927466	184.954906	176.382974	
24.07055	201.454768	200.049639	185.092306	176.444061	
24.07949	201.562084	200.171812	185.199622	176.496421	
24.08962	201.683584	200.293985	185.321122	176.557507	
24.10009	201.809296	200.416158	185.446834	176.618594	
24.11022	201.930736	200.538331	185.568274	176.670954	
24.12043	202.053316	200.660504	185.690854	176.73204	
24.1307	202.176616	200.791404	185.814154	176.7844	
24.14049	202.294072	200.90485	185.93161	176.845486	
24.15066	202.416016	201.03575	186.053554	176.906573	
24.16117	202.542208	201.149196	186.179746	176.96766	
24.17162	202.667596	201.280096	186.305134	177.020019	
24.18123	202.78288	201.393542	186.420418	177.081106	
24.19165	202.907944	201.515715	186.545482	177.133466	
24.20178	203.02954	201.637888	186.667078	177.194552	
24.21211	203.15344	201.760062	186.790978	177.255639	
24.2219	203.270896	201.882235	186.908434	177.307999	
24.2324	203.397676	202.004408	187.035214	177.360359	
24.24223	203.514952	202.126581	187.15249	177.421445	
24.25235	203.63638	202.248754	187.273918	177.473805	
24.26279	203.761576	202.3622	187.399114	177.534892	
24.27318	203.886304	202.484373	187.523842	177.587251	
24.28492	204.02728	202.615273	187.664818	177.639611	
24.29296	204.123676	202.728719	187.761214	177.700698	
24.30309	204.245224	202.850892	187.882762	177.761784	
24.31325	204.367204	202.964339	188.004742	177.814144	
24.32341	204.48898	203.095238	188.126518	177.866504	
24.33367	204.612196	203.208685	188.249734	177.927591	
24.3443	204.739804	203.330858	188.377342	177.97995	
24.35392	204.855196	203.453031	188.492734	178.041037	
24.37269	205.080484	203.575204	188.718022	178.093397	
24.37801	205.144216	203.74101	188.781754	178.171937	
24.38844	205.26946	203.87191	188.906998	178.224297	
24.39849	205.390012	203.994083	189.02755	178.285383	
24.40833	205.508128	204.116256	189.145666	178.337743	
24.41871	205.632664	204.238429	189.270202	178.390103	
24.42892	205.755112	204.360602	189.39265	178.442463	
24.43937	205.88062	204.482775	189.518158	178.503549	
24.45734	206.096284	204.700941	189.733822	178.608269	
24.46252	206.158348	204.762028	189.795886	178.634449	
24.47399	206.295988	204.884201	189.933526	178.686809	
24.48287	206.402656	205.006374	190.040194	178.739169	
24.493	206.524156	205.128547	190.161694	178.800255	
24.50321	206.6467	205.25072	190.284238	178.852615	
24.51383	206.774068	205.372893	190.411606	178.904975	
24.52384	206.894272	205.503793	190.53181	178.966061	
24.53392	207.01522	205.617239	190.652758	179.018421	
24.54437	207.140608	205.748139	190.778146	179.070781	
24.5543	207.259768	205.861585	190.897306	179.131868	
24.57253	207.478576	205.992485	191.116114	179.184228	
24.57919	207.558412	206.167018	191.19595	179.262767	
24.58903	207.676468	206.289191	191.314006	179.315127	
24.59952	207.802372	206.420091	191.43991	179.367487	
24.60941	207.921028	206.533537	191.558566	179.419847	
24.6196	208.04338	206.664437	191.680918	179.480934	
24.63783	208.262104	206.78661	191.899642	179.533294	
24.64302	208.32442	206.943689	191.961958	179.603107	
24.65314	208.4458	207.074589	192.083338	179.655467	
24.66331	208.567804	207.196762	192.205342	179.716553	
24.67347	208.689796	207.318935	192.327334	179.768913	
24.68406	208.816924	207.441108	192.454462	179.821273	
24.69411	208.9375	207.572008	192.575038	179.873633	
24.70398	209.055916	207.694181	192.693454	179.925993	
24.72235	209.276392	207.816354	192.91393	179.978352	
24.7276	209.339296	207.973434	192.976834	180.048166	
24.73778	209.461576	208.095607	193.099114	180.109252	
24.75605	209.68078	208.21778	193.318318	180.161612	
24.76123	209.742904	208.383586	193.380442	180.231425	
24.77139	209.8648	208.514486	193.502338	180.292512	
24.78162	209.987596	208.627932	193.625134	180.344872	
24.79171	210.10876	208.750105	193.746298	180.397231	
24.8019	210.230992	208.872278	193.86853	180.449591	
24.81205	210.352804	208.994451	193.990342	180.501951	
24.82223	210.474964	209.116624	194.112502	180.554311	
24.83232	210.595924	209.247524	194.233462	180.606671	
24.8525	210.838252	209.483143	194.47579	180.711391	
24.85768	210.900256	209.54423	194.537794	180.746297	
24.8679	211.023016	209.666403	194.660554	180.798657	
24.87916	211.158148	209.788576	194.795686	180.851017	
24.88823	211.266892	209.910749	194.90443	180.912104	
24.89839	211.3888	210.041649	195.026338	180.964463	
24.90854	211.510636	210.163822	195.148174	181.016823	
24.91867	211.6321	210.294722	195.269638	181.069183	
24.92893	211.75528	210.416895	195.392818	181.13027	
24.93904	211.8766	210.539068	195.514138	181.18263	
24.94921	211.998712	210.661241	195.63625	181.23499	
24.95943	212.121328	210.783414	195.758866	181.287349	
24.96989	212.24692	210.905587	195.884458	181.339709	
24.98059	212.37526	211.02776	196.012798	181.400796	
24.98991	212.487076	211.15866	196.124614	181.453156	
25.0001	212.609332	211.280833	196.24687	181.514242	
25.01034	212.7322	211.411732	196.369738	181.566602	
25.02045	212.853604	211.525179	196.491142	181.618962	
25.03071	212.976652	211.656078	196.61419	181.671322	
25.04074	213.096952	211.778251	196.73449	181.723682	
25.05128	213.223588	211.900424	196.861126	181.784768	
25.06118	213.342388	212.022598	196.979926	181.837128	
25.07125	213.46318	212.144771	197.100718	181.889488	
25.08193	213.591376	212.27567	197.228914	181.950575	
25.09151	213.706252	212.389117	197.34379	182.002934	
25.10171	213.828676	212.520016	197.466214	182.055294	
25.11219	213.954472	212.642189	197.59201	182.107654	
25.12204	214.072636	212.764362	197.710174	182.168741	
25.1322	214.194496	212.886536	197.832034	182.221101	
25.1423	214.315744	213.017435	197.953282	182.282187	
25.15252	214.438444	213.139608	198.075982	182.334547	
25.163	214.564144	213.261781	198.201682	182.386907	
25.17309	214.685236	213.383954	198.322774	182.439267	
25.18348	214.809988	213.506127	198.447526	182.491627	
25.1931	214.925332	213.6283	198.56287	182.552713	
25.20365	215.051908	213.750473	198.689446	182.605073	
25.21345	215.16952	213.872647	198.807058	182.66616	
25.22364	215.291812	213.99482	198.92935	182.718519	
25.23382	215.414008	214.116993	199.051546	182.770879	
25.25214	215.633836	214.239166	199.271374	182.831966	
25.25736	215.69644	214.404972	199.333978	182.901779	
25.2675	215.818192	214.518418	199.45573	182.954139	
25.27765	215.939848	214.649318	199.577386	183.015225	
25.29778	216.181504	214.884938	199.819042	183.119945	
25.303	216.24412	214.954751	199.881658	183.154852	
25.31309	216.365212	215.076924	200.00275	183.207212	
25.32328	216.487516	215.19037	200.125054	183.259571	
25.33381	216.613888	215.32127	200.251426	183.311931	
25.34394	216.735484	215.434716	200.373022	183.364291	
25.35417	216.85816	215.565616	200.495698	183.425378	
25.36402	216.976432	215.679062	200.61397	183.477738	
25.37418	217.09834	215.801235	200.735878	183.530097	
25.38469	217.224532	215.923408	200.86207	183.582457	
25.39482	217.34608	216.054308	200.983618	183.643544	
25.41324	217.56706	216.167755	201.204598	183.695904	
25.41842	217.629148	216.333561	201.266686	183.765717	
25.42897	217.755808	216.46446	201.393346	183.818077	
25.44754	217.97866	216.586634	201.616198	183.879163	
25.45288	218.043628	216.75244	201.681166	183.948977	
25.4632	218.16664	216.874613	201.804178	184.001336	
25.47363	218.291752	216.996786	201.92929	184.062423	
25.48343	218.409352	217.118959	202.04689	184.114783	
25.49365	218.532016	217.241132	202.169554	184.167143	
25.5045	218.662204	217.372032	202.299742	184.219503	
25.51428	218.779492	217.494205	202.41703	184.271862	
25.52409	218.8972	217.616378	202.534738	184.324222	
25.53422	219.018796	217.738551	202.656334	184.376582	
25.54441	219.141148	217.860724	202.778686	184.437669	
25.5546	219.263404	217.97417	202.900942	184.481302	
25.56499	219.38806	218.10507	203.025598	184.542388	
25.57502	219.508408	218.227243	203.145946	184.594748	
25.58509	219.62926	218.358143	203.266798	184.647108	
25.59519	219.750496	218.480316	203.388034	184.699468	
25.60568	219.876364	218.602489	203.513902	184.760555	
25.6155	219.994156	218.724662	203.631694	184.812914	
25.626	220.120168	218.846835	203.757706	184.865274	
25.63589	220.238812	218.969008	203.87635	184.917634	
25.646	220.360192	219.091181	203.99773	184.969994	
25.65618	220.482304	219.213354	204.119842	185.022354	
25.66677	220.609456	219.335527	204.246994	185.074714	
25.67657	220.727008	219.466427	204.364546	185.127074	
25.68664	220.847776	219.5886	204.485314	185.179434	
25.69718	220.974292	219.710773	204.61183	185.24052	
25.70708	221.093176	219.832946	204.730714	185.284153	
25.71796	221.22364	219.963846	204.861178	185.34524	
25.72741	221.337112	220.086019	204.97465	185.3976	
25.74565	221.55604	220.208192	205.193578	185.44996	
25.75077	221.617372	220.365271	205.25491	185.519773	
25.76107	221.741056	220.487444	205.378594	185.572133	
25.77934	221.960272	220.609617	205.59781	185.633219	
25.78449	222.02206	220.766697	205.659598	185.703032	
25.79497	222.147808	220.88887	205.785346	185.755392	
25.80485	222.266428	221.011043	205.903966	185.807752	
25.81508	222.38914	221.133216	206.026678	185.860112	
25.82517	222.510136	221.255389	206.147674	185.912472	
25.83535	222.63232	221.377562	206.269858	185.973558	
25.84591	222.759064	221.499735	206.396602	186.025918	
25.85618	222.882352	221.621908	206.51989	186.087005	
25.86583	222.99814	221.744081	206.635678	186.139365	
25.87633	223.124176	221.866255	206.761714	186.191725	
25.88617	223.242244	221.988428	206.879782	186.244084	
25.89628	223.3636	222.101874	207.001138	186.296444	
25.91481	223.585948	222.328767	207.223486	186.401164	
25.91998	223.64788	222.389853	207.285418	186.436071	
25.93024	223.771012	222.512026	207.40855	186.488431	
25.94028	223.891576	222.634199	207.529114	186.54079	
25.95048	224.013928	222.756372	207.651466	186.59315	
25.96098	224.139964	222.878545	207.777502	186.654237	
25.97083	224.258104	223.000719	207.895642	186.706597	
25.98904	224.476636	223.122892	208.114174	186.758957	
25.9954	224.553004	223.279971	208.190542	186.82877	
26.00438	224.660716	223.402144	208.298254	186.889856	
26.01483	224.786068	223.524317	208.423606	186.942216	
26.02468	224.90428	223.64649	208.541818	186.994576	
26.03485	225.026308	223.768663	208.663846	187.055663	
26.04504	225.148636	223.890836	208.786174	187.108022	
26.05553	225.274528	224.013009	208.912066	187.169109	
26.06534	225.392272	224.135183	209.02981	187.221469	
26.07577	225.51742	224.257356	209.154958	187.273829	
26.08571	225.6367	224.388255	209.274238	187.334915	
26.0976	225.77938	224.501702	209.416918	187.387275	
26.10593	225.882556	224.632601	209.520094	187.448362	
26.11612	226.0015	224.754774	209.639038	187.500722	
26.1263	226.123744	224.876947	209.761282	187.553081	
26.13668	226.248316	224.999121	209.885854	187.614168	
26.14669	226.3684	225.13002	210.005938	187.666528	
26.15706	226.492864	225.252193	210.130402	187.727614	
26.16755	226.618816	225.374366	210.256354	187.779974	
26.17742	226.737184	225.496539	210.374722	187.832334	
26.19598	226.959928	225.618712	210.597466	187.893421	
26.20111	227.021416	225.793245	210.658954	187.97196	
26.21154	227.146576	225.915418	210.784114	188.02432	
26.2217	227.268544	226.037591	210.906082	188.07668	
26.24001	227.488324	226.168491	211.125862	188.137767	
26.24515	227.549956	226.334297	211.187494	188.216307	
26.25564	227.675824	226.45647	211.313362	188.268666	
26.26544	227.793364	226.578643	211.430902	188.321026	
26.27562	227.915536	226.700817	211.553074	188.382113	
26.28668	228.051652	226.831716	211.68919	188.434473	
26.29728	228.175612	226.953889	211.81315	188.495559	
26.30641	228.285064	227.076062	211.922602	188.547919	
26.31625	228.403168	227.206962	212.040706	188.600279	
26.33445	228.621628	227.425128	212.259166	188.704999	
26.33958	228.683104	227.486215	212.320642	188.731179	
26.34975	228.80512	227.608388	212.442658	188.783539	
26.36026	228.931204	227.748014	212.568742	188.844625	
26.37011	229.049476	227.86146	212.687014	188.896985	
26.38028	229.171504	227.983634	212.809042	188.949345	
26.39988	229.406764	228.105807	213.044302	189.010431	
26.40553	229.474444	228.289066	213.111982	189.088971	
26.41551	229.5943	228.411239	213.231838	189.150058	
26.42558	229.71514	228.542139	213.352678	189.202418	
26.4356	229.835392	228.664312	213.47293	189.263504	
26.44596	229.959724	228.786485	213.597262	189.315864	
26.45591	230.079136	228.908658	213.716674	189.368224	
26.4681	230.22538	229.039558	213.862918	189.42931	
26.47616	230.322052	229.161731	213.95959	189.490397	
26.48643	230.44534	229.283904	214.082878	189.542757	
26.49656	230.566936	229.414804	214.204474	189.595117	
26.50702	230.692408	229.545703	214.329946	189.656203	
26.51716	230.814004	229.667876	214.451542	189.71729	
26.52736	230.936476	229.790049	214.574014	189.76965	
26.53749	231.058048	229.912222	214.695586	189.822009	
26.54764	231.179872	230.043122	214.81741	189.883096	
26.55814	231.305896	230.165295	214.943434	189.935456	
26.56822	231.426808	230.296195	215.064346	189.996542	
26.57849	231.550012	230.418368	215.18755	190.048902	
26.59639	231.764812	230.540541	215.40235	190.101262	
26.60237	231.83656	230.697621	215.474098	190.171075	
26.61174	231.949024	230.819794	215.586562	190.232162	
26.62191	232.071112	230.950693	215.70865	190.293248	
26.63206	232.192948	231.072866	215.830486	190.345608	
26.64263	232.319728	231.203766	215.957266	190.406695	
26.65286	232.44334	231.325939	216.080878	190.459055	
26.6625	232.558072	231.448112	216.19561	190.511415	
26.67274	232.680952	231.570285	216.31849	190.572501	
26.68292	232.803244	231.692458	216.440782	190.624861	
26.69339	232.928788	231.823358	216.566326	190.685947	
26.70435	233.060416	231.954258	216.697954	190.738307	
26.71376	233.173312	232.076431	216.81085	190.790667	
26.72353	233.290516	232.198604	216.928054	190.843027	
26.73398	233.415952	232.320777	217.05349	190.904114	
26.74395	233.535544	232.451676	217.173082	190.956473	
26.75425	233.659156	232.573849	217.296694	191.008833	
26.76415	233.777932	232.704749	217.41547	191.061193	
26.7743	233.899744	232.826922	217.537282	191.113553	
26.78446	234.021784	232.949095	217.659322	191.17464	
26.79466	234.144004	233.071268	217.781542	191.226999	
26.80688	234.290788	233.202168	217.928326	191.279359	
26.8152	234.390532	233.333068	218.02807	191.331719	
26.82517	234.51016	233.446514	218.147698	191.392806	
26.84693	234.771352	233.577414	218.40889	191.445166	
26.85213	234.83368	233.778127	218.471218	191.532432	
26.86259	234.959296	233.909026	218.596834	191.584792	
26.87277	235.081336	234.031199	218.718874	191.637152	
26.88295	235.203592	234.153372	218.84113	191.689512	
26.89321	235.326676	234.275545	218.964214	191.741872	
26.91119	235.54252	234.406445	219.180058	191.802958	
26.91645	235.60558	234.572251	219.243118	191.872771	
26.92658	235.727092	234.694425	219.36463	191.933858	
26.93674	235.84906	234.816598	219.486598	191.986218	
26.94714	235.973896	234.947497	219.611434	192.038578	
26.95711	236.093476	235.06967	219.731014	192.090937	
26.96748	236.217904	235.191843	219.855442	192.152024	
26.97765	236.339944	235.322743	219.977482	192.204384	
26.98786	236.4625	235.453643	220.100038	192.26547	
26.99799	236.584	235.584542	220.221538	192.31783	
27.0093	236.719816	235.706715	220.357354	192.37019	
27.01894	236.835448	235.837615	220.472986	192.431277	
27.02846	236.949676	235.959788	220.587214	192.483637	
27.03859	237.07114	236.090688	220.708678	192.535996	
27.04877	237.193396	236.212861	220.830934	192.597083	
27.05892	237.315232	236.335034	220.95277	192.649443	
27.06905	237.436672	236.465934	221.07421	192.701803	
27.07922	237.558748	236.588107	221.196286	192.754163	
27.0894	237.680896	236.719006	221.318434	192.815249	
27.09975	237.805132	236.841179	221.44267	192.867609	
27.11091	237.939112	236.963353	221.57665	192.928696	
27.11996	238.04758	237.094252	221.685118	192.981055	
27.13041	238.173028	237.225152	221.810566	193.033415	
27.14027	238.291444	237.347325	221.928982	193.085775	
27.15069	238.416484	237.469498	222.054022	193.138135	
27.16066	238.53604	237.591671	222.173578	193.199222	
27.17107	238.660948	237.713844	222.298486	193.251581	
27.18093	238.779364	237.844744	222.416902	193.312668	
27.19107	238.90096	237.966917	222.538498	193.365028	
27.20155	239.026744	238.097817	222.664282	193.417388	
27.21254	239.158708	238.21999	222.796246	193.478474	
27.22159	239.267248	238.342163	222.904786	193.522107	
27.23985	239.486392	238.464336	223.12393	193.583194	
27.24508	239.549068	238.638869	223.186606	193.661734	
27.25556	239.674828	238.761042	223.312366	193.714094	
27.26545	239.793604	238.883215	223.431142	193.766454	
27.28383	240.014092	239.005388	223.65163	193.82754	
27.29036	240.092488	239.171194	223.730026	193.897353	
27.29915	240.198016	239.293367	223.835554	193.949713	
27.30928	240.319588	239.41554	223.957126	194.0108	
27.31943	240.441328	239.537713	224.078866	194.06316	
27.32961	240.563488	239.659886	224.201026	194.115519	
27.34008	240.689116	239.790786	224.326654	194.176606	
27.3499	240.806992	239.904232	224.44453	194.237692	
27.3601	240.929296	240.035132	224.566834	194.290052	
27.37026	241.051312	240.148578	224.68885	194.351139	
27.38041	241.173136	240.279478	224.810674	194.403499	
27.391	241.30018	240.392925	224.937718	194.464585	
27.40089	241.41886	240.515098	225.056398	194.516945	
27.41091	241.5391	240.637271	225.176638	194.569305	
27.42144	241.665388	240.759444	225.302926	194.630392	
27.43148	241.785916	240.881617	225.423454	194.682751	
27.44136	241.904416	241.00379	225.541954	194.743838	
27.45183	242.030092	241.125963	225.66763	194.796198	
27.46171	242.148652	241.248136	225.78619	194.857284	
27.47214	242.273896	241.361582	225.911434	194.918371	
27.48203	242.392456	241.492482	226.029994	194.970731	
27.49239	242.516836	241.614655	226.154374	195.031817	
27.50227	242.63536	241.728101	226.272898	195.092904	
27.5124	242.756896	241.850274	226.394434	195.145264	
27.5227	242.880532	241.981174	226.51807	195.197624	
27.5328	243.001828	242.094621	226.639366	195.267437	
27.5429	243.122932	242.216794	226.76047	195.319797	
27.55312	243.24556	242.338967	226.883098	195.372156	
27.56328	243.367516	242.46114	227.005054	195.44197	
27.57373	243.49294	242.583313	227.130478	195.49433	
27.58363	243.611776	242.705486	227.249314	195.555416	
27.59373	243.732868	242.827659	227.370406	195.616503	
27.60429	243.85966	242.949832	227.497198	195.677589	
27.6142	243.978532	243.072005	227.61607	195.729949	
27.62415	244.097884	243.194178	227.735422	195.791035	
27.63435	244.220332	243.316351	227.85787	195.852122	
27.6448	244.345768	243.429797	227.983306	195.913209	
27.65493	244.467328	243.560697	228.104866	195.965568	
27.66518	244.590316	243.68287	228.227854	196.026655	
27.67508	244.709152	243.796317	228.34669	196.087741	
27.68519	244.830496	243.91849	228.468034	196.140101	
27.69533	244.952116	244.049389	228.589654	196.209915	
27.70607	245.08102	244.162836	228.718558	196.262274	
27.71564	245.195776	244.285009	228.833314	196.323361	
27.72614	245.321824	244.407182	228.959362	196.384447	
27.73589	245.438752	244.538081	229.07629	196.436807	
27.74608	245.561056	244.651528	229.198594	196.489167	
27.75645	245.685592	244.773701	229.32313	196.55898	
27.7746	245.903344	244.904601	229.540882	196.61134	
27.77975	245.968696	245.06168	229.606234	196.68988	
27.78991	246.087016	245.183853	229.724554	196.750967	
27.80005	246.208732	245.306026	229.84627	196.803326	
27.81042	246.33316	245.428199	229.970698	196.864413	
27.82186	246.470488	245.550372	230.108026	196.9255	
27.8308	246.57778	245.672546	230.215318	196.977859	
27.84072	246.696796	245.794719	230.334334	197.038946	
27.85092	246.819268	245.916892	230.456806	197.100032	
27.86132	246.944068	246.039065	230.581606	197.152392	
27.87119	247.062424	246.169964	230.699962	197.213479	
27.8814	247.185016	246.283411	230.822554	197.265839	
27.89169	247.308496	246.405584	230.946034	197.326925	
27.90173	247.428892	246.527757	231.06643	197.388012	
27.91219	247.554448	246.658657	231.191986	197.440372	
27.92346	247.689724	246.772103	231.327262	197.501458	
27.93224	247.795036	246.903003	231.432574	197.553818	
27.94236	247.9165	247.016449	231.554038	197.606178	
27.95295	248.043544	247.138622	231.681082	197.667264	
27.96278	248.161528	247.260795	231.799066	197.719624	
27.98096	248.379688	247.382968	232.017226	197.780711	
27.98612	248.44156	247.540048	232.079098	197.850524	
27.99643	248.565316	247.670948	232.202854	197.911611	
28.0148	248.785804	247.89784	232.423342	198.01633	
28.02027	248.851288	247.958927	232.488826	198.04251	
28.03076	248.977336	248.0811	232.614874	198.09487	
28.04059	249.095164	248.203273	232.732702	198.155957	
28.05079	249.217576	248.334173	232.855114	198.217043	
28.06109	249.341188	248.456346	232.978726	198.269403	
28.07109	249.461224	248.578519	233.098762	198.33049	
28.08131	249.583756	248.709418	233.221294	198.391576	
28.09146	249.705676	248.831591	233.343214	198.443936	
28.10163	249.827704	248.945038	233.465242	198.505022	
28.11181	249.949816	249.075938	233.587354	198.557382	
28.12223	250.07494	249.198111	233.712478	198.618469	
28.13222	250.194784	249.320284	233.832322	198.679555	
28.1424	250.318588	249.442457	233.956126	198.731915	
28.15241	250.439356	249.56463	234.076894	198.793002	
28.16272	250.56076	249.686803	234.198298	198.845362	
28.17276	250.68124	249.808976	234.318778	198.906448	
28.18291	250.803028	249.939876	234.440566	198.967535	
28.19333	250.928152	250.053322	234.56569	199.019895	
28.20406	251.0569	250.184222	234.694438	199.080981	
28.21382	251.173972	250.315121	234.81151	199.142068	
28.22492	251.30722	250.437294	234.944758	199.194428	
28.2345	251.422204	250.550741	235.059742	199.246787	
28.24423	251.538856	250.68164	235.176394	199.316601	
28.25443	251.661364	250.803814	235.298902	199.36896	
28.26455	251.78272	250.925987	235.420258	199.42132	
28.27514	251.909812	251.04816	235.54735	199.482407	
28.28495	252.027496	251.179059	235.665034	199.534767	
28.30468	252.264352	251.414679	235.90189	199.648213	
28.30982	252.325948	251.484492	235.963486	199.674393	
28.31998	252.447856	251.606665	236.085394	199.73548	
28.33024	252.570988	251.728838	236.208526	199.787839	
28.34035	252.692356	251.851011	236.329894	199.848926	
28.35051	252.814384	251.973184	236.451922	199.910013	
28.36067	252.936184	252.095357	236.573722	199.962372	
28.37116	253.062112	252.21753	236.69965	200.014732	
28.38099	253.180024	252.339703	236.817562	200.075819	
28.39144	253.305388	252.461876	236.942926	200.136905	
28.40129	253.423588	252.584049	237.061126	200.189265	
28.4115	253.54612	252.706222	237.183658	200.250352	
28.42159	253.6672	252.837122	237.304738	200.311438	
28.43181	253.789912	252.950568	237.42745	200.363798	
28.44195	253.911544	253.072742	237.549082	200.433611	
28.45211	254.033428	253.194915	237.670966	200.485971	
28.46224	254.154976	253.325814	237.792514	200.538331	
28.4724	254.276896	253.439261	237.914434	200.599418	
28.48264	254.39974	253.561434	238.037278	200.660504	
28.49272	254.52076	253.683607	238.158298	200.712864	
28.50295	254.643508	253.80578	238.281046	200.782677	
28.51302	254.764288	253.927953	238.401826	200.835037	
28.52321	254.8867	254.050126	238.524238	200.887397	
28.53338	255.008704	254.172299	238.646242	200.95721	
28.54352	255.13048	254.303199	238.768018	201.00957	
28.55428	255.259492	254.416645	238.89703	201.06193	
28.56388	255.374692	254.547545	239.01223	201.131743	
28.57407	255.496948	254.669718	239.134486	201.184103	
28.58422	255.618736	254.791891	239.256274	201.245189	
28.59431	255.7399	254.922791	239.377438	201.306276	
28.61258	255.95914	255.044964	239.596678	201.367362	
28.61777	256.02136	255.202043	239.658898	201.445902	
28.62795	256.143592	255.324216	239.78113	201.498262	
28.6384	256.268908	255.446389	239.906446	201.559349	
28.64818	256.386628	255.568562	240.024166	201.620435	
28.65842	256.509232	255.699462	240.14677	201.681522	
28.67671	256.7287	255.812908	240.366238	201.742608	
28.68189	256.790764	255.978715	240.428302	201.821148	
28.69209	256.913212	256.109614	240.55075	201.882235	
28.70281	257.043112	256.231787	240.68065	201.934594	
28.71241	257.157712	256.353961	240.79525	202.004408	
28.72257	257.279044	256.476134	240.916582	202.056768	
28.74198	257.511916	256.598307	241.149454	202.117854	
28.74727	257.575396	256.781566	241.212934	202.20512	
28.7575	257.69812	256.903739	241.335658	202.266207	
28.76793	257.8234	257.034639	241.460938	202.327294	
28.77783	257.942104	257.156812	241.579642	202.38838	
28.78833	258.068152	257.278985	241.70569	202.44074	
28.79818	258.186412	257.409885	241.82395	202.501826	
28.80861	258.311536	257.532058	241.949074	202.562913	
28.81882	258.433072	257.662957	242.070611	202.624	
28.82921	258.556195	257.785131	242.193733	202.685086	
28.84946	258.793038	258.029477	242.430576	202.798532	
28.85468	258.854075	258.090563	242.491613	202.833439	
28.86492	258.973235	258.221463	242.610773	202.885799	
28.87542	259.094625	258.343636	242.732163	202.946885	
28.88518	259.207112	258.465809	242.844651	203.007972	
28.89585	259.32916	258.579255	242.966698	203.060332	
28.90584	259.442904	258.710155	243.080443	203.121418	
28.91564	259.553984	258.832328	243.191522	203.182505	
28.9261	259.671854	258.945774	243.309392	203.243591	
28.93637	259.786892	259.067948	243.42443	203.295951	
28.9461	259.895317	259.190121	243.532856	203.357038	
28.95664	260.012171	259.303567	243.649709	203.418124	
28.96649	260.120774	259.42574	243.758312	203.470484	
28.98469	260.319026	259.547913	243.956564	203.531571	
28.98988	260.375498	259.696266	244.013036	203.610111	
29.00005	260.485642	259.818439	244.12318	203.66247	
29.01023	260.595221	259.931885	244.232759	203.723557	
29.02072	260.707457	260.054059	244.344996	203.784643	
29.03054	260.811979	260.176232	244.449517	203.837003	
29.04109	260.923592	260.289678	244.56113	203.89809	
29.05109	261.028753	260.411851	244.666292	203.959176	
29.06153	261.137909	260.525297	244.775448	204.011536	
29.07137	261.240179	260.638744	244.877718	204.072623	
29.08154	261.345223	260.760917	244.982761	204.133709	
29.09171	261.44975	260.874363	245.087289	204.186069	
29.11002	261.635555	260.979083	245.273094	204.238429	
29.11521	261.688216	261.136163	245.325754	204.316969	
29.1255	261.791894	261.240882	245.429433	204.378055	
29.13551	261.892142	261.354329	245.52968	204.430415	
29.14566	261.993132	261.467775	245.63067	204.491502	
29.15589	262.094331	261.572495	245.731869	204.552588	
29.16599	262.193667	261.685941	245.831206	204.604948	
29.17643	262.295675	261.790661	245.933214	204.657308	
29.1863	262.391492	261.895381	246.02903	204.727121	
29.19678	262.492625	262.008827	246.130163	204.779481	
29.20736	262.593985	262.122274	246.231523	204.831841	
29.21727	262.688423	262.226993	246.325961	204.892928	
29.22749	262.785172	262.331713	246.42271	204.954014	
29.23746	262.878903	262.436433	246.516441	205.006374	
29.24757	262.973347	262.541153	246.610885	205.06746	
29.25773	263.067704	262.645872	246.705243	205.11982	
29.26816	263.163856	262.750592	246.801395	205.180907	
29.27825	263.256321	262.846585	246.89386	205.233267	
29.28843	263.348963	262.951305	246.986501	205.285627	
29.29913	263.445637	263.056025	247.083175	205.35544	
29.30924	263.536397	263.160745	247.173935	205.4078	
29.31938	263.626821	263.256738	247.264359	205.46016	
29.32952	263.716649	263.352731	247.354187	205.512519	
29.34015	263.810144	263.457451	247.447682	205.564879	
29.34986	263.894963	263.553444	247.532501	205.625966	
29.36002	263.983041	263.649437	247.62058	205.678326	
29.37019	264.07065	263.74543	247.708188	205.739412	
29.38039	264.157878	263.841423	247.795416	205.791772	
29.39871	264.312184	263.937416	247.949722	205.844132	
29.40411	264.357632	264.059589	247.99517	205.913945	
29.41406	264.440691	264.155582	248.07823	205.966305	
29.42455	264.52768	264.251575	248.165218	206.018665	
29.43467	264.610961	264.338842	248.248499	206.079751	
29.4455	264.69942	264.434835	248.336958	206.132111	
29.45583	264.783048	264.530828	248.420587	206.193198	
29.46592	264.864245	264.626821	248.501784	206.245558	
29.47598	264.944535	264.714088	248.582074	206.297918	
29.48616	265.025218	264.792627	248.662756	206.350277	
29.49655	265.106868	264.879894	248.744406	206.402637	
29.51496	265.249106	265.036974	248.886644	206.49863	
29.52012	265.288951	265.080607	248.926489	206.52481	
29.53035	265.367389	265.167873	249.004928	206.57717	
29.54047	265.444273	265.246413	249.081811	206.62953	
29.55097	265.523451	265.324953	249.16099	206.68189	
29.56079	265.596914	265.412219	249.234452	206.73425	
29.571	265.672573	265.490759	249.310112	206.78661	
29.5813	265.748355	265.569299	249.385894	206.83897	
29.59129	265.821243	265.647839	249.458782	206.89133	
29.60143	265.894625	265.726379	249.532163	206.943689	
29.61182	265.969195	265.804918	249.606733	206.996049	
29.62196	266.041352	265.883458	249.678891	207.048409	
29.63214	266.113366	265.961998	249.750904	207.100769	
29.64225	266.183862	266.040538	249.8214	207.153129	
29.65286	266.2579	266.110351	249.895438	207.205489	
29.66263	266.324575	266.188891	249.962113	207.249122	
29.67277	266.393651	266.267431	250.031189	207.301482	
29.68297	266.462496	266.337244	250.100034	207.345115	
29.69334	266.531846	266.415784	250.169384	207.397475	
29.70346	266.598976	266.485597	250.236514	207.441108	
29.71395	266.667842	266.564137	250.30538	207.484741	
29.72383	266.732199	266.63395	250.369737	207.537101	
29.73393	266.79728	266.703763	250.434819	207.580735	
29.74409	266.862224	266.773576	250.499762	207.624368	
29.75613	266.93829	266.852116	250.575828	207.676728	
29.76587	266.999265	266.921929	250.636804	207.720361	
29.78414	267.111218	266.991742	250.748756	207.763994	
29.78938	267.14335	267.087735	250.780889	207.825081	
29.79955	267.205024	267.148822	250.842562	207.868714	
29.80971	267.265937	267.218635	250.903475	207.90362	
29.81985	267.326175	267.279722	250.963713	207.947254	
29.83	267.385856	267.340808	251.023394	207.990887	
29.84018	267.445283	267.410621	251.082821	208.03452	
29.8508	267.506307	267.471708	251.143846	208.069427	
29.86049	267.561469	267.541521	251.199007	208.11306	
29.87065	267.618809	267.602608	251.256348	208.147967	
29.88083	267.675593	267.663694	251.313132	208.182873	
29.89137	267.733756	267.716054	251.371294	208.226506	
29.90113	267.787064	267.77714	251.424603	208.261413	
29.91155	267.843283	267.838227	251.480821	208.29632	
29.92175	267.897758	267.899314	251.535297	208.331226	
29.9319	267.951323	267.9604	251.588861	208.366133	
29.94197	268.003849	268.01276	251.641387	208.401039	
29.95326	268.061999	268.06512	251.699537	208.435946	
29.97151	268.153615	268.126206	251.791153	208.470853	
29.97675	268.179904	268.19602	251.817443	208.514486	
29.98728	268.232052	268.239653	251.86959	208.540666	
29.99709	268.280088	268.292013	251.917626	208.575572	
30.00754	268.330554	268.344372	251.968093	208.601752	
30.01748	268.378009	268.396732	252.015548	208.636659	
30.03573	268.462707	268.449092	252.100245	208.662839	
30.04089	268.486709	268.518905	252.124248	208.697745	
30.05224	268.538521	268.562539	252.17606	208.723925	
30.06154	268.580514	268.606172	252.218052	208.750105	
30.07194	268.626835	268.658532	252.264373	208.776285	
30.08187	268.670455	268.702165	252.307993	208.802465	
30.09228	268.715564	268.745798	252.353102	208.828645	
30.10212	268.757646	268.798158	252.395184	208.854825	
30.11233	268.800799	268.841791	252.438337	208.881005	
30.1225	268.842922	268.885425	252.480461	208.898458	
30.13289	268.885476	268.929058	252.523015	208.924638	
30.14331	268.927515	268.972691	252.565054	208.950818	
30.15354	268.968176	269.007598	252.605715	208.968271	
30.16344	269.006934	269.051231	252.644472	208.985725	
30.17386	269.0471	269.094864	252.684639	209.011905	
30.18375	269.084633	269.129771	252.722171	209.038085	
30.19388	269.122522	269.173404	252.76006	209.055538	
30.20428	269.160757	269.20831	252.798296	209.072991	
30.21416	269.196508	269.251944	252.834046	209.090444	
30.22431	269.23263	269.28685	252.870168	209.116624	
30.23449	269.268261	269.321757	252.905799	209.134078	
30.25385	269.333361	269.356663	252.9709	209.160258	
30.25903	269.350771	269.409023	252.988309	209.177711	
30.26926	269.384538	269.44393	253.022077	209.195164	
30.27936	269.417258	269.47011	253.054796	209.212617	
30.28957	269.4497	269.505016	253.087239	209.230071	
30.31014	269.512043	269.566103	253.149582	209.264977	
30.31547	269.528289	269.592283	253.165827	209.273704	
30.3258	269.55894	269.618463	253.196479	209.291157	
30.33585	269.588221	269.644643	253.22576	209.308611	
30.34588	269.616835	269.679549	253.254373	209.326064	
30.35648	269.646429	269.705729	253.283967	209.33479	
30.36623	269.673099	269.731909	253.310637	209.352244	
30.37643	269.700391	269.758089	253.337929	209.369697	
30.3866	269.727031	269.784269	253.364569	209.38715	
30.39724	269.754236	269.810449	253.391774	209.404604	
30.40709	269.778872	269.836629	253.41641	209.41333	
30.41759	269.804493	269.862809	253.442032	209.430784	
30.4277	269.828595	269.888989	253.466134	209.43951	
30.43756	269.851538	269.915169	253.489076	209.456964	
30.4477	269.874536	269.932622	253.512074	209.474417	
30.45906	269.899525	269.958802	253.537063	209.483143	
30.46806	269.918918	269.984982	253.556457	209.49187	
30.47852	269.940808	270.002435	253.578346	209.509323	
30.48843	269.96099	270.019889	253.598528	209.51805	
30.49855	269.981003	270.046069	253.618541	209.535503	
30.5091	270.001233	270.063522	253.638771	209.54423	
30.51936	270.020326	270.080975	253.657865	209.552957	
30.52927	270.038226	270.098428	253.675764	209.561683	
30.53968	270.056393	270.115882	253.693931	209.579137	
30.54953	270.073061	270.133335	253.7106	209.579137	
30.56057	270.091011	270.150788	253.728549	209.59659	
30.5699	270.105737	270.159515	253.743275	209.605317	
30.58005	270.121161	270.176968	253.758699	209.614043	
30.59023	270.13606	270.194422	253.773598	209.614043	
30.60035	270.150288	270.211875	253.787826	209.631496	
30.61062	270.164154	270.229328	253.801693	209.640223	
30.62077	270.177304	270.238055	253.814843	209.64895	
30.63092	270.189864	270.255508	253.827403	209.64895	
30.64104	270.201843	270.264235	253.839381	209.666403	
30.65127	270.213375	270.281688	253.850913	209.666403	
30.66187	270.224707	270.290415	253.862245	209.67513	
30.67198	270.234965	270.299141	253.872504	209.683856	
30.68183	270.244463	270.316595	253.882001	209.683856	
30.69189	270.253605	270.325321	253.891143	209.692583	
30.7023	270.262487	270.334048	253.900026	209.70131	
30.71216	270.270399	270.342774	253.907937	209.710036	
30.7228	270.278339	270.351501	253.915878	209.718763	
30.74094	270.289814	270.360228	253.927353	209.718763	
30.74608	270.293109	270.368954	253.930647	209.72749	
30.75683	270.299277	270.377681	253.936815	209.736216	
30.7666	270.304444	270.386408	253.941982	209.736216	
30.77664	270.309264	270.386408	253.946802	209.736216	
30.78691	270.313695	270.386408	253.951233	209.744943	
30.79698	270.317581	270.386408	253.955119	209.744943	
30.80714	270.321039	270.386408	253.958577	209.744943	
30.81734	270.324064	270.386408	253.961602	209.75367	
30.82777	270.326703	270.386408	253.964241	209.75367	
30.84704	270.329771	270.377681	253.967309	209.75367	
30.85219	270.330667	270.377681	253.968206	209.75367	
30.8718	270.336145	270.368954	253.973683	209.75367	
30.87713	270.336145	270.368954	253.973683	209.762396	
30.88732	270.336145	270.360228	253.973683	209.762396	
30.89769	270.336145	270.351501	253.973683	209.762396	
30.90763	270.336145	270.342774	253.973683	209.771123	
30.91781	270.336145	270.334048	253.973683	209.771123	
30.92797	270.336145	270.334048	253.973683	209.771123	
30.93811	270.336145	270.325321	253.973683	209.771123	
30.94832	270.336145	270.316595	253.973683	209.771123	
30.95839	270.336145	270.316595	253.973683	209.771123	
30.96856	270.336145	270.316595	253.973683	209.771123	
30.97886	270.336145	270.307868	253.973683	209.771123	
30.98893	270.336145	270.307868	253.973683	209.771123	
30.99909	270.336145	270.307868	253.973683	209.771123	
31.0093	270.336145	270.307868	253.973683	209.771123	
31.01946	270.336145	270.316595	253.973683	209.771123	
31.02962	270.336145	270.316595	253.973683	209.771123	
31.03978	270.336145	270.325321	253.973683	209.771123	
31.05021	270.336145	270.334048	253.973683	209.771123	
31.06869	270.336145	270.334048	253.973683	209.771123	
31.07389	270.336145	270.334048	253.973683	209.771123	
31.08406	270.336145	270.334048	253.973683	209.771123	
31.09418	270.336145	270.334048	253.973683	209.771123	
31.10441	270.336145	270.342774	253.973683	209.771123	
31.11462	270.336145	270.342774	253.973683	209.771123	
31.12503	270.336145	270.342774	253.973683	209.771123	
31.13512	270.336145	270.342774	253.973683	209.771123	
31.14571	270.336145	270.342774	253.973683	209.771123	
31.15568	270.336145	270.342774	253.973683	209.771123	
31.16655	270.336145	270.342774	253.973683	209.771123	
31.17576	270.336145	270.342774	253.973683	209.771123	
31.18592	270.336145	270.342774	253.973683	209.771123	
31.19628	270.336145	270.342774	253.973683	209.771123	
31.20629	270.336145	270.342774	253.973683	209.771123	
31.22428	270.336145	270.342774	253.973683	209.771123	
31.22954	270.336145	270.342774	253.973683	209.771123	
31.23969	270.336145	270.342774	253.973683	209.771123	
31.24985	270.336145	270.342774	253.973683	209.771123	
31.26004	270.336145	270.342774	253.973683	209.771123	
31.27051	270.336145	270.342774	253.973683	209.771123	
31.28068	270.336145	270.342774	253.973683	209.771123	
31.2909	270.336145	270.342774	253.973683	209.771123	
31.3033	270.336145	270.342774	253.973683	209.771123	
31.3114	270.336145	270.342774	253.973683	209.771123	
31.32155	270.336145	270.342774	253.973683	209.771123	
31.33174	270.336145	270.342774	253.973683	209.771123	
31.34188	270.336145	270.342774	253.973683	209.771123	
31.35177	270.336145	270.342774	253.973683	209.771123	
31.36194	270.336145	270.342774	253.973683	209.771123	
31.37251	270.336145	270.342774	253.973683	209.771123	
31.3825	270.336145	270.342774	253.973683	209.771123	
31.39271	270.336145	270.342774	253.973683	209.771123	
31.40295	270.336145	270.342774	253.973683	209.771123	
31.41292	270.336145	270.342774	253.973683	209.771123	
31.42305	270.336145	270.342774	253.973683	209.771123	
31.43327	270.336145	270.342774	253.973683	209.771123	
31.44366	270.336145	270.342774	253.973683	209.771123	
31.4536	270.336145	270.342774	253.973683	209.771123	
31.46374	270.336145	270.342774	253.973683	209.771123	
31.48282	270.336145	270.342774	253.973683	209.771123	
31.48795	270.336145	270.342774	253.973683	209.771123	
31.49815	270.336145	270.342774	253.973683	209.771123	
31.50835	270.336145	270.342774	253.973683	209.771123	
31.51864	270.336145	270.342774	253.973683	209.771123	
31.52883	270.336145	270.342774	253.973683	209.771123	
31.54702	270.336145	270.342774	253.973683	209.771123	
31.55215	270.336145	270.342774	253.973683	209.771123	
31.5627	270.336145	270.342774	253.973683	209.771123	
31.57362	270.336145	270.342774	253.973683	209.771123	
31.58271	270.336145	270.342774	253.973683	209.771123	
31.59285	270.336145	270.342774	253.973683	209.771123	
31.60333	270.336145	270.342774	253.973683	209.771123	
31.61314	270.336145	270.342774	253.973683	209.771123	
31.6236	270.336145	270.342774	253.973683	209.771123	
31.63345	270.336145	270.342774	253.973683	209.771123	
31.64375	270.336145	270.342774	253.973683	209.771123	
31.65408	270.336145	270.342774	253.973683	209.771123	
31.66391	270.336145	270.342774	253.973683	209.771123	
31.67497	270.336145	270.342774	253.973683	209.771123	
31.68422	270.336145	270.342774	253.973683	209.771123	
31.69435	270.336145	270.342774	253.973683	209.771123	
31.70456	270.336145	270.342774	253.973683	209.771123	
31.71492	270.336145	270.342774	253.973683	209.771123	
31.72515	270.336145	270.342774	253.973683	209.771123	
31.73506	270.336145	270.342774	253.973683	209.771123	
31.74553	270.336145	270.342774	253.973683	209.771123	
31.75606	270.336145	270.342774	253.973683	209.771123	
31.76548	270.336145	270.342774	253.973683	209.771123	
31.7763	270.336145	270.342774	253.973683	209.771123	
31.78577	270.336145	270.342774	253.973683	209.771123	
31.79591	270.336145	270.342774	253.973683	209.771123	
31.80616	270.336145	270.342774	253.973683	209.771123	
31.81626	270.336145	270.342774	253.973683	209.771123	
31.83433	270.336145	270.342774	253.973683	209.771123	
31.83949	270.336145	270.342774	253.973683	209.771123	
31.84982	270.336145	270.342774	253.973683	209.771123	
31.86012	270.336145	270.342774	253.973683	209.771123	
31.87	270.336145	270.342774	253.973683	209.771123	
31.88062	270.336145	270.342774	253.973683	209.771123	
31.89075	270.336145	270.342774	253.973683	209.771123	
31.90062	270.336145	270.342774	253.973683	209.771123	
31.91107	270.336145	270.342774	253.973683	209.771123	
31.92093	270.336145	270.342774	253.973683	209.771123	
31.93118	270.336145	270.342774	253.973683	209.771123	
31.94932	270.336145	270.342774	253.973683	209.771123	
31.9545	270.336145	270.342774	253.973683	209.771123	
31.96471	270.336145	270.342774	253.973683	209.771123	
31.97487	270.336145	270.342774	253.973683	209.771123	
31.98547	270.336145	270.342774	253.973683	209.771123	
31.99545	270.336145	270.342774	253.973683	209.771123	
32.00582	270.336145	270.342774	253.973683	209.771123	
32.01572	270.336145	270.342774	253.973683	209.771123	
32.02609	270.336145	270.342774	253.973683	209.771123	
32.03605	270.336145	270.342774	253.973683	209.771123	
32.0462	270.336145	270.342774	253.973683	209.771123	
32.05677	270.336145	270.342774	253.973683	209.771123	
32.06658	270.336145	270.342774	253.973683	209.771123	
32.07675	270.336145	270.342774	253.973683	209.771123	
32.09516	270.336145	270.342774	253.973683	209.771123	
32.10032	270.336145	270.342774	253.973683	209.771123	
32.11056	270.336145	270.342774	253.973683	209.771123	
32.12068	270.336145	270.342774	253.973683	209.771123	
32.13126	270.336145	270.342774	253.973683	209.771123	
32.14099	270.336145	270.342774	253.973683	209.771123	
32.15144	270.336145	270.342774	253.973683	209.771123	
32.16161	270.336145	270.342774	253.973683	209.771123	
32.17173	270.336145	270.342774	253.973683	209.771123	
32.183	270.336145	270.342774	253.973683	209.771123	
32.19238	270.336145	270.342774	253.973683	209.771123	
32.2022	270.336145	270.342774	253.973683	209.771123	
32.21238	270.336145	270.342774	253.973683	209.771123	
32.22254	270.336145	270.342774	253.973683	209.771123	
32.2327	270.336145	270.342774	253.973683	209.771123	
32.24308	270.336145	270.342774	253.973683	209.771123	
32.25299	270.336145	270.342774	253.973683	209.771123	
32.26317	270.336145	270.342774	253.973683	209.771123	
32.27374	270.336145	270.342774	253.973683	209.771123	
32.2846	270.336145	270.342774	253.973683	209.771123	
32.29367	270.336145	270.342774	253.973683	209.771123	
32.30635	270.336145	270.342774	253.973683	209.771123	
32.31414	270.336145	270.342774	253.973683	209.771123	
32.3241	270.336145	270.342774	253.973683	209.771123	
32.33452	270.336145	270.342774	253.973683	209.771123	
32.34439	270.336145	270.342774	253.973683	209.771123	
32.35487	270.336145	270.342774	253.973683	209.771123	
32.36512	270.336145	270.342774	253.973683	209.771123	
32.37497	270.336145	270.342774	253.973683	209.771123	
32.38626	270.336145	270.342774	253.973683	209.771123	
32.3953	270.336145	270.342774	253.973683	209.771123	
32.40578	270.336145	270.342774	253.973683	209.771123	
32.41554	270.336145	270.342774	253.973683	209.771123	
32.42601	270.336145	270.342774	253.973683	209.771123	
32.4359	270.336145	270.342774	253.973683	209.771123	
32.44597	270.336145	270.342774	253.973683	209.771123	
32.45621	270.336145	270.342774	253.973683	209.771123	
32.46668	270.336145	270.342774	253.973683	209.771123	
32.47667	270.336145	270.342774	253.973683	209.771123	
32.48758	270.336145	270.342774	253.973683	209.771123	
32.49698	270.336145	270.342774	253.973683	209.771123	
32.5074	270.336145	270.342774	253.973683	209.771123	
32.51724	270.336145	270.342774	253.973683	209.771123	
32.52737	270.336145	270.342774	253.973683	209.771123	
32.53753	270.336145	270.342774	253.973683	209.771123	
32.54768	270.336145	270.342774	253.973683	209.771123	
32.55782	270.336145	270.342774	253.973683	209.771123	
32.56802	270.336145	270.342774	253.973683	209.771123	
32.57817	270.336145	270.342774	253.973683	209.771123	
32.58888	270.336145	270.342774	253.973683	209.771123	
32.59854	270.336145	270.342774	253.973683	209.771123	
32.60897	270.336145	270.342774	253.973683	209.771123	
32.61889	270.336145	270.342774	253.973683	209.771123	
32.62937	270.336145	270.342774	253.973683	209.771123	
32.63916	270.336145	270.342774	253.973683	209.771123	
32.64948	270.336145	270.342774	253.973683	209.771123	
32.65952	270.336145	270.342774	253.973683	209.771123	
32.66966	270.336145	270.342774	253.973683	209.771123	
32.68006	270.336145	270.342774	253.973683	209.771123	
32.6917	270.336145	270.342774	253.973683	209.771123	
32.70147	270.336145	270.342774	253.973683	209.771123	
32.71193	270.336145	270.342774	253.973683	209.771123	
32.72231	270.336145	270.342774	253.973683	209.771123	
32.73227	270.336145	270.342774	253.973683	209.771123	
32.74234	270.336145	270.342774	253.973683	209.771123	
32.75293	270.336145	270.342774	253.973683	209.771123	
32.76288	270.336145	270.342774	253.973683	209.771123	
32.77332	270.336145	270.342774	253.973683	209.771123	
32.78341	270.336145	270.342774	253.973683	209.771123	
32.79336	270.336145	270.342774	253.973683	209.771123	
32.80353	270.336145	270.342774	253.973683	209.771123	
32.81369	270.336145	270.342774	253.973683	209.771123	
32.82412	270.336145	270.342774	253.973683	209.771123	
32.83563	270.336145	270.342774	253.973683	209.771123	
32.8441	270.336145	270.342774	253.973683	209.771123	
32.85443	270.336145	270.342774	253.973683	209.771123	
32.86473	270.336145	270.342774	253.973683	209.771123	
32.87467	270.336145	270.342774	253.973683	209.771123	
32.88481	270.336145	270.342774	253.973683	209.771123	
32.89504	270.336145	270.342774	253.973683	209.771123	
32.90559	270.336145	270.342774	253.973683	209.771123	
32.91541	270.336145	270.342774	253.973683	209.771123	
32.92548	270.336145	270.342774	253.973683	209.771123	
32.93586	270.336145	270.342774	253.973683	209.771123	
32.94579	270.336145	270.342774	253.973683	209.771123	
32.95593	270.336145	270.342774	253.973683	209.771123	
32.97416	270.336145	270.342774	253.973683	209.771123	
32.97935	270.336145	270.342774	253.973683	209.771123	
32.98953	270.336145	270.342774	253.973683	209.771123	
32.99982	270.336145	270.342774	253.973683	209.771123	
33.00984	270.336145	270.342774	253.973683	209.771123	
33.01999	270.336145	270.342774	253.973683	209.771123	
33.03015	270.336145	270.342774	253.973683	209.771123	
33.04034	270.336145	270.342774	253.973683	209.771123	
33.05048	270.336145	270.342774	253.973683	209.771123	
33.06092	270.336145	270.342774	253.973683	209.771123	
33.07086	270.336145	270.342774	253.973683	209.771123	
33.08104	270.336145	270.342774	253.973683	209.771123	
33.09215	270.336145	270.342774	253.973683	209.771123	
33.10966	270.336145	270.342774	253.973683	209.771123	
33.11486	270.336145	270.342774	253.973683	209.771123	
33.12507	270.336145	270.342774	253.973683	209.771123	
33.13555	270.336145	270.342774	253.973683	209.771123	
33.14539	270.336145	270.342774	253.973683	209.771123	
33.15584	270.336145	270.342774	253.973683	209.771123	
33.16564	270.336145	270.342774	253.973683	209.771123	
33.1839	270.336145	270.342774	253.973683	209.771123	
33.1891	270.336145	270.342774	253.973683	209.771123	
33.19966	270.336145	270.342774	253.973683	209.771123	
33.2096	270.336145	270.342774	253.973683	209.771123	
33.22006	270.336145	270.342774	253.973683	209.771123	
33.22999	270.336145	270.342774	253.973683	209.771123	
33.24009	270.336145	270.342774	253.973683	209.771123	
33.25024	270.336145	270.342774	253.973683	209.771123	
33.26044	270.336145	270.342774	253.973683	209.771123	
33.27087	270.336145	270.342774	253.973683	209.771123	
33.28074	270.336145	270.342774	253.973683	209.771123	
33.2909	270.336145	270.342774	253.973683	209.771123	
33.30106	270.336145	270.342774	253.973683	209.771123	
33.31154	270.336145	270.342774	253.973683	209.771123	
33.32175	270.336145	270.342774	253.973683	209.771123	
33.33159	270.336145	270.342774	253.973683	209.771123	
33.3421	270.336145	270.342774	253.973683	209.771123	
33.35225	270.336145	270.342774	253.973683	209.771123	
33.36248	270.336145	270.342774	253.973683	209.771123	
33.3723	270.336145	270.342774	253.973683	209.771123	
33.39058	270.336145	270.342774	253.973683	209.771123	
33.39589	270.336145	270.342774	253.973683	209.771123	
33.40617	270.336145	270.342774	253.973683	209.771123	
33.4161	270.336145	270.342774	253.973683	209.771123	
33.42627	270.336145	270.342774	253.973683	209.771123	
33.43675	270.336145	270.342774	253.973683	209.771123	
33.44687	270.336145	270.342774	253.973683	209.771123	
33.45722	270.336145	270.342774	253.973683	209.771123	
33.46724	270.336145	270.342774	253.973683	209.771123	
33.47761	270.336145	270.342774	253.973683	209.771123	
33.48756	270.336145	270.342774	253.973683	209.771123	
33.49874	270.336145	270.342774	253.973683	209.771123	
33.50785	270.336145	270.342774	253.973683	209.771123	
33.51828	270.336145	270.342774	253.973683	209.771123	
33.5365	270.336145	270.342774	253.973683	209.771123	
33.54172	270.336145	270.342774	253.973683	209.771123	
33.55189	270.336145	270.342774	253.973683	209.771123	
33.56211	270.336145	270.342774	253.973683	209.771123	
33.57226	270.336145	270.342774	253.973683	209.771123	
33.5827	270.336145	270.342774	253.973683	209.771123	
33.60117	270.336145	270.342774	253.973683	209.771123	
33.60644	270.336145	270.342774	253.973683	209.771123	
33.61669	270.336145	270.342774	253.973683	209.771123	
33.6269	270.336145	270.342774	253.973683	209.771123	
33.63685	270.336145	270.342774	253.973683	209.771123	
33.64725	270.336145	270.342774	253.973683	209.771123	
33.65714	270.336145	270.342774	253.973683	209.771123	
33.66739	270.336145	270.342774	253.973683	209.771123	
33.67778	270.336145	270.342774	253.973683	209.771123	
33.68766	270.336145	270.342774	253.973683	209.771123	
33.69782	270.336145	270.342774	253.973683	209.771123	
33.70803	270.336145	270.342774	253.973683	209.771123	
33.72626	270.336145	270.342774	253.973683	209.771123	
33.73162	270.336145	270.342774	253.973683	209.771123	
33.74181	270.336145	270.342774	253.973683	209.771123	
33.7517	270.336145	270.342774	253.973683	209.771123	
33.76191	270.336145	270.342774	253.973683	209.771123	
33.77205	270.336145	270.342774	253.973683	209.771123	
33.7822	270.336145	270.342774	253.973683	209.771123	
33.79236	270.336145	270.342774	253.973683	209.771123	
33.81174	270.336145	270.342774	253.973683	209.771123	
33.81769	270.336145	270.342774	253.973683	209.771123	
33.82789	270.336145	270.342774	253.973683	209.771123	
33.83831	270.336145	270.342774	253.973683	209.771123	
33.84822	270.336145	270.342774	253.973683	209.771123	
33.85839	270.336145	270.342774	253.973683	209.771123	
33.86853	270.336145	270.342774	253.973683	209.771123	
33.87898	270.336145	270.342774	253.973683	209.771123	
33.88885	270.336145	270.342774	253.973683	209.771123	
33.89902	270.336145	270.342774	253.973683	209.771123	
33.90916	270.336145	270.342774	253.973683	209.771123	
33.91936	270.336145	270.342774	253.973683	209.771123	
33.92952	270.336145	270.342774	253.973683	209.771123	
33.93969	270.336145	270.342774	253.973683	209.771123	
33.95016	270.336145	270.342774	253.973683	209.771123	
33.96027	270.336145	270.342774	253.973683	209.771123	
33.97018	270.336145	270.342774	253.973683	209.771123	
33.98035	270.336145	270.342774	253.973683	209.771123	
33.9905	270.336145	270.342774	253.973683	209.771123	
34.00072	270.336145	270.342774	253.973683	209.771123	
34.01083	270.336145	270.342774	253.973683	209.771123	
34.02911	270.336145	270.342774	253.973683	209.771123	
34.03429	270.336145	270.342774	253.973683	209.771123	
34.0526	270.336145	270.342774	253.973683	209.771123	
34.05773	270.336145	270.342774	253.973683	209.771123	
34.06793	270.336145	270.342774	253.973683	209.771123	
34.07809	270.336145	270.342774	253.973683	209.771123	
34.08855	270.336145	270.342774	253.973683	209.771123	
34.09843	270.336145	270.342774	253.973683	209.771123	
34.10959	270.336145	270.342774	253.973683	209.771123	
34.11999	270.336145	270.342774	253.973683	209.771123	
34.13	270.336145	270.342774	253.973683	209.771123	
34.14012	270.336145	270.342774	253.973683	209.771123	
34.15054	270.336145	270.342774	253.973683	209.771123	
34.16057	270.336145	270.342774	253.973683	209.771123	
34.17055	270.336145	270.342774	253.973683	209.771123	
34.18081	270.336145	270.342774	253.973683	209.771123	
34.19091	270.336145	270.342774	253.973683	209.771123	
34.2013	270.336145	270.342774	253.973683	209.771123	
34.21149	270.336145	270.342774	253.973683	209.771123	
34.22151	270.336145	270.342774	253.973683	209.771123	
34.23191	270.336145	270.342774	253.973683	209.771123	
34.24232	270.336145	270.342774	253.973683	209.771123	
34.25224	270.336145	270.342774	253.973683	209.771123	
34.26234	270.336145	270.342774	253.973683	209.771123	
34.27254	270.336145	270.342774	253.973683	209.771123	
34.28272	270.336145	270.342774	253.973683	209.771123	
34.29292	270.336145	270.342774	253.973683	209.771123	
34.30305	270.336145	270.342774	253.973683	209.771123	
34.31419	270.336145	270.342774	253.973683	209.771123	
34.32395	270.336145	270.342774	253.973683	209.771123	
34.3341	270.336145	270.342774	253.973683	209.771123	
34.34428	270.336145	270.342774	253.973683	209.771123	
34.35443	270.336145	270.342774	253.973683	209.771123	
34.36487	270.336145	270.342774	253.973683	209.771123	
34.37476	270.336145	270.342774	253.973683	209.771123	
34.38512	270.336145	270.342774	253.973683	209.771123	
34.39537	270.336145	270.342774	253.973683	209.771123	
34.40574	270.336145	270.342774	253.973683	209.771123	
34.41599	270.336145	270.342774	253.973683	209.771123	
34.42595	270.336145	270.342774	253.973683	209.771123	
34.43622	270.336145	270.342774	253.973683	209.771123	
34.44607	270.336145	270.342774	253.973683	209.771123	
34.45625	270.336145	270.342774	253.973683	209.771123	
34.47471	270.336145	270.342774	253.973683	209.771123	
34.47989	270.336145	270.342774	253.973683	209.771123	
34.49004	270.336145	270.342774	253.973683	209.771123	
34.50019	270.336145	270.342774	253.973683	209.771123	
34.51033	270.336145	270.342774	253.973683	209.771123	
34.52047	270.336145	270.342774	253.973683	209.771123	
34.53063	270.336145	270.342774	253.973683	209.771123	
34.54118	270.336145	270.342774	253.973683	209.771123	
34.55105	270.336145	270.342774	253.973683	209.771123	
34.56148	270.336145	270.342774	253.973683	209.771123	
34.57143	270.336145	270.342774	253.973683	209.771123	
34.58186	270.336145	270.342774	253.973683	209.771123	
34.59234	270.336145	270.342774	253.973683	209.771123	
34.60222	270.336145	270.342774	253.973683	209.771123	
34.61235	270.336145	270.342774	253.973683	209.771123	
34.63089	270.336145	270.342774	253.973683	209.771123	
34.63602	270.336145	270.342774	253.973683	209.771123	
34.64619	270.336145	270.342774	253.973683	209.771123	
34.65647	270.336145	270.342774	253.973683	209.771123	
34.66685	270.336145	270.342774	253.973683	209.771123	
34.67736	270.336145	270.342774	253.973683	209.771123	
34.68726	270.336145	270.342774	253.973683	209.771123	
34.69767	270.336145	270.342774	253.973683	209.771123	
34.70764	270.336145	270.342774	253.973683	209.771123	
34.71882	270.336145	270.342774	253.973683	209.771123	
34.72902	270.336145	270.342774	253.973683	209.771123	
34.75557	270.336145	270.342774	253.973683	209.771123	
34.76077	270.336145	270.342774	253.973683	209.771123	
34.7709	270.336145	270.342774	253.973683	209.771123	
34.7813	270.336145	270.342774	253.973683	209.771123	
34.79126	270.336145	270.342774	253.973683	209.771123	
34.80156	270.336145	270.342774	253.973683	209.771123	
34.81163	270.336145	270.342774	253.973683	209.771123	
34.82209	270.336145	270.342774	253.973683	209.771123	
34.83188	270.336145	270.342774	253.973683	209.771123	
34.85224	270.336145	270.342774	253.973683	209.771123	
34.85753	270.336145	270.342774	253.973683	209.771123	
34.86769	270.336145	270.342774	253.973683	209.771123	
34.87784	270.336145	270.342774	253.973683	209.771123	
34.8883	270.336145	270.342774	253.973683	209.771123	
34.89847	270.336145	270.342774	253.973683	209.771123	
34.90865	270.336145	270.342774	253.973683	209.771123	
34.9279	270.336145	270.342774	253.973683	209.771123	
34.93314	270.336145	270.342774	253.973683	209.771123	
34.94331	270.336145	270.342774	253.973683	209.771123	
34.95382	270.336145	270.342774	253.973683	209.771123	
34.96374	270.336145	270.342774	253.973683	209.771123	
34.9743	270.336145	270.342774	253.973683	209.771123	
34.98391	270.336145	270.342774	253.973683	209.771123	
34.99414	270.336145	270.342774	253.973683	209.771123	
35.00426	270.336145	270.342774	253.973683	209.771123	
35.02343	270.336145	270.342774	253.973683	209.771123	
35.02884	270.336145	270.342774	253.973683	209.771123	
35.03876	270.336145	270.342774	253.973683	209.771123	
35.05705	270.336145	270.342774	253.973683	209.771123	
35.06249	270.336145	270.342774	253.973683	209.771123	
35.07286	270.336145	270.342774	253.973683	209.771123	
35.08278	270.336145	270.342774	253.973683	209.771123	
35.09302	270.336145	270.342774	253.973683	209.771123	
35.10341	270.336145	270.342774	253.973683	209.771123	
35.11326	270.336145	270.342774	253.973683	209.771123	
35.12434	270.336145	270.342774	253.973683	209.771123	
35.1343	270.336145	270.342774	253.973683	209.771123	
35.14431	270.336145	270.342774	253.973683	209.771123	
35.16252	270.336145	270.342774	253.973683	209.771123	
35.16765	270.336145	270.342774	253.973683	209.771123	
35.1778	270.336145	270.342774	253.973683	209.771123	
35.18797	270.336145	270.342774	253.973683	209.771123	
35.19811	270.336145	270.342774	253.973683	209.771123	
35.20829	270.336145	270.342774	253.973683	209.771123	
35.21846	270.336145	270.342774	253.973683	209.771123	
35.22865	270.336145	270.342774	253.973683	209.771123	
35.23913	270.336145	270.342774	253.973683	209.771123	
35.24902	270.336145	270.342774	253.973683	209.771123	
35.25918	270.336145	270.342774	253.973683	209.771123	
35.26959	270.336145	270.342774	253.973683	209.771123	
35.27979	270.336145	270.342774	253.973683	209.771123	
35.28965	270.336145	270.342774	253.973683	209.771123	
35.29984	270.336145	270.342774	253.973683	209.771123	
35.31815	270.336145	270.342774	253.973683	209.771123	
35.32411	270.336145	270.342774	253.973683	209.771123	
35.33346	270.336145	270.342774	253.973683	209.771123	
35.34374	270.336145	270.342774	253.973683	209.771123	
35.35436	270.336145	270.342774	253.973683	209.771123	
35.36408	270.336145	270.342774	253.973683	209.771123	
35.37433	270.336145	270.342774	253.973683	209.771123	
35.38437	270.336145	270.342774	253.973683	209.771123	
35.39452	270.336145	270.342774	253.973683	209.771123	
35.41296	270.336145	270.342774	253.973683	209.771123	
35.41814	270.336145	270.342774	253.973683	209.771123	
35.42834	270.336145	270.342774	253.973683	209.771123	
35.4385	270.336145	270.342774	253.973683	209.771123	
35.449	270.336145	270.342774	253.973683	209.771123	
35.45916	270.336145	270.342774	253.973683	209.771123	
35.46902	270.336145	270.342774	253.973683	209.771123	
35.48734	270.336145	270.342774	253.973683	209.771123	
35.49252	270.336145	270.342774	253.973683	209.771123	
35.5029	270.336145	270.342774	253.973683	209.771123	
35.52105	270.336145	270.342774	253.973683	209.771123	
35.5266	270.336145	270.342774	253.973683	209.771123	
35.53643	270.336145	270.342774	253.973683	209.771123	
35.54671	270.336145	270.342774	253.973683	209.771123	
35.55715	270.336145	270.342774	253.973683	209.771123	
35.56701	270.336145	270.342774	253.973683	209.771123	
35.5772	270.336145	270.342774	253.973683	209.771123	
35.58759	270.336145	270.342774	253.973683	209.771123	
35.59752	270.336145	270.342774	253.973683	209.771123	
35.60796	270.336145	270.342774	253.973683	209.771123	
35.61812	270.336145	270.342774	253.973683	209.771123	
35.62936	270.336145	270.342774	253.973683	209.771123	
35.63808	270.336145	270.342774	253.973683	209.771123	
35.65636	270.336145	270.342774	253.973683	209.771123	
35.66159	270.336145	270.342774	253.973683	209.771123	
35.67176	270.336145	270.342774	253.973683	209.771123	
35.68198	270.336145	270.342774	253.973683	209.771123	
35.69214	270.336145	270.342774	253.973683	209.771123	
35.70228	270.336145	270.342774	253.973683	209.771123	
35.71242	270.336145	270.342774	253.973683	209.771123	
35.72362	270.336145	270.342774	253.973683	209.771123	
35.7328	270.336145	270.342774	253.973683	209.771123	
35.74289	270.336145	270.342774	253.973683	209.771123	
35.75336	270.336145	270.342774	253.973683	209.771123	
35.76387	270.336145	270.342774	253.973683	209.771123	
35.78203	270.336145	270.342774	253.973683	209.771123	
35.78732	270.336145	270.342774	253.973683	209.771123	
35.79747	270.336145	270.342774	253.973683	209.771123	
35.80796	270.336145	270.342774	253.973683	209.771123	
35.81774	270.336145	270.342774	253.973683	209.771123	
35.82797	270.336145	270.342774	253.973683	209.771123	
35.83833	270.336145	270.342774	253.973683	209.771123	
35.84828	270.336145	270.342774	253.973683	209.771123	
35.85877	270.336145	270.342774	253.973683	209.771123	
35.86858	270.336145	270.342774	253.973683	209.771123	
35.87881	270.336145	270.342774	253.973683	209.771123	
35.88922	270.336145	270.342774	253.973683	209.771123	
35.89948	270.336145	270.342774	253.973683	209.771123	
35.90932	270.336145	270.342774	253.973683	209.771123	
35.91966	270.336145	270.342774	253.973683	209.771123	
35.93059	270.336145	270.342774	253.973683	209.771123	
35.93998	270.336145	270.342774	253.973683	209.771123	
35.95805	270.336145	270.342774	253.973683	209.771123	
35.96324	270.336145	270.342774	253.973683	209.771123	
35.97405	270.336145	270.342774	253.973683	209.771123	
35.9836	270.336145	270.342774	253.973683	209.771123	
35.99372	270.336145	270.342774	253.973683	209.771123	
36.0039	270.336145	270.342774	253.973683	209.771123	
36.01399	270.336145	270.342774	253.973683	209.771123	
36.02431	270.336145	270.342774	253.973683	209.771123	
36.0351	270.336145	270.342774	253.973683	209.771123	
36.04448	270.336145	270.342774	253.973683	209.771123	
36.05498	270.336145	270.342774	253.973683	209.771123	
36.06479	270.336145	270.342774	253.973683	209.771123	
36.08361	270.336145	270.342774	253.973683	209.771123	
36.08908	270.336145	270.342774	253.973683	209.771123	
36.09925	270.336145	270.342774	253.973683	209.771123	
36.10969	270.336145	270.342774	253.973683	209.771123	
36.11984	270.336145	270.342774	253.973683	209.771123	
36.12996	270.336145	270.342774	253.973683	209.771123	
36.13993	270.336145	270.342774	253.973683	209.771123	
36.15007	270.336145	270.342774	253.973683	209.771123	
36.16051	270.336145	270.342774	253.973683	209.771123	
36.17042	270.336145	270.342774	253.973683	209.771123	
36.18083	270.336145	270.342774	253.973683	209.771123	
36.19083	270.336145	270.342774	253.973683	209.771123	
36.20093	270.336145	270.342774	253.973683	209.771123	
36.21921	270.336145	270.342774	253.973683	209.771123	
36.22435	270.336145	270.342774	253.973683	209.771123	
36.23475	270.336145	270.342774	253.973683	209.771123	
36.24473	270.336145	270.342774	253.973683	209.771123	
36.25491	270.336145	270.342774	253.973683	209.771123	
36.2651	270.336145	270.342774	253.973683	209.771123	
36.27524	270.336145	270.342774	253.973683	209.771123	
36.28596	270.336145	270.342774	253.973683	209.771123	
36.29553	270.336145	270.342774	253.973683	209.771123	
36.30603	270.336145	270.342774	253.973683	209.771123	
36.32596	270.336145	270.342774	253.973683	209.771123	
36.33109	270.336145	270.342774	253.973683	209.771123	
36.34141	270.336145	270.342774	253.973683	209.771123	
36.35193	270.336145	270.342774	253.973683	209.771123	
36.36181	270.336145	270.342774	253.973683	209.771123	
36.37227	270.336145	270.342774	253.973683	209.771123	
36.38208	270.336145	270.342774	253.973683	209.771123	
36.39235	270.336145	270.342774	253.973683	209.771123	
36.40284	270.336145	270.342774	253.973683	209.771123	
36.41256	270.336145	270.342774	253.973683	209.771123	
36.42276	270.336145	270.342774	253.973683	209.771123	
36.43317	270.336145	270.342774	253.973683	209.771123	
36.44309	270.336145	270.342774	253.973683	209.771123	
36.45349	270.336145	270.342774	253.973683	209.771123	
36.46343	270.336145	270.342774	253.973683	209.771123	
36.47579	270.336145	270.342774	253.973683	209.771123	
36.49395	270.336145	270.342774	253.973683	209.771123	
36.49938	270.336145	270.342774	253.973683	209.771123	
36.50931	270.336145	270.342774	253.973683	209.771123	
36.51975	270.336145	270.342774	253.973683	209.771123	
36.52987	270.336145	270.342774	253.973683	209.771123	
36.5412	270.336145	270.342774	253.973683	209.771123	
36.54993	270.336145	270.342774	253.973683	209.771123	
36.56008	270.336145	270.342774	253.973683	209.771123	
36.5703	270.336145	270.342774	253.973683	209.771123	
36.58039	270.336145	270.342774	253.973683	209.771123	
36.59057	270.336145	270.342774	253.973683	209.771123	
36.60075	270.336145	270.342774	253.973683	209.771123	
36.61905	270.336145	270.342774	253.973683	209.771123	
36.62418	270.336145	270.342774	253.973683	209.771123	
36.6344	270.336145	270.342774	253.973683	209.771123	
36.64485	270.336145	270.342774	253.973683	209.771123	
36.65467	270.336145	270.342774	253.973683	209.771123	
36.66527	270.336145	270.342774	253.973683	209.771123	
36.67505	270.336145	270.342774	253.973683	209.771123	
36.68553	270.336145	270.342774	253.973683	209.771123	
36.69532	270.336145	270.342774	253.973683	209.771123	
36.70545	270.336145	270.342774	253.973683	209.771123	
36.71566	270.336145	270.342774	253.973683	209.771123	
36.72576	270.336145	270.342774	253.973683	209.771123	
36.73591	270.336145	270.342774	253.973683	209.771123	
36.74621	270.336145	270.342774	253.973683	209.771123	
36.75631	270.336145	270.342774	253.973683	209.771123	
36.77433	270.336145	270.342774	253.973683	209.771123	
36.77953	270.336145	270.342774	253.973683	209.771123	
36.78969	270.336145	270.342774	253.973683	209.771123	
36.79981	270.336145	270.342774	253.973683	209.771123	
36.81004	270.336145	270.342774	253.973683	209.771123	
36.8202	270.336145	270.342774	253.973683	209.771123	
36.83034	270.336145	270.342774	253.973683	209.771123	
36.8521	270.336145	270.342774	253.973683	209.771123	
36.85784	270.336145	270.342774	253.973683	209.771123	
36.86815	270.336145	270.342774	253.973683	209.771123	
36.87826	270.336145	270.342774	253.973683	209.771123	
36.88845	270.336145	270.342774	253.973683	209.771123	
36.89881	270.336145	270.342774	253.973683	209.771123	
36.90919	270.336145	270.342774	253.973683	209.771123	
36.91932	270.336145	270.342774	253.973683	209.771123	
36.92968	270.336145	270.342774	253.973683	209.771123	
36.93974	270.336145	270.342774	253.973683	209.771123	
36.94989	270.336145	270.342774	253.973683	209.771123	
36.96013	270.336145	270.342774	253.973683	209.771123	
36.97022	270.336145	270.342774	253.973683	209.771123	
36.98059	270.336145	270.342774	253.973683	209.771123	
36.9986	270.336145	270.342774	253.973683	209.771123	
37.00407	270.336145	270.342774	253.973683	209.771123	
37.01396	270.336145	270.342774	253.973683	209.771123	
37.02405	270.336145	270.342774	253.973683	209.771123	
37.0425	270.336145	270.342774	253.973683	209.771123	
37.04881	270.336145	270.342774	253.973683	209.771123	
37.05788	270.336145	270.342774	253.973683	209.771123	
37.06803	270.336145	270.342774	253.973683	209.771123	
37.07816	270.336145	270.342774	253.973683	209.771123	
37.08869	270.336145	270.342774	253.973683	209.771123	
37.09854	270.336145	270.342774	253.973683	209.771123	
37.11688	270.336145	270.342774	253.973683	209.771123	
37.12208	270.336145	270.342774	253.973683	209.771123	
37.1322	270.336145	270.342774	253.973683	209.771123	
37.14235	270.336145	270.342774	253.973683	209.771123	
37.15253	270.336145	270.342774	253.973683	209.771123	
37.16275	270.336145	270.342774	253.973683	209.771123	
37.17291	270.336145	270.342774	253.973683	209.771123	
37.18316	270.336145	270.342774	253.973683	209.771123	
37.19346	270.336145	270.342774	253.973683	209.771123	
37.20361	270.336145	270.342774	253.973683	209.771123	
37.21349	270.336145	270.342774	253.973683	209.771123	
37.22397	270.336145	270.342774	253.973683	209.771123	
37.23431	270.336145	270.342774	253.973683	209.771123	
37.25338	270.336145	270.342774	253.973683	209.771123	
37.25857	270.336145	270.342774	253.973683	209.771123	
37.26885	270.336145	270.342774	253.973683	209.771123	
37.27897	270.336145	270.342774	253.973683	209.771123	
37.2892	270.336145	270.342774	253.973683	209.771123	
37.29933	270.336145	270.342774	253.973683	209.771123	
37.30978	270.336145	270.342774	253.973683	209.771123	
37.32077	270.336145	270.342774	253.973683	209.771123	
37.33016	270.336145	270.342774	253.973683	209.771123	
37.34037	270.336145	270.342774	253.973683	209.771123	
37.35181	270.336145	270.342774	253.973683	209.771123	
37.36063	270.336145	270.342774	253.973683	209.771123	
37.3789	270.336145	270.342774	253.973683	209.771123	
37.3843	270.336145	270.342774	253.973683	209.771123	
37.39429	270.336145	270.342774	253.973683	209.771123	
37.4044	270.336145	270.342774	253.973683	209.771123	
37.41464	270.336145	270.342774	253.973683	209.771123	
37.42477	270.336145	270.342774	253.973683	209.771123	
37.43496	270.336145	270.342774	253.973683	209.771123	
37.44506	270.336145	270.342774	253.973683	209.771123	
37.45518	270.336145	270.342774	253.973683	209.771123	
37.4653	270.336145	270.342774	253.973683	209.771123	
37.47547	270.336145	270.342774	253.973683	209.771123	
37.48578	270.336145	270.342774	253.973683	209.771123	
37.49573	270.336145	270.342774	253.973683	209.771123	
37.50587	270.336145	270.342774	253.973683	209.771123	
37.51611	270.336145	270.342774	253.973683	209.771123	
37.52623	270.336145	270.342774	253.973683	209.771123	
37.54498	270.336145	270.342774	253.973683	209.771123	
37.55131	270.336145	270.342774	253.973683	209.771123	
37.56077	270.336145	270.342774	253.973683	209.771123	
37.57066	270.336145	270.342774	253.973683	209.771123	
37.58105	270.336145	270.342774	253.973683	209.771123	
37.5914	270.336145	270.342774	253.973683	209.771123	
37.60171	270.336145	270.342774	253.973683	209.771123	
37.61169	270.336145	270.342774	253.973683	209.771123	
37.62991	270.336145	270.342774	253.973683	209.771123	
37.63555	270.336145	270.342774	253.973683	209.771123	
37.6454	270.336145	270.342774	253.973683	209.771123	
37.6567	270.336145	270.342774	253.973683	209.771123	
37.6669	270.336145	270.342774	253.973683	209.771123	
37.67729	270.336145	270.342774	253.973683	209.771123	
37.69524	270.336145	270.342774	253.973683	209.771123	
37.7004	270.336145	270.342774	253.973683	209.771123	
37.7108	270.336145	270.342774	253.973683	209.771123	
37.72889	270.336145	270.342774	253.973683	209.771123	
37.73429	270.336145	270.342774	253.973683	209.771123	
37.74435	270.336145	270.342774	253.973683	209.771123	
37.7554	270.336145	270.342774	253.973683	209.771123	
37.7647	270.336145	270.342774	253.973683	209.771123	
37.7752	270.336145	270.342774	253.973683	209.771123	
37.7936	270.336145	270.342774	253.973683	209.771123	
37.79876	270.336145	270.342774	253.973683	209.771123	
37.80925	270.336145	270.342774	253.973683	209.771123	
37.82734	270.336145	270.342774	253.973683	209.771123	
37.83267	270.336145	270.342774	253.973683	209.771123	
37.84293	270.336145	270.342774	253.973683	209.771123	
37.85285	270.336145	270.342774	253.973683	209.771123	
37.86303	270.336145	270.342774	253.973683	209.771123	
37.87316	270.336145	270.342774	253.973683	209.771123	
37.8833	270.336145	270.342774	253.973683	209.771123	
37.89371	270.336145	270.342774	253.973683	209.771123	
37.90368	270.336145	270.342774	253.973683	209.771123	
37.91384	270.336145	270.342774	253.973683	209.771123	
37.92402	270.336145	270.342774	253.973683	209.771123	
37.93429	270.336145	270.342774	253.973683	209.771123	
37.94459	270.336145	270.342774	253.973683	209.771123	
37.95444	270.336145	270.342774	253.973683	209.771123	
37.96462	270.336145	270.342774	253.973683	209.771123	
37.98297	270.336145	270.342774	253.973683	209.771123	
37.98816	270.336145	270.342774	253.973683	209.771123	
37.99834	270.336145	270.342774	253.973683	209.771123	
38.00851	270.336145	270.342774	253.973683	209.771123	
38.019	270.336145	270.342774	253.973683	209.771123	
38.02882	270.336145	270.342774	253.973683	209.771123	
38.03928	270.336145	270.342774	253.973683	209.771123	
38.04947	270.336145	270.342774	253.973683	209.771123	
38.06009	270.336145	270.342774	253.973683	209.771123	
38.06949	270.336145	270.342774	253.973683	209.771123	
38.07964	270.336145	270.342774	253.973683	209.771123	
38.08982	270.336145	270.342774	253.973683	209.771123	
38.10003	270.336145	270.342774	253.973683	209.771123	
38.11039	270.336145	270.342774	253.973683	209.771123	
38.12042	270.336145	270.342774	253.973683	209.771123	
38.13879	270.336145	270.342774	253.973683	209.771123	
38.14394	270.336145	270.342774	253.973683	209.771123	
38.15414	270.336145	270.342774	253.973683	209.771123	
38.1725	270.336145	270.342774	253.973683	209.771123	
38.17765	270.336145	270.342774	253.973683	209.771123	
38.18795	270.336145	270.342774	253.973683	209.771123	
38.19798	270.336145	270.342774	253.973683	209.771123	
38.20817	270.336145	270.342774	253.973683	209.771123	
38.21868	270.336145	270.342774	253.973683	209.771123	
38.22853	270.336145	270.342774	253.973683	209.771123	
38.23871	270.336145	270.342774	253.973683	209.771123	
38.25698	270.336145	270.342774	253.973683	209.771123	
38.26254	270.336145	270.342774	253.973683	209.771123	
38.2725	270.336145	270.342774	253.973683	209.771123	
38.28281	270.336145	270.342774	253.973683	209.771123	
38.29276	270.336145	270.342774	253.973683	209.771123	
38.30307	270.336145	270.342774	253.973683	209.771123	
38.31309	270.336145	270.342774	253.973683	209.771123	
38.32373	270.336145	270.342774	253.973683	209.771123	
38.33419	270.336145	270.342774	253.973683	209.771123	
38.35186	270.336145	270.342774	253.973683	209.771123	
38.35715	270.336145	270.342774	253.973683	209.771123	
38.36733	270.336145	270.342774	253.973683	209.771123	
38.37746	270.336145	270.342774	253.973683	209.771123	
38.38774	270.336145	270.342774	253.973683	209.771123	
38.39773	270.336145	270.342774	253.973683	209.771123	
38.40813	270.336145	270.342774	253.973683	209.771123	
38.41863	270.336145	270.342774	253.973683	209.771123	
38.43663	270.336145	270.342774	253.973683	209.771123	
38.44188	270.336145	270.342774	253.973683	209.771123	
38.45231	270.336145	270.342774	253.973683	209.771123	
38.46214	270.336145	270.342774	253.973683	209.771123	
38.47232	270.336145	270.342774	253.973683	209.771123	
38.4828	270.336145	270.342774	253.973683	209.771123	
38.49265	270.336145	270.342774	253.973683	209.771123	
38.50278	270.336145	270.342774	253.973683	209.771123	
38.51321	270.336145	270.342774	253.973683	209.771123	
38.5234	270.336145	270.342774	253.973683	209.771123	
38.54136	270.336145	270.342774	253.973683	209.771123	
38.54699	270.336145	270.342774	253.973683	209.771123	
38.55716	270.336145	270.342774	253.973683	209.771123	
38.56786	270.336145	270.342774	253.973683	209.771123	
38.57748	270.336145	270.342774	253.973683	209.771123	
38.58772	270.336145	270.342774	253.973683	209.771123	
38.59779	270.336145	270.342774	253.973683	209.771123	
38.60798	270.336145	270.342774	253.973683	209.771123	
38.61812	270.336145	270.342774	253.973683	209.771123	
38.62829	270.336145	270.342774	253.973683	209.771123	
38.63843	270.336145	270.342774	253.973683	209.771123	
38.64858	270.336145	270.342774	253.973683	209.771123	
38.65877	270.336145	270.342774	253.973683	209.771123	
38.66945	270.336145	270.342774	253.973683	209.771123	
38.67919	270.336145	270.342774	253.973683	209.771123	
38.68969	270.336145	270.342774	253.973683	209.771123	
38.69957	270.336145	270.342774	253.973683	209.771123	
38.70973	270.336145	270.342774	253.973683	209.771123	
38.7202	270.336145	270.342774	253.973683	209.771123	
38.73003	270.336145	270.342774	253.973683	209.771123	
38.74047	270.336145	270.342774	253.973683	209.771123	
38.75035	270.336145	270.342774	253.973683	209.771123	
38.76048	270.336145	270.342774	253.973683	209.771123	
38.77973	270.336145	270.342774	253.973683	209.771123	
38.79338	270.336145	270.342774	253.973683	209.771123	
38.79854	270.336145	270.342774	253.973683	209.771123	
38.80874	270.336145	270.342774	253.973683	209.771123	
38.81906	270.336145	270.342774	253.973683	209.771123	
38.84837	270.336145	270.342774	253.973683	209.771123	
38.85395	270.336145	270.342774	253.973683	209.771123	
38.86412	270.336145	270.342774	253.973683	209.771123	
38.87466	270.336145	270.342774	253.973683	209.771123	
38.88459	270.336145	270.342774	253.973683	209.771123	
38.89508	270.336145	270.342774	253.973683	209.771123	
38.90494	270.336145	270.342774	253.973683	209.771123	
38.91513	270.336145	270.342774	253.973683	209.771123	
38.92527	270.336145	270.342774	253.973683	209.771123	
38.93573	270.336145	270.342774	253.973683	209.771123	
38.94554	270.336145	270.342774	253.973683	209.771123	
38.96392	270.336145	270.342774	253.973683	209.771123	
38.97024	270.336145	270.342774	253.973683	209.771123	
38.97929	270.336145	270.342774	253.973683	209.771123	
38.98948	270.336145	270.342774	253.973683	209.771123	
38.99962	270.336145	270.342774	253.973683	209.771123	
39.00979	270.336145	270.342774	253.973683	209.771123	
39.02001	270.336145	270.342774	253.973683	209.771123	
39.0304	270.336145	270.342774	253.973683	209.771123	
39.04026	270.336145	270.342774	253.973683	209.771123	
39.05053	270.336145	270.342774	253.973683	209.771123	
39.06115	270.336145	270.342774	253.973683	209.771123	
39.07175	270.336145	270.342774	253.973683	209.771123	
39.08096	270.336145	270.342774	253.973683	209.771123	
39.09926	270.336145	270.342774	253.973683	209.771123	
39.10443	270.336145	270.342774	253.973683	209.771123	
39.11462	270.336145	270.342774	253.973683	209.771123	
39.12516	270.336145	270.342774	253.973683	209.771123	
39.14338	270.336145	270.342774	253.973683	209.771123	
39.14853	270.336145	270.342774	253.973683	209.771123	
39.15873	270.336145	270.342774	253.973683	209.771123	
39.16884	270.336145	270.342774	253.973683	209.771123	
39.17904	270.336145	270.342774	253.973683	209.771123	
39.18926	270.336145	270.342774	253.973683	209.771123	
39.19936	270.336145	270.342774	253.973683	209.771123	
39.20954	270.336145	270.342774	253.973683	209.771123	
39.22023	270.336145	270.342774	253.973683	209.771123	
39.2301	270.336145	270.342774	253.973683	209.771123	
39.25744	270.336145	270.342774	253.973683	209.771123	
