13.00157	95.5081573	95.5044167	97.4454728	97.4417321	
13.00614	95.5089029	95.5044167	97.4462184	97.4417321	
13.01623	95.5113286	95.5044167	97.4486441	97.4417321	
13.0264	95.5143998	95.5044167	97.4517153	97.4417321	
13.0365	95.5180542	95.5044167	97.4553697	97.4417321	
13.05504	95.5273086	95.5044167	97.464624	97.4417321	
13.05946	95.5294363	95.5044167	97.4667518	97.4417321	
13.06955	95.5350979	95.5044167	97.4724134	97.4504588	
13.0798	95.5414794	95.5044167	97.4787949	97.4504588	
13.08975	95.5483629	95.5044167	97.4856784	97.4504588	
13.10106	95.5567703	95.5044167	97.4940858	97.4504588	
13.11124	95.565024	95.5044167	97.5023394	97.4504588	
13.12132	95.5737982	95.5044167	97.5111137	97.4504588	
13.13154	95.5833318	95.5131433	97.5206472	97.4504588	
13.14159	95.5933035	95.52187	97.5306189	97.4591854	
13.15175	95.6040181	95.5305966	97.5413336	97.4591854	
13.16191	95.615347	95.5393233	97.5526624	97.4679121	
13.17203	95.6272346	95.5567765	97.5645501	97.4766387	
13.18215	95.6397479	95.5742298	97.5770634	97.494092	
13.19225	95.6528373	95.5916831	97.5901527	97.5028187	
13.2029	95.6673664	95.6091364	97.6046818	97.520272	
13.21303	95.6817479	95.6353164	97.6190634	97.5289986	
13.22312	95.6966949	95.6527697	97.6340104	97.5551785	
13.23322	95.7122835	95.6702229	97.6495989	97.5726318	
13.24336	95.7285373	95.6876762	97.6658528	97.5988118	
13.2535	95.7454095	95.7051295	97.682725	97.6162651	
13.26373	95.7630673	95.7225828	97.7003828	97.642445	
13.27373	95.7809308	95.7487628	97.7182463	97.6686249	
13.28388	95.7996564	95.7662161	97.7369719	97.6860782	
13.29429	95.8195394	95.792396	97.7568549	97.7122582	
13.30417	95.8389967	95.8185759	97.7763122	97.7384381	
13.31432	95.8595979	95.8447559	97.7969133	97.7646181	
13.32438	95.8806015	95.8622092	97.817917	97.790798	
13.33449	95.9023483	95.8883891	97.8396637	97.8169779	
13.34464	95.9247755	95.9232957	97.862091	97.8431579	
13.35476	95.9477775	95.940749	97.885093	97.8693378	
13.36497	95.9715982	95.9669289	97.9089137	97.8867911	
13.37506	95.9957386	95.9931089	97.9330541	97.912971	
13.3931	96.0415255	96.0280154	97.9788409	97.9478776	
13.39751	96.0524054	96.0541954	97.9897208	97.9653309	
13.40777	96.0789923	96.0803753	98.0163078	97.9915109	
13.41786	96.1057123	96.1065553	98.0430277	98.0176908	
13.428	96.1332158	96.1240086	98.0705313	98.0525974	
13.43809	96.1611621	96.1501885	98.0984776	98.0787773	
13.4483	96.1901102	96.1763684	98.1274257	98.1049573	
13.45841	96.2193473	96.2025484	98.1566628	98.1311372	
13.46851	96.2491786	96.2287283	98.1864941	98.1660438	
13.47866	96.2798113	96.2636349	98.2171268	98.1922237	
13.48876	96.31087	96.2898148	98.2481854	98.2271303	
13.49894	96.3428116	96.3247214	98.2801271	98.2620369	
13.51749	96.4035242	96.3945346	98.3408397	98.3143968	
13.52184	96.4177085	96.4032612	98.3550239	98.3318501	
13.53199	96.4515376	96.4468945	98.3888531	98.3667566	
13.54208	96.4857853	96.4818011	98.4231008	98.3929366	
13.55226	96.5209911	96.5167076	98.4583065	98.4278432	
13.56239	96.5566459	96.5516142	98.4939613	98.4627498	
13.57257	96.5930455	96.5865208	98.530361	98.506383	
13.5827	96.6299465	96.6214274	98.5672619	98.5412896	
13.59308	96.6686481	96.656334	98.6059636	98.5761962	
13.60367	96.7082676	96.6999672	98.645583	98.6198294	
13.61315	96.7444521	96.7436004	98.6817676	98.6634626	
13.6233	96.7838655	96.7872337	98.7211809	98.7070958	
13.63339	96.8236872	96.8308669	98.7610027	98.7507291	
13.6436	96.8645549	96.8657735	98.8018703	98.7856357	
13.65362	96.9052908	96.9094067	98.8426063	98.8292689	
13.66376	96.9471311	96.9443133	98.8844466	98.8729021	
13.67389	96.9895499	96.9879465	98.9268654	98.9078087	
13.68403	97.0326108	97.0315798	98.9699262	98.9514419	
13.69412	97.0760639	97.075213	99.0133794	98.9950752	
13.70491	97.1233114	97.1101196	99.0606269	99.0387084	
13.71448	97.1656787	97.1624795	99.1029942	99.0823416	
13.72459	97.2110299	97.2061127	99.1483454	99.1347015	
13.73469	97.2570303	97.2497459	99.1943457	99.1696081	
13.7448	97.3036341	97.3021058	99.2409496	99.221968	
13.75495	97.3510745	97.3544657	99.2883899	99.2656012	
13.76516	97.3993987	97.3980989	99.3367141	99.3092344	
13.77528	97.4479424	97.4417321	99.3852578	99.3615943	
13.78537	97.4969427	97.494092	99.4342582	99.4139542	
13.79563	97.5473956	97.5464519	99.4847111	99.4663141	
13.80606	97.5993729	97.5900851	99.5366883	99.5186739	
13.81593	97.6490887	97.642445	99.5864041	99.5710338	
13.82607	97.7008052	97.6948049	99.6381206	99.6233937	
13.83615	97.7527711	97.7471648	99.6900866	99.6670269	
13.84622	97.805335	97.7995246	99.7426505	99.7193868	
13.8564	97.8591412	97.8518845	99.7964567	99.7717467	
13.86651	97.9131353	97.9042444	99.8504507	99.8328332	
13.88448	98.0114912	98.0002375	99.9488067	99.937553	
13.8888	98.0350615	98.0264174	99.972377	99.9550063	
13.89892	98.0911101	98.0787773	100.028426	100.007366	
13.91016	98.1541845	98.1398638	100.0915	100.077179	
13.91929	98.2057841	98.1922237	100.1431	100.129539	
13.92944	98.2638533	98.2445836	100.201169	100.181899	
13.93961	98.3226466	98.2969435	100.259962	100.251712	
13.94965	98.3812715	98.35803	100.318587	100.304072	
13.95986	98.4415616	98.4191165	100.378877	100.365159	
13.96997	98.5017934	98.480203	100.439109	100.426245	
13.98011	98.5628637	98.5412896	100.500179	100.478605	
13.99023	98.6244951	98.6023761	100.561811	100.539692	
14.00033	98.6865113	98.6634626	100.623827	100.600778	
14.01157	98.7564356	98.7245491	100.693751	100.670591	
14.02068	98.8134653	98.7856357	100.750781	100.731678	
14.03081	98.8775497	98.8554488	100.814865	100.792764	
14.0409	98.942217	98.925262	100.879532	100.862577	
14.05101	99.0072766	98.9863485	100.944592	100.923664	
14.06118	99.073442	99.0474351	101.010757	100.984751	
14.07134	99.1402071	99.1172482	101.077523	101.054564	
14.08142	99.2070941	99.1783347	101.14441	101.124377	
14.0916	99.275168	99.2481479	101.212483	101.19419	
14.10167	99.3431713	99.3179611	101.280487	101.264003	
14.11282	99.4193054	99.3877743	101.356621	101.333816	
14.12235	99.4847947	99.4575874	101.42211	101.40363	
14.13214	99.5527592	99.5274006	101.490075	101.473443	
14.14226	99.6234749	99.5972138	101.56079	101.543256	
14.15234	99.6946678	99.6757536	101.631983	101.621796	
14.16254	99.7672859	99.7455668	101.704601	101.691609	
14.17265	99.8401648	99.8241066	101.77748	101.770149	
14.18279	99.9132148	99.8939197	101.85053	101.839962	
14.19291	99.987334	99.9724596	101.924649	101.909775	
14.20309	100.062668	100.042273	101.999983	101.988315	
14.21415	100.144332	100.120813	102.081648	102.066855	
14.22334	100.213055	100.190626	102.150371	102.136668	
14.23346	100.289378	100.269166	102.226693	102.206481	
14.24365	100.366823	100.347705	102.304138	102.285021	
14.25366	100.443625	100.426245	102.38094	102.363561	
14.26395	100.523117	100.504785	102.460433	102.4421	
14.27396	100.601014	100.583325	102.53833	102.52064	
14.28408	100.680433	100.670591	102.617748	102.590453	
14.29416	100.760146	100.749131	102.697462	102.668993	
14.30445	100.842162	100.827671	102.779477	102.747533	
14.31548	100.930919	100.914937	102.868235	102.843526	
14.32512	101.008882	101.002204	102.946198	102.922066	
14.33498	101.089256	101.08947	103.026572	103.000606	
14.34514	101.172662	101.16801	103.109978	103.079146	
14.36357	101.326578	101.24655	103.263894	103.236225	
14.3679	101.362611	101.35127	103.299927	103.271132	
14.37812	101.448626	101.438536	103.385942	103.358398	
14.38827	101.534635	101.525803	103.471951	103.428211	
14.39833	101.620451	101.595616	103.557767	103.515478	
14.4085	101.707899	101.665429	103.645215	103.602744	
14.4187	101.796213	101.743969	103.733529	103.690011	
14.42891	101.885231	101.822509	103.822547	103.777277	
14.43898	101.97358	101.909775	103.910895	103.87327	
14.44913	102.063269	101.997041	104.000584	103.960537	
14.45921	102.153009	102.084308	104.090325	104.05653	
14.46935	102.243803	102.171574	104.181119	104.143796	
14.4795	102.335405	102.267568	104.27272	104.231063	
14.48963	102.427359	102.363561	104.364675	104.327056	
14.49983	102.520603	102.459554	104.457919	104.423049	
14.50987	102.613012	102.555547	104.550327	104.510316	
14.5201	102.707756	102.65154	104.645071	104.615035	
14.53029	102.802873	102.747533	104.740189	104.702302	
14.54037	102.897364	102.8348	104.83468	104.807022	
14.55049	102.992988	102.939519	104.930303	104.894288	
14.56059	103.089034	103.044239	105.02635	104.999008	
14.57081	103.186784	103.140232	105.1241	105.103728	
14.58099	103.284801	103.244952	105.222117	105.199721	
14.59105	103.382325	103.340945	105.31964	105.30444	
14.60116	103.48086	103.436938	105.418175	105.400434	
14.61126	103.579958	103.541658	105.517273	105.505153	
14.62148	103.680893	103.646378	105.618209	105.609873	
14.63158	103.781213	103.742371	105.718529	105.714593	
14.64176	103.882962	103.84709	105.820277	105.810586	
14.65195	103.985404	103.95181	105.922719	105.906579	
14.66198	104.086876	104.05653	106.024191	106.011299	
14.67215	104.190276	104.16125	106.127592	106.116019	
14.6823	104.294276	104.26597	106.231591	106.220738	
14.69241	104.398344	104.379416	106.335659	106.325458	
14.70261	104.503965	104.492862	106.44128	106.421451	
14.71308	104.614027	104.597582	106.551342	106.526171	
14.72299	104.717059	104.702302	106.654375	106.639617	
14.73313	104.823913	104.807022	106.761229	106.73561	
14.74321	104.930828	104.911741	106.868144	106.84033	
14.75334	105.038783	105.016461	106.976099	106.953777	
14.76346	105.147375	105.121181	107.08469	107.058496	
14.77361	105.256766	105.234627	107.194082	107.163216	
14.78371	105.366261	105.339347	107.303577	107.267936	
14.79388	105.477259	105.444067	107.414574	107.381382	
14.80404	105.586793	105.557513	107.524109	107.494829	
14.81433	105.697209	105.67096	107.634525	107.599548	
14.82431	105.803679	105.784406	107.740994	107.721721	
14.83449	105.911686	105.897852	107.849001	107.826441	
14.84455	106.017732	106.011299	107.955047	107.939888	
14.85465	106.12364	106.116019	108.060955	108.053334	
14.8648	106.229494	106.220738	108.16681	108.16678	
14.87497	106.334896	106.334185	108.272211	108.280227	
14.88521	106.440505	106.456358	108.377821	108.384947	
14.8953	106.543931	106.569804	108.481247	108.489666	
14.90536	106.646414	106.674524	108.583729	108.603113	
14.91586	106.752777	106.779244	108.690092	108.716559	
14.92568	106.851665	106.883963	108.78898	108.812552	
14.93583	106.953229	106.988683	108.890545	108.917272	
14.94597	107.054138	107.093403	108.991453	109.021992	
14.95607	107.153999	107.198123	109.091314	109.126711	
14.96621	107.253659	107.302842	109.190974	109.231431	
14.97628	107.352094	107.398836	109.289409	109.327424	
14.99755	107.556531	107.494829	109.493847	109.536864	
15.0019	107.598414	107.651908	109.53573	109.589224	
15.01207	107.695698	107.756628	109.633013	109.67649	
15.02239	107.793792	107.852621	109.731107	109.772483	
15.04043	107.962742	107.992247	109.900057	109.93829	
15.04491	108.004864	108.018427	109.942179	109.981923	
15.0549	108.097753	108.105694	110.035069	110.069189	
15.06504	108.191587	108.19296	110.128902	110.165182	
15.07526	108.285496	108.280227	110.222812	110.252449	
15.08536	108.37767	108.37622	110.314986	110.348442	
15.0955	108.469559	108.472213	110.406874	110.444435	
15.10553	108.55996	108.568206	110.497276	110.531702	
15.11601	108.653773	108.664199	110.591089	110.618968	
15.12635	108.745691	108.760192	110.683006	110.714961	
15.13645	108.834804	108.856185	110.772119	110.802228	
15.14669	108.924576	108.952179	110.861891	110.889494	
15.15672	109.01193	109.048172	110.949245	110.97676	
15.16717	109.102329	109.135438	111.039645	111.072754	
15.17723	109.188713	109.222705	111.126028	111.16002	
15.18738	109.27527	109.301244	111.212585	111.247287	
15.19751	109.36102	109.397238	111.298335	111.334553	
15.20762	109.446093	109.484504	111.383408	111.421819	
15.21779	109.531051	109.57177	111.468367	111.509086	
15.22801	109.615721	109.65031	111.553037	111.596352	
15.2384	109.701275	109.737577	111.638591	111.683619	
15.24823	109.781589	109.824843	111.718904	111.770885	
15.25839	109.86395	109.91211	111.801266	111.849425	
15.26848	109.945221	109.990649	111.882536	111.936692	
15.27865	110.026477	110.077916	111.963793	112.015231	
15.28878	110.106837	110.156456	112.044152	112.102498	
15.29896	110.186998	110.234996	112.124314	112.181038	
15.30917	110.266736	110.313535	112.204052	112.259577	
15.31923	110.344751	110.392075	112.282067	112.329391	
15.32946	110.42345	110.470615	112.360765	112.40793	
15.33971	110.501685	110.549155	112.439	112.48647	
15.35011	110.580478	110.627695	112.517793	112.56501	
15.35987	110.653795	110.706234	112.59111	112.64355	
15.36996	110.729059	110.776048	112.666374	112.713363	
15.38014	110.804347	110.845861	112.741662	112.791903	
15.39222	110.892807	110.924401	112.830123	112.887896	
15.40036	110.952075	110.994214	112.889391	112.940256	
15.41052	111.025391	111.064027	112.962706	113.010069	
15.42059	111.097487	111.142567	113.034802	113.079882	
15.4308	111.169983	111.203653	113.107299	113.158422	
15.44095	111.241458	111.273466	113.178774	113.228235	
15.45119	111.312963	111.34328	113.250279	113.298048	
15.46126	111.382583	111.404366	113.319898	113.367862	
15.47134	111.451731	111.482906	113.389046	113.437675	
15.48152	111.521029	111.552719	113.458345	113.498761	
15.49173	111.589846	111.613806	113.527161	113.568574	
15.50177	111.656971	111.674892	113.594286	113.638388	
15.51194	111.72429	111.744705	113.661605	113.699474	
15.52203	111.790557	111.805792	113.727872	113.760561	
15.53226	111.857126	111.875605	113.794441	113.830374	
15.5424	111.922478	111.945418	113.859793	113.900187	
15.55251	111.987014	112.006505	113.924329	113.961274	
15.56273	112.051726	112.067591	113.989042	114.031087	
15.57305	112.11682	112.128678	114.054136	114.092173	
15.58296	112.177851	112.189764	114.115167	114.15326	
15.59309	112.240184	112.259577	114.1775	114.214346	
15.60315	112.30146	112.320664	114.238776	114.275433	
15.61333	112.362828	112.381751	114.300143	114.336519	
15.6234	112.42299	112.442837	114.360306	114.397606	
15.63363	112.483456	112.503924	114.420772	114.458692	
15.64396	112.543882	112.56501	114.481197	114.519779	
15.65405	112.602315	112.61737	114.539631	114.580865	
15.66418	112.66042	112.678457	114.597736	114.633225	
15.67458	112.719416	112.739543	114.656732	114.685585	
15.68443	112.77477	112.80063	114.712085	114.737945	
15.69455	112.83094	112.852989	114.768255	114.799032	
15.70467	112.88659	112.914076	114.823905	114.860118	
15.71481	112.941749	112.966436	114.879064	114.912478	
15.72493	112.996218	113.018796	114.933533	114.964838	
15.73519	113.050774	113.071156	114.988089	115.017198	
15.74532	113.104071	113.123515	115.041386	115.069558	
15.75539	113.156416	113.184602	115.093732	115.121917	
15.76549	113.208349	113.236962	115.145664	115.174277	
15.77587	113.261135	113.289322	115.198451	115.226637	
15.78574	113.310727	113.341682	115.248043	115.278997	
15.79592	113.361241	113.385315	115.298556	115.331357	
15.806	113.410708	113.437675	115.348024	115.37499	
15.8161	113.459694	113.481308	115.39701	115.42735	
15.82628	113.508448	113.533668	115.445764	115.470983	
15.83646	113.55659	113.586028	115.493906	115.523343	
15.84661	113.604002	113.629661	115.541317	115.566976	
15.85676	113.650787	113.682021	115.588103	115.61061	
15.86684	113.696729	113.725654	115.634045	115.66297	
15.87726	113.743489	113.769287	115.680804	115.706603	
15.88735	113.788243	113.812921	115.725558	115.750236	
15.89751	113.832693	113.856554	115.770009	115.802596	
15.90772	113.876773	113.900187	115.814088	115.846229	
15.91774	113.919409	113.94382	115.856724	115.889862	
15.92791	113.962106	113.987453	115.899421	115.924769	
15.93811	114.004353	114.031087	115.941669	115.968402	
15.94828	114.045861	114.065993	115.983177	116.012035	
15.95838	114.086476	114.109626	116.023791	116.055669	
15.96852	114.126663	114.144533	116.063978	116.099302	
15.97868	114.166354	114.188166	116.10367	116.134208	
15.98882	114.205332	114.223073	116.142647	116.169115	
15.99894	114.243682	114.266706	116.180998	116.212748	
16.00916	114.281765	114.310339	116.21908	116.247655	
16.0192	114.318614	114.345246	116.25593	116.291288	
16.02934	114.35526	114.380153	116.292575	116.326195	
16.0395	114.39137	114.423786	116.328686	116.361101	
16.04966	114.426872	114.458692	116.364188	116.396008	
16.05983	114.461816	114.493599	116.399132	116.430914	
16.07038	114.498299	114.528506	116.435615	116.465821	
16.08007	114.529596	114.554685	116.466911	116.500728	
16.09019	114.562589	114.589592	116.499904	116.535634	
16.10031	114.595019	114.615772	116.532334	116.570541	
16.11046	114.626949	114.650679	116.564264	116.596721	
16.12061	114.658266	114.676859	116.595582	116.622901	
16.13075	114.688987	114.703038	116.626303	116.657807	
16.14096	114.719324	114.737945	116.656639	116.692714	
16.15106	114.748715	114.764125	116.68603	116.718894	
16.16121	114.777689	114.790305	116.715005	116.745074	
16.17139	114.806189	114.816485	116.743504	116.771254	
16.18144	114.833697	114.842665	116.771012	116.797434	
16.19163	114.860995	114.877571	116.79831	116.823613	
16.20175	114.887559	114.895025	116.824875	116.849793	
16.21207	114.914	114.921205	116.851316	116.875973	
16.22202	114.938962	114.947385	116.876277	116.902153	
16.23211	114.963682	114.973564	116.900998	116.928333	
16.2424	114.9883	114.991018	116.925615	116.954513	
16.25247	115.011803	115.017198	116.949119	116.971966	
16.2628	115.035304	115.043378	116.97262	116.998146	
16.27309	115.058121	115.060831	116.995436	117.024326	
16.28313	115.079839	115.087011	117.017155	117.04178	
16.29301	115.100635	115.104464	117.03795	117.06796	
16.30314	115.121371	115.121917	117.058687	117.085413	
16.31324	115.141482	115.148097	117.078798	117.111593	
16.32339	115.161133	115.165551	117.098448	117.129046	
16.33346	115.180045	115.183004	117.117361	117.146499	
16.34369	115.198666	115.200457	117.135982	117.163953	
16.35386	115.216614	115.217911	117.153929	117.181406	
16.36398	115.233875	115.235364	117.171191	117.198859	
16.37445	115.251138	115.252817	117.188453	117.216313	
16.38449	115.26714	115.261544	117.204455	117.233766	
16.39435	115.282318	115.278997	117.219634	117.251219	
16.40444	115.297288	115.29645	117.234604	117.259946	
16.41457	115.311746	115.305177	117.249061	117.277399	
16.42467	115.325608	115.32263	117.262924	117.286126	
16.43482	115.338965	115.331357	117.276281	117.286126	
16.445	115.351812	115.340084	117.289127	117.303579	
16.45518	115.364072	115.34881	117.301387	117.312306	
16.46526	115.375713	115.366264	117.313028	117.312306	
16.47533	115.38673	115.366264	117.324046	117.321032	
16.48583	115.397651	115.37499	117.334966	117.321032	
16.49558	115.407298	115.383717	117.344614	117.338486	
16.50575	115.416815	115.392443	117.35413	117.347212	
16.51589	115.425745	115.40117	117.36306	117.347212	
16.52612	115.434209	115.409897	117.371525	117.355939	
16.53629	115.442101	115.418623	117.379417	117.364666	
16.54652	115.449496	115.42735	117.386811	117.373392	
16.55665	115.456292	115.42735	117.393608	117.382119	
16.56673	115.462549	115.436077	117.399865	117.390845	
16.57679	115.468294	115.436077	117.405609	117.390845	
16.58721	115.473706	115.436077	117.411021	117.399572	
16.59728	115.478459	115.444803	117.415775	117.408299	
16.60742	115.482757	115.45353	117.420072	117.417025	
16.61756	115.486586	115.45353	117.423902	117.425752	
16.62773	115.489965	115.462257	117.427281	117.425752	
16.63782	115.492884	115.462257	117.4302	117.425752	
16.64803	115.495405	115.470983	117.432721	117.425752	
16.65817	115.497509	115.470983	117.434825	117.425752	
16.66831	115.499239	115.470983	117.436555	117.425752	
16.67839	115.504417	115.470983	117.441732	117.434479	
16.68861	115.504417	115.470983	117.441732	117.434479	
16.69874	115.504417	115.470983	117.441732	117.434479	
16.70886	115.504417	115.470983	117.441732	117.434479	
16.71902	115.504417	115.470983	117.441732	117.434479	
16.72912	115.504417	115.470983	117.441732	117.434479	
16.73928	115.504417	115.470983	117.441732	117.434479	
16.74946	115.504417	115.470983	117.441732	117.434479	
16.76001	115.504417	115.470983	117.441732	117.434479	
16.77012	115.504417	115.470983	117.441732	117.425752	
16.78023	115.504417	115.470983	117.441732	117.425752	
16.79045	115.504417	115.470983	117.441732	117.425752	
16.80052	115.504417	115.470983	117.441732	117.425752	
16.81071	115.504417	115.470983	117.441732	117.425752	
16.82081	115.504417	115.470983	117.441732	117.425752	
16.83092	115.504417	115.470983	117.441732	117.425752	
16.84109	115.504417	115.470983	117.441732	117.425752	
16.85126	115.504417	115.470983	117.441732	117.425752	
16.8614	115.504417	115.470983	117.441732	117.425752	
16.87152	115.504417	115.470983	117.441732	117.425752	
16.88161	115.504417	115.470983	117.441732	117.425752	
16.89193	115.504417	115.470983	117.441732	117.425752	
16.90194	115.504417	115.470983	117.441732	117.425752	
16.91207	115.504417	115.470983	117.441732	117.425752	
16.92221	115.504417	115.470983	117.441732	117.425752	
16.93231	115.504417	115.470983	117.441732	117.425752	
16.9425	115.504417	115.470983	117.441732	117.425752	
16.95271	115.504417	115.470983	117.441732	117.425752	
16.96282	115.504417	115.470983	117.441732	117.425752	
16.97292	115.504417	115.470983	117.441732	117.425752	
16.98322	115.504417	115.470983	117.441732	117.425752	
17.00239	115.504417	115.470983	117.441732	117.425752	
17.00683	115.504417	115.470983	117.441732	117.425752	
17.01696	115.504417	115.470983	117.441732	117.425752	
17.02716	115.504417	115.470983	117.441732	117.425752	
17.0373	115.504417	115.470983	117.441732	117.425752	
17.04797	115.504417	115.470983	117.441732	117.425752	
17.05757	115.504417	115.470983	117.441732	117.425752	
17.06787	115.504417	115.470983	117.441732	117.425752	
17.0788	115.504417	115.470983	117.441732	117.425752	
17.08889	115.504417	115.470983	117.441732	117.425752	
17.09905	115.504417	115.470983	117.441732	117.425752	
17.11697	115.504417	115.470983	117.441732	117.425752	
17.12129	115.504417	115.470983	117.441732	117.425752	
17.13145	115.504417	115.470983	117.441732	117.425752	
17.14154	115.504417	115.470983	117.441732	117.425752	
17.15177	115.504417	115.470983	117.441732	117.425752	
17.16186	115.504417	115.470983	117.441732	117.425752	
17.17208	115.504417	115.470983	117.441732	117.425752	
17.18215	115.504417	115.470983	117.441732	117.425752	
17.19224	115.504417	115.470983	117.441732	117.425752	
17.2025	115.504417	115.470983	117.441732	117.425752	
17.21277	115.504417	115.470983	117.441732	117.425752	
17.22272	115.504417	115.470983	117.441732	117.425752	
17.23283	115.504417	115.470983	117.441732	117.425752	
17.2431	115.504417	115.470983	117.441732	117.425752	
17.25319	115.504417	115.470983	117.441732	117.425752	
17.26337	115.504417	115.470983	117.441732	117.425752	
17.27344	115.504417	115.470983	117.441732	117.425752	
17.28354	115.504417	115.470983	117.441732	117.425752	
17.29364	115.504417	115.470983	117.441732	117.425752	
17.30388	115.504417	115.470983	117.441732	117.425752	
17.31395	115.504417	115.470983	117.441732	117.425752	
17.3241	115.504417	115.470983	117.441732	117.425752	
17.33418	115.504417	115.470983	117.441732	117.425752	
17.34445	115.504417	115.470983	117.441732	117.425752	
17.35454	115.504417	115.470983	117.441732	117.425752	
17.36471	115.504417	115.470983	117.441732	117.425752	
17.37516	115.504417	115.470983	117.441732	117.425752	
17.38495	115.504417	115.470983	117.441732	117.425752	
17.39507	115.504417	115.470983	117.441732	117.425752	
17.41312	115.504417	115.470983	117.441732	117.425752	
17.41746	115.504417	115.470983	117.441732	117.425752	
17.42761	115.504417	115.470983	117.441732	117.425752	
17.4377	115.504417	115.470983	117.441732	117.425752	
17.4479	115.504417	115.47971	117.441732	117.425752	
17.45807	115.504417	115.488437	117.441732	117.425752	
17.4682	115.504417	115.488437	117.441732	117.425752	
17.47835	115.504417	115.488437	117.441732	117.425752	
17.48844	115.504417	115.488437	117.441732	117.425752	
17.49865	115.504417	115.488437	117.441732	117.425752	
17.50879	115.504417	115.488437	117.441732	117.425752	
17.51891	115.504417	115.488437	117.441732	117.425752	
17.52903	115.504417	115.47971	117.441732	117.425752	
17.53915	115.504417	115.47971	117.441732	117.425752	
17.54935	115.504417	115.47971	117.441732	117.425752	
17.55956	115.504417	115.47971	117.441732	117.425752	
17.56964	115.504417	115.47971	117.441732	117.425752	
17.57985	115.504417	115.488437	117.441732	117.425752	
17.58987	115.504417	115.488437	117.441732	117.425752	
17.60002	115.504417	115.488437	117.441732	117.425752	
17.61021	115.504417	115.488437	117.441732	117.425752	
17.62037	115.504417	115.488437	117.441732	117.425752	
17.63048	115.504417	115.47971	117.441732	117.425752	
17.64056	115.504417	115.47971	117.441732	117.425752	
17.6508	115.504417	115.47971	117.441732	117.425752	
17.66088	115.504417	115.47971	117.441732	117.425752	
17.67102	115.504417	115.488437	117.441732	117.425752	
17.68114	115.504417	115.488437	117.441732	117.425752	
17.69135	115.504417	115.488437	117.441732	117.425752	
17.70148	115.504417	115.488437	117.441732	117.425752	
17.71182	115.504417	115.47971	117.441732	117.425752	
17.72177	115.504417	115.47971	117.441732	117.425752	
17.73197	115.504417	115.47971	117.441732	117.425752	
17.74203	115.504417	115.47971	117.441732	117.425752	
17.75213	115.504417	115.488437	117.441732	117.425752	
17.76227	115.504417	115.488437	117.441732	117.425752	
17.77243	115.504417	115.488437	117.441732	117.425752	
17.78255	115.504417	115.488437	117.441732	117.425752	
17.79273	115.504417	115.47971	117.441732	117.425752	
17.80302	115.504417	115.47971	117.441732	117.425752	
17.813	115.504417	115.47971	117.441732	117.425752	
17.8231	115.504417	115.47971	117.441732	117.425752	
17.83322	115.504417	115.488437	117.441732	117.425752	
17.84335	115.504417	115.488437	117.441732	117.425752	
17.85346	115.504417	115.488437	117.441732	117.425752	
17.86364	115.504417	115.488437	117.441732	117.425752	
17.87375	115.504417	115.47971	117.441732	117.425752	
17.88397	115.504417	115.47971	117.441732	117.425752	
17.89404	115.504417	115.488437	117.441732	117.425752	
17.90439	115.504417	115.488437	117.441732	117.425752	
17.91426	115.504417	115.488437	117.441732	117.425752	
17.9244	115.504417	115.47971	117.441732	117.425752	
17.93452	115.504417	115.47971	117.441732	117.425752	
17.94464	115.504417	115.47971	117.441732	117.425752	
17.95481	115.504417	115.47971	117.441732	117.425752	
17.9649	115.504417	115.47971	117.441732	117.425752	
17.9875	115.504417	115.47971	117.441732	117.425752	
17.99814	115.504417	115.47971	117.441732	117.425752	
