6.201356	
6.211423	
6.221545	
6.231762	
6.241855	
6.251963	
6.262092	
6.272272	
6.28238	
6.292507	
6.302635	
6.312781	
6.322974	
6.333095	
6.343186	
6.353436	
6.36348	
6.373603	
6.383748	
6.393899	
6.403971	
6.414145	
6.424272	
6.434458	
6.44455	
6.454679	
6.464833	
6.474956	
6.4851	
6.495216	
6.505432	
6.515497	
6.525567	
6.535866	
6.545919	
6.556127	
6.566229	
6.576317	
6.586493	
6.596593	
6.606721	
6.616851	
6.627358	
6.637124	
6.647203	
6.6574	
6.667447	
6.677561	
6.687683	
6.697821	
6.707941	
6.718118	
6.72824	
6.738334	
6.74858	
6.758571	
6.768701	
6.778887	
6.788947	
6.799192	
6.809345	
6.819432	
6.829532	
6.847978	
6.85223	
6.862337	
6.872499	
6.882587	
6.892752	
6.903002	
6.913018	
6.923149	
6.933915	
6.944045	
6.95456	
6.964636	
6.97477	
6.98493	
6.99508	
7.005194	
7.015318	
7.026744	
7.035606	
7.045766	
7.055846	
7.065986	
7.076145	
7.08622	
7.096417	
7.106524	
7.116636	
7.126801	
7.137242	
7.147098	
7.15712	
7.167248	
7.177543	
7.187539	
7.197652	
7.207759	
7.217919	
7.228032	
7.238244	
7.248381	
7.258455	
7.268829	
7.278673	
7.288798	
7.29895	
7.30903	
7.319166	
7.329321	
7.339368	
7.349553	
7.359717	
7.369847	
7.379924	
7.390024	
7.400245	
7.410373	
7.420502	
7.430626	
7.440732	
7.450974	
7.461057	
7.471165	
7.481333	
7.491396	
7.501575	
7.511717	
7.52189	
7.531969	
7.542068	
7.552291	
7.562396	
7.572522	
7.58265	
7.592791	
7.602991	
7.613062	
7.623194	
7.633364	
7.643461	
7.653549	
7.663724	
7.6739	
7.684001	
7.69413	
7.70429	
7.714404	
7.724518	
7.734847	
7.744766	
7.75498	
7.76506	
7.775162	
7.785315	
7.79543	
7.805553	
7.81569	
7.82586	
7.835942	
7.846062	
7.856229	
7.866364	
7.876453	
7.886586	
7.896682	
7.907277	
7.917003	
7.927111	
7.937192	
7.9473	
7.957524	
7.970962	100.043899	100.042273	99.8082795	99.8066533	
7.978143	100.044942	100.042273	99.8093223	99.8066533	
7.98784	100.046985	100.042273	99.811366	99.8066533	
7.997944	100.049742	100.042273	99.8141223	99.8066533	
8.008331	100.053232	100.042273	99.8176129	99.8153799	
8.018255	100.057142	100.042273	99.8215228	99.8153799	
8.0421	100.070954	100.042273	99.835335	99.8153799	
8.046477	100.073343	100.042273	99.8377239	99.8241066	
8.056619	100.079683	100.050999	99.8440637	99.8241066	
8.066963	100.086798	100.050999	99.851179	99.8241066	
8.076947	100.094248	100.050999	99.8586285	99.8328332	
8.087115	100.102464	100.059726	99.8668445	99.8328332	
8.097205	100.111224	100.059726	99.8756049	99.8328332	
8.107299	100.120601	100.059726	99.8849812	99.8415599	
8.117561	100.130772	100.068453	99.8951527	99.8415599	
8.127572	100.141284	100.077179	99.905665	99.8415599	
8.137711	100.152552	100.085906	99.9169321	99.8502865	
8.147793	100.164371	100.094633	99.9287514	99.8502865	
8.157913	100.176845	100.094633	99.941226	99.8590132	
8.168249	100.190235	100.112086	99.9546159	99.8677398	
8.178619	100.204322	100.120813	99.9687021	99.8677398	
8.188389	100.218128	100.129539	99.9825084	99.8851931	
8.198539	100.233114	100.146992	99.9974949	99.8939197	
8.208594	100.248568	100.164446	100.012948	99.9026464	
8.218988	100.265196	100.181899	100.029576	99.911373	
8.228848	100.281538	100.199352	100.045919	99.9200997	
8.239036	100.299058	100.216806	100.063438	99.937553	
8.249153	100.317065	100.234259	100.081446	99.9550063	
8.259228	100.335609	100.260439	100.09999	99.9724596	
8.269394	100.354953	100.277892	100.119334	99.9899128	
8.279757	100.375316	100.304072	100.139696	100.007366	
8.289804	100.395638	100.321525	100.160019	100.033546	
8.299828	100.416519	100.338979	100.180899	100.050999	
8.309941	100.438209	100.365159	100.202589	100.077179	
8.320271	100.461016	100.391339	100.225397	100.094633	
8.330386	100.483942	100.408792	100.248323	100.120813	
8.340475	100.507429	100.443698	100.271809	100.146992	
8.350665	100.531784	100.461152	100.296164	100.173172	
8.360809	100.55664	100.496058	100.321021	100.199352	
8.37101	100.582257	100.513512	100.346638	100.216806	
8.381159	100.608381	100.548418	100.372762	100.251712	
8.391271	100.63498	100.574598	100.399361	100.269166	
8.401363	100.662163	100.600778	100.426544	100.295345	
8.411487	100.690046	100.626958	100.454426	100.321525	
8.42168	100.718744	100.653138	100.483125	100.356432	
8.431804	100.747867	100.688045	100.512247	100.382612	
8.441985	100.777765	100.714224	100.542146	100.408792	
8.45207	100.807998	100.740404	100.572378	100.434972	
8.462169	100.838876	100.775311	100.603256	100.461152	
8.472371	100.870705	100.810218	100.635086	100.496058	
8.482585	100.903235	100.836398	100.667616	100.522238	
8.492667	100.935872	100.871304	100.700253	100.548418	
8.502795	100.969308	100.906211	100.733688	100.583325	
8.512919	101.003355	100.932391	100.767735	100.609505	
8.523186	101.038531	100.967297	100.802911	100.635685	
8.53324	101.073549	101.002204	100.837929	100.670591	
8.543363	101.109449	101.028384	100.87383	100.705498	
8.553642	101.146535	101.06329	100.910915	100.740404	
8.563636	101.183168	101.098197	100.947548	100.775311	
8.573802	101.221079	101.133104	100.98546	100.810218	
8.584032	101.259868	101.16801	101.024248	100.845124	
8.594139	101.298748	101.211643	101.063129	100.880031	
8.604252	101.338301	101.24655	101.102681	100.914937	
8.614379	101.37852	101.281456	101.1429	100.949844	
8.624491	101.419297	101.32509	101.183677	100.984751	
8.634679	101.461001	101.359996	101.225381	101.019657	
8.644781	101.502954	101.40363	101.267335	101.054564	
8.654885	101.545541	101.438536	101.309922	101.08947	
8.665053	101.589016	101.482169	101.353396	101.133104	
8.683244	101.669254	101.560709	101.433634	101.202917	
8.688001	101.690158	101.578162	101.454538	101.22037	
8.697834	101.734106	101.621796	101.498487	101.264003	
8.707913	101.779785	101.665429	101.544166	101.307636	
8.718022	101.826214	101.717789	101.590595	101.35127	
8.736515	101.913709	101.761422	101.678089	101.394903	
8.740888	101.934282	101.813782	101.698663	101.447263	
8.751084	101.983155	101.866142	101.747535	101.490896	
8.761188	102.032177	101.909775	101.796558	101.543256	
8.771482	102.082803	101.962135	101.847184	101.586889	
8.78216	102.135993	102.014495	101.900374	101.630522	
8.791638	102.183662	102.066855	101.948042	101.682882	
8.801812	102.235495	102.119215	101.999876	101.726515	
8.811896	102.287482	102.171574	102.051863	101.778875	
8.822005	102.340244	102.223934	102.104624	101.822509	
8.832216	102.394145	102.276294	102.158526	101.874868	
8.842329	102.448124	102.328654	102.212504	101.927228	
8.852444	102.502748	102.381014	102.267129	101.979588	
8.862613	102.558292	102.433374	102.322673	102.031948	
8.872705	102.613991	102.49446	102.378372	102.084308	
8.883461	102.674162	102.54682	102.438543	102.136668	
8.893065	102.728292	102.607907	102.492672	102.197754	
8.90521	102.797821	102.67772	102.562201	102.258841	
8.915205	102.855523	102.73008	102.619904	102.311201	
8.925275	102.914316	102.78244	102.678697	102.363561	
8.935406	102.97406	102.843526	102.73844	102.415921	
8.945589	103.034727	102.904613	102.799108	102.477007	
8.955739	103.095827	102.956973	102.860208	102.529367	
8.965838	103.157224	103.026786	102.921605	102.590453	
8.976144	103.220555	103.079146	102.984935	102.642813	
8.986199	103.282949	103.140232	103.04733	102.695173	
8.996279	103.346034	103.201319	103.110414	102.75626	
9.006406	103.410054	103.271132	103.174435	102.817346	
9.016554	103.474851	103.332218	103.239232	102.869706	
9.026616	103.539717	103.393305	103.304098	102.930793	
9.037703	103.611942	103.463118	103.376322	102.991879	
9.047773	103.678105	103.532931	103.442486	103.052966	
9.057919	103.745408	103.594018	103.509788	103.114052	
9.06803	103.813064	103.655104	103.577444	103.175139	
9.086731	103.940872	103.724917	103.705252	103.236225	
9.091623	103.974218	103.812184	103.738599	103.314765	
9.101331	104.04109	103.881997	103.805471	103.375852	
9.111479	104.111668	103.95181	103.876048	103.436938	
9.121653	104.183048	104.03035	103.947429	103.498025	
9.131788	104.254756	104.10889	104.019136	103.559111	
9.141854	104.326581	104.178703	104.090962	103.620198	
9.151988	104.399524	104.248516	104.163905	103.690011	
9.16217	104.473429	104.327056	104.23781	103.742371	
9.172264	104.547282	104.396869	104.311662	103.812184	
9.182438	104.622373	104.466682	104.386753	103.87327	
9.192582	104.697882	104.545222	104.462262	103.934357	
9.203079	104.776667	104.623762	104.541048	104.00417	
9.213095	104.852423	104.702302	104.616803	104.065257	
9.223105	104.928765	104.772115	104.693145	104.126343	
9.233639	105.00973	104.850655	104.774111	104.196156	
9.243441	105.085661	104.929195	104.850042	104.26597	
9.253569	105.164735	104.999008	104.929115	104.327056	
9.263734	105.244663	105.086274	105.009043	104.396869	
9.274131	105.327152	105.156087	105.091532	104.457956	
9.284036	105.406264	105.234627	105.170645	104.527769	
9.294623	105.491535	105.313167	105.255916	104.597582	
9.304681	105.573145	105.391707	105.337526	104.658669	
9.314842	105.656197	105.470247	105.420577	104.719755	
9.324643	105.73688	105.557513	105.50126	104.789568	
9.335325	105.825536	105.64478	105.589917	104.859381	
9.345174	105.90782	105.714593	105.672201	104.929195	
9.355385	105.993749	105.801859	105.758129	104.999008	
9.365569	106.080105	105.889126	105.844486	105.060094	
9.376144	106.170487	105.976392	105.934867	105.129907	
9.385966	106.254957	106.063659	106.019337	105.190994	
9.396081	106.342579	106.150925	106.106959	105.260807	
9.406171	106.430559	106.238192	106.194939	105.321894	
9.416451	106.52088	106.325458	106.28526	105.391707	
9.427174	106.615788	106.412724	106.380169	105.452793	
9.436769	106.701206	106.499991	106.465587	105.522607	
9.447231	106.795046	106.587257	106.559427	105.59242	
9.457038	106.883551	106.683251	106.647932	105.653506	
9.46755	106.979169	106.779244	106.743549	105.723319	
9.477527	107.07043	106.86651	106.834811	105.784406	
9.49632	107.245029	106.962503	107.00941	105.854219	
9.501529	107.293348	107.093403	107.057729	105.941486	
9.51169	107.3884	107.180669	107.15278	106.011299	
9.522108	107.486524	107.276662	107.250905	106.072385	
9.532	107.580266	107.372656	107.344647	106.142198	
9.542358	107.679092	107.468649	107.443472	106.203285	
9.552618	107.777621	107.564642	107.542001	106.273098	
9.562521	107.873271	107.660635	107.637652	106.334185	
9.572623	107.971452	107.756628	107.735832	106.395271	
9.583145	108.074432	107.852621	107.838813	106.465084	
9.593747	108.178873	107.948614	107.943253	106.534898	
9.611363	108.354578	108.123147	108.118958	106.648344	
9.616605	108.406802	108.175507	108.171182	106.683251	
9.627286	108.514182	108.2715	108.278563	106.744337	
9.636883	108.61118	108.37622	108.37556	106.81415	
9.647032	108.714329	108.472213	108.478709	106.875237	
9.665302	108.902609	108.576933	108.66699	106.94505	
9.670995	108.961153	108.716559	108.725533	107.02359	
9.681432	109.069476	108.821279	108.833856	107.093403	
9.691999	109.179822	108.925999	108.944202	107.163216	
9.701952	109.284293	109.030718	109.048674	107.224303	
9.711732	109.387475	109.135438	109.151855	107.285389	
9.722178	109.498435	109.240158	109.262816	107.355202	
9.732013	109.603374	109.344878	109.367754	107.416289	
9.742165	109.712389	109.449597	109.476769	107.477375	
9.752425	109.823242	109.563044	109.587623	107.547189	
9.762571	109.933446	109.67649	109.697826	107.608275	
9.772679	110.043794	109.78121	109.808174	107.678088	
9.782857	110.153741	109.894656	109.918122	107.739175	
9.7932	110.264884	110.008103	110.029265	107.800261	
9.803625	110.376112	110.112823	110.140492	107.861348	
9.813584	110.481853	110.234996	110.246234	107.931161	
9.823854	110.590284	110.348442	110.354664	108.000974	
9.833934	110.69608	110.461888	110.460461	108.062061	
9.844015	110.801274	110.566608	110.565655	108.123147	
9.854171	110.906689	110.680055	110.67107	108.19296	
9.864372	111.011922	110.793501	110.776303	108.254047	
9.87452	111.11602	110.906947	110.880401	108.315133	
9.884651	111.219305	111.020394	110.983686	108.384947	
9.895818	111.332481	111.13384	111.096862	108.45476	
9.905447	111.429465	111.247287	111.193845	108.515846	
9.923388	111.607874	111.352006	111.372254	108.576933	
9.928863	111.662333	111.500359	111.426714	108.664199	
9.93875	111.760017	111.605079	111.524398	108.725286	
9.949107	111.861664	111.718525	111.626044	108.795099	
9.959041	111.958568	111.823245	111.722948	108.856185	
9.969516	112.060093	111.927965	111.824473	108.917272	
9.987512	112.232229	112.041411	111.99661	108.978358	
9.992686	112.281695	112.172311	112.046076	109.065625	
10.00289	112.37868	112.277031	112.14306	109.126711	
10.01304	112.474364	112.381751	112.238745	109.187798	
10.02346	112.572123	112.48647	112.336504	109.248885	
10.04606	112.780087	112.704636	112.544468	109.379784	
10.05132	112.828561	112.756996	112.592941	109.414691	
10.06142	112.920986	112.852989	112.685367	109.467051	
10.07157	113.013321	112.940256	112.777701	109.536864	
10.08993	113.177779	113.044976	112.94216	109.589224	
10.09517	113.224719	113.158422	112.9891	109.667764	
10.1057	113.318271	113.254415	113.082652	109.72885	
10.11552	113.404965	113.341682	113.169345	109.789937	
10.12605	113.497962	113.428948	113.262343	109.851023	
10.13584	113.582599	113.516215	113.346979	109.91211	
10.146	113.670514	113.603481	113.434894	109.96447	
10.15636	113.759526	113.682021	113.523907	110.025556	
10.16631	113.8443	113.769287	113.608681	110.086643	
10.17645	113.930217	113.847827	113.694598	110.139002	
10.18665	114.015967	113.926367	113.780348	110.200089	
10.19671	114.100012	114.004907	113.864393	110.261175	
10.20724	114.187574	114.083447	113.951954	110.313535	
10.21735	114.270473	114.161986	114.034854	110.374622	
10.22778	114.355592	114.240526	114.119973	110.435708	
10.23756	114.43493	114.319066	114.19931	110.496795	
10.24752	114.515104	114.406332	114.279484	110.549155	
10.25797	114.598539	114.476146	114.362919	110.610241	
10.26806	114.678571	114.563412	114.442952	110.671328	
10.28656	114.822765	114.641952	114.587146	110.723688	
10.29179	114.863536	114.746672	114.627917	110.810954	
10.30308	114.950793	114.825211	114.715173	110.863314	
10.31218	115.020517	114.903751	114.784897	110.933127	
10.32233	115.097794	114.982291	114.862174	110.985487	
10.33277	115.176564	115.069558	114.940945	111.046574	
10.35071	115.309655	115.139371	115.074035	111.10766	
10.35596	115.348529	115.244091	115.11291	111.177473	
10.3662	115.423844	115.32263	115.188225	111.23856	
10.37649	115.498878	115.409897	115.263259	111.299646	
10.38674	115.572967	115.488437	115.337347	111.360733	
10.39661	115.643717	115.566976	115.408098	111.421819	
10.40708	115.718127	115.645516	115.482507	111.482906	
10.41727	115.789964	115.715329	115.554345	111.535266	
10.4273	115.860065	115.793869	115.624446	111.596352	
10.43753	115.930962	115.872409	115.695343	111.666166	
10.44738	115.998598	115.942222	115.762978	111.718525	
10.45755	116.067862	116.020762	115.832242	111.779612	
10.46768	116.136244	116.090575	115.900624	111.840698	
10.47785	116.204299	116.160388	115.96868	111.901785	
10.48797	116.271438	116.230202	116.035819	111.962872	
10.49824	116.338921	116.300015	116.103302	112.023958	
10.50833	116.404691	116.369828	116.169072	112.085045	
10.51851	116.47032	116.430914	116.234701	112.137404	
10.52865	116.535208	116.500728	116.299588	112.198491	
10.53923	116.602111	116.561814	116.366491	112.259577	
10.5491	116.66408	116.622901	116.42846	112.311937	
10.56727	116.77569	116.683987	116.540071	112.364297	
10.57248	116.80767	116.762527	116.57205	112.442837	
10.58266	116.869595	116.823613	116.633975	112.503924	
10.59312	116.932468	116.8847	116.696848	112.556283	
10.61197	117.043269	116.945787	116.807649	112.608643	
10.61716	117.073801	117.024326	116.838182	112.687183	
10.6274	117.13331	117.085413	116.89769	112.74827	
10.63783	117.19333	117.146499	116.957711	112.80063	
10.64764	117.249176	117.198859	117.013556	112.852989	
10.65823	117.308832	117.259946	117.073213	112.905349	
10.66793	117.362873	117.312306	117.127254	112.957709	
10.67819	117.419486	117.373392	117.183867	113.018796	
10.68894	117.478081	117.425752	117.242461	113.062429	
10.69856	117.530006	117.478112	117.294387	113.123515	
10.70933	117.587407	117.539198	117.351787	113.175875	
10.71924	117.639637	117.591558	117.404017	113.236962	
10.72972	117.694286	117.643918	117.458667	113.289322	
10.73972	117.745882	117.696278	117.510263	113.341682	
10.75767	117.836097	117.792271	117.600477	113.437675	
10.76288	117.862286	117.827178	117.626667	113.463855	
10.77331	117.914016	117.870811	117.678396	113.516215	
10.78346	117.963715	117.923171	117.728095	113.568574	
10.79337	118.0117	117.975531	117.776081	113.620934	
10.80376	118.061378	118.027891	117.825759	113.673294	
10.81373	118.108481	118.080251	117.872861	113.725654	
10.82394	118.15605	118.123884	117.920431	113.778014	
10.8341	118.202836	118.176244	117.967216	113.830374	
10.84457	118.250373	118.228604	118.014753	113.874007	
10.85438	118.294392	118.272237	118.058773	113.935094	
10.86478	118.340379	118.31587	118.10476	113.987453	
10.87475	118.383915	118.36823	118.148296	114.039813	
10.88483	118.427341	118.411863	118.191721	114.092173	
10.89537	118.472103	118.455496	118.236484	114.144533	
10.90514	118.513018	118.49913	118.277398	114.196893	
10.91541	118.555436	118.542763	118.319816	114.249253	
10.92544	118.596241	118.586396	118.360621	114.301613	
10.93626	118.639632	118.630029	118.404013	114.353973	
10.94585	118.677537	118.664936	118.441917	114.415059	
10.9563	118.718205	118.708569	118.482585	114.467419	
10.9661	118.755774	118.752202	118.520155	114.519779	
10.97625	118.794109	118.787109	118.558489	114.572139	
10.98635	118.83166	118.830742	118.596041	114.633225	
10.99655	118.868952	118.874375	118.633333	114.685585	
11.00668	118.905428	118.909282	118.669808	114.737945	
11.01688	118.94154	118.944189	118.705921	114.799032	
11.0351	119.003715	119.014002	118.768096	114.895025	
11.0435	119.032189	119.040182	118.796569	114.938658	
11.0533	119.064827	119.075088	118.829207	114.999744	
11.06341	119.097902	119.109995	118.862282	115.052104	
11.07355	119.130506	119.136175	118.894887	115.104464	
11.08397	119.163344	119.171081	118.927725	115.156824	
11.09385	119.193967	119.205988	118.958348	115.217911	
11.10432	119.225735	119.240894	118.990115	115.27027	
11.11426	119.25535	119.267074	119.019731	115.331357	
11.1244	119.284967	119.301981	119.049348	115.383717	
11.13482	119.314751	119.328161	119.079132	115.436077	
11.14465	119.342332	119.363068	119.106712	115.497163	
11.15482	119.370258	119.397974	119.134639	115.55825	
11.1653	119.3984	119.415427	119.162781	115.61061	
11.17542	119.424999	119.450334	119.18938	115.671696	
11.18553	119.450971	119.476514	119.215352	115.724056	
11.19573	119.476595	119.502694	119.240976	115.785143	
11.20619	119.502236	119.5376	119.266616	115.837502	
11.21608	119.525945	119.555054	119.290325	115.889862	
11.22651	119.550315	119.581234	119.314695	115.950949	
11.23637	119.572816	119.607414	119.337197	116.003309	
11.24658	119.595501	119.633594	119.359882	116.064395	
11.26486	119.63382	119.659774	119.398201	116.116755	
11.27011	119.644855	119.685953	119.409235	116.186568	
11.28031	119.665573	119.712133	119.429953	116.238928	
11.29074	119.686164	119.729587	119.450544	116.300015	
11.30065	119.705152	119.74704	119.469533	116.361101	
11.31079	119.72403	119.77322	119.48841	116.413461	
11.32109	119.74259	119.790673	119.50697	116.465821	
11.3314	119.760575	119.808127	119.524956	116.526908	
11.34127	119.777263	119.82558	119.541644	116.587994	
11.35147	119.793925	119.834306	119.558305	116.640354	
11.36985	119.821652	119.85176	119.586033	116.692714	
11.37502	119.829488	119.869213	119.593869	116.762527	
11.38541	119.844519	119.87794	119.608899	116.823613	
11.39543	119.858451	119.886666	119.622831	116.8847	
11.40549	119.871892	119.895393	119.636273	116.93706	
11.4171	119.886624	119.90412	119.651004	116.98942	
11.42619	119.897772	119.921573	119.662153	117.04178	
11.43636	119.909658	119.921573	119.674038	117.102866	
11.44669	119.921137	119.939026	119.685518	117.163953	
11.45658	119.931631	119.947753	119.696011	117.216313	
11.47487	119.948834	119.956479	119.713214	117.268672	
11.4801	119.953793	119.965206	119.718173	117.347212	
11.49035	119.962831	119.973933	119.727212	117.399572	
11.50078	119.971455	119.991386	119.735835	117.460659	
11.51065	119.979137	120.000113	119.743518	117.513019	
11.52124	119.986782	120.008839	119.751162	117.574105	
11.53099	119.993369	120.017566	119.757749	117.635192	
11.54124	119.999752	120.026293	119.764132	117.687551	
11.55174	120.005744	120.026293	119.770125	117.739911	
11.56163	120.010932	120.026293	119.775313	117.809725	
11.57204	120.015862	120.035019	119.780243	117.862084	
11.58201	120.02013	120.035019	119.78451	117.914444	
11.59211	120.023985	120.035019	119.788366	117.975531	
11.60261	120.027497	120.035019	119.791877	118.036617	
11.61243	120.030385	120.035019	119.794766	118.088977	
11.62301	120.033021	120.035019	119.797401	118.150064	
11.63278	120.0351	120.035019	119.799481	118.202424	
11.64295	120.036879	120.035019	119.801259	118.26351	
11.65331	120.042273	120.043746	119.806653	118.31587	
11.66326	120.042273	120.043746	119.806653	118.376957	
11.67343	120.042273	120.043746	119.806653	118.438043	
11.68385	120.042273	120.043746	119.806653	118.490403	
11.70187	120.042273	120.043746	119.806653	118.542763	
11.70708	120.042273	120.043746	119.806653	118.621303	
11.71787	120.042273	120.043746	119.806653	118.682389	
11.7274	120.042273	120.043746	119.806653	118.734749	
11.73808	120.042273	120.043746	119.806653	118.787109	
11.74791	120.042273	120.043746	119.806653	118.848195	
11.76606	120.042273	120.043746	119.806653	118.909282	
11.77128	120.042273	120.043746	119.806653	118.979095	
11.78172	120.042273	120.043746	119.806653	119.031455	
11.79161	120.042273	120.043746	119.806653	119.092542	
11.80223	120.042273	120.043746	119.806653	119.144901	
11.81224	120.042273	120.043746	119.806653	119.205988	
11.82323	120.042273	120.043746	119.806653	119.258348	
11.83332	120.042273	120.043746	119.806653	119.310708	
11.84353	120.042273	120.043746	119.806653	119.371794	
11.85363	120.042273	120.043746	119.806653	119.424154	
11.86377	120.042273	120.043746	119.806653	119.476514	
11.87397	120.042273	120.043746	119.806653	119.528874	
11.88398	120.042273	120.043746	119.806653	119.572507	
11.89417	120.042273	120.043746	119.806653	119.624867	
11.90436	120.042273	120.043746	119.806653	119.659774	
11.91443	120.042273	120.043746	119.806653	119.69468	
11.92475	120.042273	120.043746	119.806653	119.729587	
11.93474	120.042273	120.043746	119.806653	119.755767	
11.94485	120.042273	120.043746	119.806653	119.781947	
11.95543	120.042273	120.043746	119.806653	119.7994	
11.96552	120.042273	120.043746	119.806653	119.816853	
11.97571	120.042273	120.043746	119.806653	119.82558	
11.98585	120.042273	120.043746	119.806653	119.834306	
11.99592	120.042273	120.043746	119.806653	119.834306	
12.00605	120.042273	120.043746	119.806653	119.834306	
12.01615	120.042273	120.043746	119.806653	119.834306	
12.02654	120.042273	120.043746	119.806653	119.834306	
12.03694	120.042273	120.043746	119.806653	119.834306	
12.04691	120.042273	120.043746	119.806653	119.82558	
12.05707	120.042273	120.043746	119.806653	119.82558	
12.06742	120.042273	120.043746	119.806653	119.816853	
12.07729	120.042273	120.043746	119.806653	119.816853	
12.08743	120.042273	120.043746	119.806653	119.816853	
12.09757	120.042273	120.043746	119.806653	119.816853	
12.10766	120.042273	120.043746	119.806653	119.808127	
12.1178	120.042273	120.043746	119.806653	119.808127	
12.12795	120.042273	120.043746	119.806653	119.808127	
12.13816	120.042273	120.043746	119.806653	119.808127	
12.14831	120.042273	120.043746	119.806653	119.808127	
12.15834	120.042273	120.043746	119.806653	119.808127	
12.16857	120.042273	120.043746	119.806653	119.808127	
12.17862	120.042273	120.043746	119.806653	119.808127	
12.18871	120.042273	120.043746	119.806653	119.808127	
12.19886	120.042273	120.043746	119.806653	119.808127	
12.20898	120.042273	120.043746	119.806653	119.808127	
12.21912	120.042273	120.043746	119.806653	119.808127	
12.22923	120.042273	120.043746	119.806653	119.808127	
12.23956	120.042273	120.043746	119.806653	119.808127	
12.24947	120.042273	120.043746	119.806653	119.808127	
12.25971	120.042273	120.043746	119.806653	119.808127	
12.26983	120.042273	120.043746	119.806653	119.808127	
12.27995	120.042273	120.043746	119.806653	119.808127	
12.29013	120.042273	120.043746	119.806653	119.808127	
12.3002	120.042273	120.043746	119.806653	119.808127	
12.31038	120.042273	120.043746	119.806653	119.808127	
12.32054	120.042273	120.043746	119.806653	119.808127	
12.33066	120.042273	120.043746	119.806653	119.808127	
12.34075	120.042273	120.043746	119.806653	119.808127	
12.35088	120.042273	120.043746	119.806653	119.808127	
12.36107	120.042273	120.043746	119.806653	119.808127	
12.37123	120.042273	120.043746	119.806653	119.808127	
12.38135	120.042273	120.043746	119.806653	119.808127	
12.39152	120.042273	120.043746	119.806653	119.808127	
12.40163	120.042273	120.043746	119.806653	119.808127	
12.4118	120.042273	120.043746	119.806653	119.808127	
12.42193	120.042273	120.043746	119.806653	119.808127	
12.43207	120.042273	120.043746	119.806653	119.808127	
12.44224	120.042273	120.043746	119.806653	119.808127	
12.45228	120.042273	120.043746	119.806653	119.808127	
12.46249	120.042273	120.043746	119.806653	119.808127	
12.47267	120.042273	120.043746	119.806653	119.808127	
12.48277	120.042273	120.043746	119.806653	119.808127	
12.49288	120.042273	120.043746	119.806653	119.808127	
12.50305	120.042273	120.043746	119.806653	119.808127	
12.51321	120.042273	120.043746	119.806653	119.808127	
12.52334	120.042273	120.043746	119.806653	119.808127	
12.53346	120.042273	120.043746	119.806653	119.808127	
12.54358	120.042273	120.043746	119.806653	119.808127	
12.55376	120.042273	120.043746	119.806653	119.808127	
12.56389	120.042273	120.043746	119.806653	119.808127	
12.57416	120.042273	120.043746	119.806653	119.808127	
12.58454	120.042273	120.043746	119.806653	119.808127	
12.59445	120.042273	120.043746	119.806653	119.808127	
12.60457	120.042273	120.043746	119.806653	119.808127	
12.61471	120.042273	120.043746	119.806653	119.808127	
12.62488	120.042273	120.043746	119.806653	119.808127	
12.63499	120.042273	120.043746	119.806653	119.808127	
12.64511	120.042273	120.043746	119.806653	119.808127	
12.65521	120.042273	120.043746	119.806653	119.808127	
12.66542	120.042273	120.043746	119.806653	119.808127	
12.6757	120.042273	120.043746	119.806653	119.808127	
12.68574	120.042273	120.043746	119.806653	119.808127	
12.69586	120.042273	120.043746	119.806653	119.808127	
12.70606	120.042273	120.043746	119.806653	119.808127	
12.71611	120.042273	120.043746	119.806653	119.808127	
12.72624	120.042273	120.043746	119.806653	119.808127	
12.73637	120.042273	120.043746	119.806653	119.808127	
12.74648	120.042273	120.043746	119.806653	119.808127	
12.75662	120.042273	120.043746	119.806653	119.808127	
12.76673	120.042273	120.043746	119.806653	119.808127	
12.77693	120.042273	120.043746	119.806653	119.808127	
12.78703	120.042273	120.043746	119.806653	119.808127	
12.79715	120.042273	120.043746	119.806653	119.808127	
12.80724	120.042273	120.043746	119.806653	119.808127	
12.8175	120.042273	120.043746	119.806653	119.808127	
12.82759	120.042273	120.043746	119.806653	119.808127	
12.83768	120.042273	120.043746	119.806653	119.808127	
12.84781	120.042273	120.043746	119.806653	119.808127	
12.85801	120.042273	120.043746	119.806653	119.808127	
12.86806	120.042273	120.043746	119.806653	119.808127	
12.87843	120.042273	120.043746	119.806653	119.808127	
12.88832	120.042273	120.043746	119.806653	119.808127	
12.89848	120.042273	120.043746	119.806653	119.808127	
12.9087	120.042273	120.043746	119.806653	119.808127	
12.91877	120.042273	120.043746	119.806653	119.808127	
12.92907	120.042273	120.043746	119.806653	119.808127	
12.93903	120.042273	120.043746	119.806653	119.808127	
12.94919	120.042273	120.043746	119.806653	119.808127	
12.95932	120.042273	120.043746	119.806653	119.808127	
12.96941	120.042273	120.043746	119.806653	119.808127	
12.98812	120.042273	120.043746	119.806653	119.808127	
12.99257	120.042273	120.043746	119.806653	119.808127	
13.00269	120.042273	120.043746	119.806653	119.808127	
13.01281	120.042273	120.043746	119.806653	119.808127	
13.02296	120.042273	120.043746	119.806653	119.808127	
13.03305	120.042273	120.043746	119.806653	119.808127	
13.04523	120.042273	120.043746	119.806653	119.808127	
13.05332	120.042273	120.043746	119.806653	119.808127	
13.06346	120.042273	120.043746	119.806653	119.808127	
13.07353	120.042273	120.043746	119.806653	119.808127	
13.08375	120.042273	120.043746	119.806653	119.808127	
13.09386	120.042273	120.043746	119.806653	119.808127	
13.10401	120.042273	120.043746	119.806653	119.808127	
13.11419	120.042273	120.043746	119.806653	119.808127	
13.12427	120.042273	120.043746	119.806653	119.808127	
13.13441	120.042273	120.043746	119.806653	119.808127	
13.14451	120.042273	120.043746	119.806653	119.808127	
13.15464	120.042273	120.043746	119.806653	119.808127	
13.16481	120.042273	120.043746	119.806653	119.808127	
13.17493	120.042273	120.043746	119.806653	119.808127	
13.18509	120.042273	120.043746	119.806653	119.808127	
13.1952	120.042273	120.043746	119.806653	119.808127	
13.20536	120.042273	120.043746	119.806653	119.808127	
13.21551	120.042273	120.043746	119.806653	119.808127	
13.22561	120.042273	120.043746	119.806653	119.808127	
13.23578	120.042273	120.043746	119.806653	119.808127	
13.24592	120.042273	120.043746	119.806653	119.808127	
13.25604	120.042273	120.043746	119.806653	119.808127	
13.26621	120.042273	120.043746	119.806653	119.808127	
13.2763	120.042273	120.043746	119.806653	119.808127	
13.28643	120.042273	120.043746	119.806653	119.808127	
13.29661	120.042273	120.043746	119.806653	119.808127	
13.3067	120.042273	120.043746	119.806653	119.808127	
13.31684	120.042273	120.043746	119.806653	119.808127	
13.32696	120.042273	120.043746	119.806653	119.808127	
13.33709	120.042273	120.043746	119.806653	119.808127	
13.34721	120.042273	120.043746	119.806653	119.808127	
13.35735	120.042273	120.043746	119.806653	119.808127	
13.3675	120.042273	120.043746	119.806653	119.808127	
13.3776	120.042273	120.043746	119.806653	119.808127	
13.38776	120.042273	120.043746	119.806653	119.808127	
13.3979	120.042273	120.043746	119.806653	119.808127	
13.40801	120.042273	120.043746	119.806653	119.808127	
13.41827	120.042273	120.043746	119.806653	119.808127	
13.42828	120.042273	120.043746	119.806653	119.808127	
13.43874	120.042273	120.043746	119.806653	119.808127	
13.44855	120.042273	120.043746	119.806653	119.808127	
13.45867	120.042273	120.043746	119.806653	119.808127	
13.4688	120.042273	120.043746	119.806653	119.808127	
13.47888	120.042273	120.043746	119.806653	119.808127	
13.48906	120.042273	120.043746	119.806653	119.808127	
13.49921	120.042273	120.043746	119.806653	119.808127	
13.50932	120.042273	120.043746	119.806653	119.808127	
13.51945	120.042273	120.043746	119.806653	119.808127	
13.52958	120.042273	120.043746	119.806653	119.808127	
13.54792	120.042273	120.043746	119.806653	119.808127	
13.55236	120.042273	120.043746	119.806653	119.808127	
13.56253	120.042273	120.043746	119.806653	119.808127	
13.57263	120.042273	120.043746	119.806653	119.808127	
13.58273	120.042273	120.043746	119.806653	119.808127	
13.59292	120.042273	120.043746	119.806653	119.808127	
13.60307	120.042273	120.043746	119.806653	119.808127	
13.61318	120.042273	120.043746	119.806653	119.808127	
13.62333	120.042273	120.043746	119.806653	119.808127	
13.63347	120.042273	120.043746	119.806653	119.808127	
13.64369	120.042273	120.043746	119.806653	119.808127	
13.65372	120.042273	120.043746	119.806653	119.808127	
13.66389	120.042273	120.043746	119.806653	119.808127	
13.6741	120.042273	120.043746	119.806653	119.808127	
13.68415	120.042273	120.043746	119.806653	119.808127	
13.69428	120.042273	120.043746	119.806653	119.808127	
13.70445	120.042273	120.043746	119.806653	119.808127	
13.71458	120.042273	120.043746	119.806653	119.808127	
13.72471	120.042273	120.043746	119.806653	119.808127	
13.73482	120.042273	120.043746	119.806653	119.808127	
13.74498	120.042273	120.043746	119.806653	119.808127	
13.75513	120.042273	120.043746	119.806653	119.808127	
13.76524	120.042273	120.043746	119.806653	119.808127	
13.77536	120.042273	120.043746	119.806653	119.808127	
13.7855	120.042273	120.043746	119.806653	119.808127	
13.79601	120.042273	120.043746	119.806653	119.808127	
13.80584	120.042273	120.043746	119.806653	119.808127	
13.81595	120.042273	120.043746	119.806653	119.808127	
13.82616	120.042273	120.043746	119.806653	119.808127	
13.8362	120.042273	120.043746	119.806653	119.808127	
13.84629	120.042273	120.043746	119.806653	119.808127	
13.85648	120.042273	120.043746	119.806653	119.808127	
13.8666	120.042273	120.043746	119.806653	119.808127	
13.8767	120.042273	120.043746	119.806653	119.808127	
13.88685	120.042273	120.043746	119.806653	119.808127	
13.89729	120.042273	120.043746	119.806653	119.808127	
13.90909	120.042273	120.043746	119.806653	119.808127	
13.91915	120.042273	120.043746	119.806653	119.808127	
13.92928	120.042273	120.043746	119.806653	119.808127	
13.9394	120.042273	120.043746	119.806653	119.808127	
13.9497	120.042273	120.043746	119.806653	119.808127	
13.95978	120.042273	120.043746	119.806653	119.808127	
13.96985	120.042273	120.043746	119.806653	119.808127	
13.97998	120.042273	120.043746	119.806653	119.808127	
13.99012	120.042273	120.043746	119.806653	119.808127	
14.00026	120.042273	120.043746	119.806653	119.808127	
14.01051	120.042273	120.043746	119.806653	119.808127	
14.02052	120.042273	120.043746	119.806653	119.808127	
14.04041	120.042273	120.043746	119.806653	119.808127	
14.04623	120.042273	120.043746	119.806653	119.808127	
14.05495	120.042273	120.043746	119.806653	119.808127	
14.06506	120.042273	120.043746	119.806653	119.808127	
14.07517	120.042273	120.043746	119.806653	119.808127	
14.08533	120.042273	120.043746	119.806653	119.808127	
14.09543	120.042273	120.043746	119.806653	119.808127	
14.10561	120.042273	120.043746	119.806653	119.808127	
14.11577	120.042273	120.043746	119.806653	119.808127	
14.12586	120.042273	120.043746	119.806653	119.808127	
14.13598	120.042273	120.043746	119.806653	119.808127	
14.14613	120.042273	120.043746	119.806653	119.808127	
14.1562	120.042273	120.043746	119.806653	119.808127	
14.16636	120.042273	120.043746	119.806653	119.808127	
14.17649	120.042273	120.043746	119.806653	119.808127	
14.18663	120.042273	120.043746	119.806653	119.808127	
14.19669	120.042273	120.043746	119.806653	119.808127	
14.20687	120.042273	120.043746	119.806653	119.808127	
14.21707	120.042273	120.043746	119.806653	119.808127	
14.22712	120.042273	120.043746	119.806653	119.808127	
14.23723	120.042273	120.043746	119.806653	119.808127	
14.2474	120.042273	120.043746	119.806653	119.808127	
14.25753	120.042273	120.043746	119.806653	119.808127	
14.26773	120.042273	120.043746	119.806653	119.808127	
14.27781	120.042273	120.043746	119.806653	119.808127	
14.28795	120.042273	120.043746	119.806653	119.808127	
14.30602	120.042273	120.043746	119.806653	119.808127	
14.31041	120.042273	120.043746	119.806653	119.808127	
14.32058	120.042273	120.043746	119.806653	119.808127	
14.33072	120.042273	120.043746	119.806653	119.808127	
14.34081	120.042273	120.043746	119.806653	119.808127	
14.35095	120.042273	120.043746	119.806653	119.808127	
14.36113	120.042273	120.043746	119.806653	119.808127	
14.37125	120.042273	120.043746	119.806653	119.808127	
14.3814	120.042273	120.043746	119.806653	119.808127	
14.39152	120.042273	120.043746	119.806653	119.808127	
14.40163	120.042273	120.043746	119.806653	119.808127	
14.41183	120.042273	120.043746	119.806653	119.808127	
14.42199	120.042273	120.043746	119.806653	119.808127	
14.43212	120.042273	120.043746	119.806653	119.808127	
14.44232	120.042273	120.043746	119.806653	119.808127	
14.45234	120.042273	120.043746	119.806653	119.808127	
14.46267	120.042273	120.043746	119.806653	119.808127	
14.47272	120.042273	120.043746	119.806653	119.808127	
14.48282	120.042273	120.043746	119.806653	119.808127	
14.49294	120.042273	120.043746	119.806653	119.808127	
14.50303	120.042273	120.043746	119.806653	119.808127	
14.51323	120.042273	120.043746	119.806653	119.808127	
14.5234	120.042273	120.043746	119.806653	119.808127	
14.53349	120.042273	120.043746	119.806653	119.808127	
14.54361	120.042273	120.043746	119.806653	119.808127	
14.55374	120.042273	120.043746	119.806653	119.808127	
14.56391	120.042273	120.043746	119.806653	119.808127	
14.57404	120.042273	120.043746	119.806653	119.808127	
14.58414	120.042273	120.043746	119.806653	119.808127	
14.59434	120.042273	120.043746	119.806653	119.808127	
14.60438	120.042273	120.043746	119.806653	119.808127	
14.61457	120.042273	120.043746	119.806653	119.808127	
14.62477	120.042273	120.043746	119.806653	119.808127	
14.63486	120.042273	120.043746	119.806653	119.808127	
14.64499	120.042273	120.043746	119.806653	119.808127	
14.65507	120.042273	120.043746	119.806653	119.808127	
14.6652	120.042273	120.043746	119.806653	119.808127	
14.67537	120.042273	120.043746	119.806653	119.808127	
14.68555	120.042273	120.043746	119.806653	119.808127	
14.69569	120.042273	120.043746	119.806653	119.808127	
14.70583	120.042273	120.043746	119.806653	119.808127	
14.71614	120.042273	120.043746	119.806653	119.808127	
14.72636	120.042273	120.043746	119.806653	119.808127	
14.73623	120.042273	120.043746	119.806653	119.808127	
14.74639	120.042273	120.043746	119.806653	119.808127	
14.7565	120.042273	120.043746	119.806653	119.808127	
14.76659	120.042273	120.043746	119.806653	119.808127	
14.77688	120.042273	120.043746	119.806653	119.808127	
14.7869	120.042273	120.043746	119.806653	119.808127	
14.79701	120.042273	120.043746	119.806653	119.808127	
14.80713	120.042273	120.043746	119.806653	119.808127	
14.81745	120.042273	120.043746	119.806653	119.808127	
14.82745	120.042273	120.043746	119.806653	119.808127	
14.83756	120.042273	120.043746	119.806653	119.808127	
14.84769	120.042273	120.043746	119.806653	119.808127	
14.8578	120.042273	120.043746	119.806653	119.808127	
14.86793	120.042273	120.043746	119.806653	119.808127	
14.87807	120.042273	120.043746	119.806653	119.808127	
14.88824	120.042273	120.043746	119.806653	119.808127	
14.89835	120.042273	120.043746	119.806653	119.808127	
14.90853	120.042273	120.043746	119.806653	119.808127	
14.91895	120.042273	120.043746	119.806653	119.808127	
14.92878	120.042273	120.043746	119.806653	119.808127	
14.93878	120.042273	120.043746	119.806653	119.808127	
14.94895	120.042273	120.043746	119.806653	119.808127	
14.95904	120.042273	120.043746	119.806653	119.808127	
14.96922	120.042273	120.043746	119.806653	119.808127	
14.97933	120.042273	120.043746	119.806653	119.808127	
14.98946	120.042273	120.043746	119.806653	119.808127	
14.99961	120.042273	120.043746	119.806653	119.808127	
15.00973	120.042273	120.043746	119.806653	119.808127	
15.02026	120.042273	120.043746	119.806653	119.808127	
15.03013	120.042273	120.043746	119.806653	119.808127	
15.04029	120.042273	120.043746	119.806653	119.808127	
15.06016	120.042273	120.043746	119.806653	119.808127	
15.06455	120.042273	120.043746	119.806653	119.808127	
15.07467	120.042273	120.043746	119.806653	119.808127	
15.08479	120.042273	120.043746	119.806653	119.808127	
15.09495	120.042273	120.043746	119.806653	119.808127	
15.10511	120.042273	120.043746	119.806653	119.808127	
15.11523	120.042273	120.043746	119.806653	119.808127	
15.12535	120.042273	120.043746	119.806653	119.808127	
15.13548	120.042273	120.043746	119.806653	119.808127	
15.14558	120.042273	120.043746	119.806653	119.808127	
15.15575	120.042273	120.043746	119.806653	119.808127	
15.16592	120.042273	120.043746	119.806653	119.808127	
15.17604	120.042273	120.043746	119.806653	119.808127	
15.19399	120.042273	120.043746	119.806653	119.808127	
15.19836	120.042273	120.043746	119.806653	119.808127	
15.20853	120.042273	120.043746	119.806653	119.808127	
15.21867	120.042273	120.043746	119.806653	119.808127	
15.22876	120.042273	120.043746	119.806653	119.808127	
15.23893	120.042273	120.043746	119.806653	119.808127	
15.24909	120.042273	120.043746	119.806653	119.808127	
15.25921	120.042273	120.043746	119.806653	119.808127	
15.26929	120.042273	120.043746	119.806653	119.808127	
15.27947	120.042273	120.043746	119.806653	119.808127	
15.28961	120.042273	120.043746	119.806653	119.808127	
15.2998	120.042273	120.043746	119.806653	119.808127	
15.30985	120.042273	120.043746	119.806653	119.808127	
15.31995	120.042273	120.043746	119.806653	119.808127	
15.33034	120.042273	120.043746	119.806653	119.808127	
15.3404	120.042273	120.043746	119.806653	119.808127	
15.35056	120.042273	120.043746	119.806653	119.808127	
15.36069	120.042273	120.043746	119.806653	119.808127	
15.37081	120.042273	120.043746	119.806653	119.808127	
15.38098	120.042273	120.043746	119.806653	119.808127	
15.39112	120.042273	120.043746	119.806653	119.808127	
15.40123	120.042273	120.043746	119.806653	119.808127	
15.41138	120.042273	120.043746	119.806653	119.808127	
15.42147	120.042273	120.043746	119.806653	119.808127	
15.43166	120.042273	120.043746	119.806653	119.808127	
15.44183	120.042273	120.043746	119.806653	119.808127	
15.45197	120.042273	120.043746	119.806653	119.808127	
15.46212	120.042273	120.043746	119.806653	119.808127	
15.47226	120.042273	120.043746	119.806653	119.808127	
15.4824	120.042273	120.043746	119.806653	119.808127	
15.49255	120.042273	120.043746	119.806653	119.808127	
15.50269	120.042273	120.043746	119.806653	119.808127	
15.51285	120.042273	120.043746	119.806653	119.808127	
15.52298	120.042273	120.043746	119.806653	119.808127	
15.53305	120.042273	120.043746	119.806653	119.808127	
15.54323	120.042273	120.043746	119.806653	119.808127	
15.55338	120.042273	120.043746	119.806653	119.808127	
15.56356	120.042273	120.043746	119.806653	119.808127	
15.57364	120.042273	120.043746	119.806653	119.808127	
15.58376	120.042273	120.043746	119.806653	119.808127	
15.59393	120.042273	120.043746	119.806653	119.808127	
15.60404	120.042273	120.043746	119.806653	119.808127	
15.61418	120.042273	120.043746	119.806653	119.808127	
15.62429	120.042273	120.043746	119.806653	119.808127	
15.63443	120.042273	120.043746	119.806653	119.808127	
15.64486	120.042273	120.043746	119.806653	119.808127	
15.65466	120.042273	120.043746	119.806653	119.808127	
15.66487	120.042273	120.043746	119.806653	119.808127	
15.67498	120.042273	120.043746	119.806653	119.808127	
15.68507	120.042273	120.043746	119.806653	119.808127	
15.69526	120.042273	120.043746	119.806653	119.808127	
15.70537	120.042273	120.043746	119.806653	119.808127	
15.7155	120.042273	120.043746	119.806653	119.808127	
15.72562	120.042273	120.043746	119.806653	119.808127	
15.73605	120.042273	120.043746	119.806653	119.808127	
15.74602	120.042273	120.043746	119.806653	119.808127	
15.75605	120.042273	120.043746	119.806653	119.808127	
15.76616	120.042273	120.043746	119.806653	119.808127	
15.77627	120.042273	120.043746	119.806653	119.808127	
15.78643	120.042273	120.043746	119.806653	119.808127	
15.79655	120.042273	120.043746	119.806653	119.808127	
15.80666	120.042273	120.043746	119.806653	119.808127	
15.81689	120.042273	120.043746	119.806653	119.808127	
15.82692	120.042273	120.043746	119.806653	119.808127	
15.83729	120.042273	120.043746	119.806653	119.808127	
15.85632	120.042273	120.043746	119.806653	119.808127	
15.86093	120.042273	120.043746	119.806653	119.808127	
15.87113	120.042273	120.043746	119.806653	119.808127	
