10.57805	
10.58566	
10.59544	
10.60559	
10.61579	
10.6259	
10.63601	
10.64617	
10.65626	
10.66644	
10.67655	
10.68673	
10.69684	
10.70716	
10.71711	
10.72721	
10.73738	
10.7475	
10.75759	
10.76781	
10.778	
10.78813	
10.79823	
10.80849	
10.81875	
10.82868	
10.83883	
10.84889	
10.85902	
10.86927	
10.87931	
10.88947	
10.89957	
10.90971	
10.91983	
10.92995	
10.9401	
10.9502	
10.96032	
10.97045	
10.98844	
10.99263	
11.00274	
11.01298	
11.02308	
11.03317	
11.04332	
11.05344	
11.06355	
11.07373	
11.08385	
11.094	
11.10415	
11.11425	
11.12446	
11.13464	
11.14471	
11.15483	
11.16494	
11.17513	
11.18523	
11.19554	
11.20555	
11.21576	
11.22615	
11.23628	
11.24641	
11.2565	
11.26683	
11.2768	
11.28694	
11.29704	
11.30727	
11.31729	
11.3275	
11.33756	
11.34766	
11.35781	
11.36826	
11.37805	
11.38817	
11.39829	
11.40839	
11.41855	
11.43003	
11.43884	
11.4489	
11.45903	
11.46923	
11.47968	
11.4976	
11.50182	
11.51192	
11.52204	
11.53226	
11.54234	
11.55246	
11.56259	
11.57354	
11.58364	
11.59375	
11.60389	
11.61405	
11.62421	
11.63437	
11.64449	
11.65463	
11.66483	0.000936727236	0	0.0096633735	0.00872664626	
11.67498	0.00248693936	0	0.0112135856	0.00872664626	
11.68508	0.00463756909	0	0.0133642153	0.00872664626	
11.69594	0.00768649954	0	0.0164131458	0.00872664626	
11.70601	0.0110933044	0	0.0198199507	0.0174532925	
11.71635	0.0152470559	0	0.0239737021	0.0174532925	
11.72645	0.0199034655	0	0.0286301117	0.0174532925	
11.73691	0.0253955387	0	0.0341221849	0.0174532925	
11.74677	0.0311386731	0	0.0398653194	0.0174532925	
11.7571	0.0378111251	0	0.0465377714	0.0174532925	
11.76715	0.0448956527	0	0.0536222989	0.0174532925	
11.77724	0.0526292694	0	0.0613559157	0.0261799388	
11.78734	0.060975379	0	0.0697020252	0.0261799388	
11.79752	0.0700173636	0	0.0787440099	0.0261799388	
11.80757	0.0795401413	0	0.0882667876	0.034906585	
11.8178	0.0898699043	0	0.0985965505	0.034906585	
11.82786	0.10062662	0	0.109353266	0.0436332313	
11.83799	0.112084222	0	0.120810868	0.0523598776	
11.84821	0.124263247	0.00872664626	0.132989893	0.0610865238	
11.85852	0.137208489	0.0261799388	0.145935136	0.0698131701	
11.86847	0.150266971	0.034906585	0.158993617	0.0698131701	
11.87866	0.164273352	0.0523598776	0.172999998	0.0785398163	
11.88872	0.178705593	0.0785398163	0.187432239	0.0872664626	
11.89882	0.193802029	0.104719755	0.202528675	0.0959931089	
11.90896	0.209597229	0.130899694	0.218323875	0.104719755	
11.91919	0.226143653	0.157079633	0.2348703	0.122173048	
11.92927	0.243055525	0.183259571	0.251782171	0.13962634	
11.93939	0.260670109	0.20943951	0.269396756	0.157079633	
11.94953	0.278905946	0.244346095	0.287632593	0.174532925	
11.95982	0.298066338	0.270526034	0.306792984	0.191986218	
11.9698	0.317255916	0.296705973	0.325982562	0.20943951	
11.97994	0.337342572	0.322885912	0.346069218	0.235619449	
11.99006	0.358019684	0.34906585	0.36674633	0.261799388	
12.0002	0.379353108	0.375245789	0.388079755	0.27925268	
12.01033	0.40127638	0.401425728	0.410003026	0.305432619	
12.02043	0.423736357	0.41887902	0.432463004	0.331612558	
12.03066	0.447152449	0.453785606	0.455879095	0.34906585	
12.0407	0.470695194	0.471238898	0.479421841	0.375245789	
12.05083	0.495096697	0.497418837	0.503823343	0.401425728	
12.06122	0.520754989	0.523598776	0.529481635	0.427605667	
12.07158	0.547034106	0.549778714	0.555760753	0.453785606	
12.08154	0.572823421	0.575958653	0.581550067	0.479965544	
12.09166	0.599664928	0.593411946	0.608391575	0.506145483	
12.10176	0.627070325	0.619591884	0.635796971	0.523598776	
12.11196	0.655354394	0.645771823	0.66408104	0.558505361	
12.12207	0.684007344	0.663225116	0.692733991	0.584685299	
12.13224	0.713485296	0.680678408	0.722211942	0.610865238	
12.14237	0.743429326	0.706858347	0.752155972	0.628318531	
12.15246	0.773861249	0.72431164	0.782587895	0.663225116	
12.16264	0.805204628	0.750491578	0.813931274	0.680678408	
12.17284	0.837260408	0.767944871	0.845987054	0.715584993	
12.183	0.869773606	0.79412481	0.878500253	0.733038286	
12.19308	0.902614261	0.820304748	0.911340907	0.767944871	
12.20318	0.936179484	0.846484687	0.94490613	0.79412481	
12.21341	0.970809043	0.872664626	0.97953569	0.820304748	
12.23366	1.04238887	0.942477796	1.05111552	0.881391272	
12.23799	1.05758684	0.968657735	1.06631348	0.890117919	
12.24815	1.0940999	1.00356432	1.10282654	0.925024504	
12.25851	1.13195226	1.04719755	1.1406789	0.951204442	
12.2687	1.16982759	1.09083078	1.17855423	0.986111027	
12.27855	1.20698543	1.13446401	1.21571208	1.02101761	
12.28863	1.2456196	1.18682389	1.25434624	1.0559242	
12.29876	1.28507018	1.22173048	1.29379683	1.09083078	
12.30901	1.32563011	1.27409035	1.33435676	1.12573737	
12.31903	1.36587129	1.31772359	1.37459794	1.1693706	
12.33711	1.44090086	1.36135682	1.44962751	1.23918377	
12.34146	1.45886741	1.42244334	1.46759405	1.25663706	
12.35156	1.50144206	1.46607657	1.51016871	1.29154365	
12.36164	1.54446394	1.51843645	1.55319059	1.33517688	
12.37264	1.59225125	1.57079633	1.6009779	1.37881011	
12.38286	1.63719332	1.61442956	1.64591997	1.43116999	
12.39285	1.68174187	1.66678944	1.69046852	1.46607657	
12.40303	1.72778835	1.71042267	1.73651499	1.51843645	
12.41313	1.77405535	1.7540559	1.782782	1.56206968	
12.42333	1.82140766	1.80641578	1.83013431	1.60570291	
12.44269	1.91410868	1.89368224	1.92283533	1.68424273	
12.44706	1.93488617	1.91113553	1.94361282	1.71042267	
12.45713	1.98368249	1.96349541	1.99240914	1.74532925	
12.46726	2.03341716	2.00712864	2.0421438	1.79768913	
12.47754	2.08449696	2.05948852	2.09322361	1.84132236	
12.48761	2.13512025	2.10312175	2.1438469	1.88495559	
12.4977	2.18646568	2.14675498	2.19519233	1.92858882	
12.50784	2.23868922	2.19911486	2.24741587	1.9809487	
12.51826	2.29300973	2.24274809	2.30173637	2.02458193	
12.52813	2.3450366	2.30383461	2.35376324	2.06821516	
12.53822	2.39880269	2.34746784	2.40752934	2.12057504	
12.54837	2.45354083	2.39982772	2.46226747	2.16420827	
12.5585	2.50876957	2.4521876	2.51749621	2.21656815	
12.56861	2.56454638	2.49582083	2.57327302	2.26892803	
12.57902	2.62261499	2.54818071	2.63134164	2.31256126	
12.5889	2.67829756	2.60054059	2.6870242	2.36492114	
12.59913	2.73658548	2.65290046	2.74531212	2.41728101	
12.60923	2.79471742	2.71398699	2.80344407	2.47836754	
12.61972	2.85579062	2.76634686	2.86451726	2.53072742	
12.6295	2.9132713	2.82743339	2.92199794	2.58308729	
12.63958	2.9731521	2.87979327	2.98187875	2.63544717	
12.64965	3.03355739	2.93215314	3.04228404	2.69653369	
12.65981	3.09520444	2.98451302	3.10393108	2.75762022	
12.66997	3.15740991	3.04559954	3.16613656	2.81870674	
12.68021	3.2207619	3.10668607	3.22948855	2.87979327	
12.69022	3.2832166	3.17649924	3.29194325	2.93215314	
12.70043	3.34756994	3.22885912	3.35629659	3.00196631	
12.7106	3.41236743	3.28994564	3.42109407	3.06305284	
12.72112	3.47997137	3.35103216	3.48869801	3.12413936	
12.7312	3.54539402	3.42084533	3.55412067	3.18522588	
12.74132	3.61167216	3.48193186	3.62039881	3.24631241	
12.75147	3.67883265	3.54301838	3.6875593	3.31612558	
12.76177	3.74755938	3.61283155	3.75628603	3.38593875	
12.77174	3.81465642	3.68264472	3.82338306	3.44702527	
12.78206	3.8848212	3.74373125	3.89354785	3.5081118	
12.79207	3.95342322	3.81354442	3.96214987	3.57792497	
12.8022	4.02344589	3.87463094	4.03217253	3.63901149	
12.81231	4.09399884	3.94444411	4.10272548	3.70009801	
12.82249	4.16567157	4.01425728	4.17439822	3.76991118	
12.8326	4.23736264	4.08407045	4.24608929	3.83972435	
12.84273	4.30992677	4.16261027	4.31865342	3.90081088	
12.85284	4.38287339	4.22369679	4.39160004	3.97062405	
12.86331	4.45917586	4.30223661	4.4679025	4.03171057	
12.87313	4.53126702	4.38077642	4.53999366	4.10152374	
12.88332	4.60669363	4.45058959	4.61542027	4.17133691	
12.89353	4.68289425	4.53785606	4.69162089	4.24115008	
12.90361	4.75877581	4.60766923	4.76750246	4.30223661	
12.9137	4.8352753	4.68620904	4.84400195	4.37204978	
12.92389	4.91318205	4.76474886	4.9219087	4.4331363	
12.93402	4.9912282	4.84328867	4.99995485	4.50294947	
12.9442	5.07034551	4.92182849	5.07907216	4.57276264	
12.95428	5.14921405	5.00036831	5.1579407	4.64257581	
12.96447	5.22970514	5.07890812	5.23843179	4.71238898	
12.97575	5.31953352	5.16617459	5.32826017	4.78220215	
12.98519	5.39510818	5.2447144	5.40383483	4.85201532	
12.99497	5.47399802	5.33198086	5.48272467	4.92182849	
13.00546	5.55935799	5.41052068	5.56808464	4.99164166	
13.01558	5.64235227	5.4890605	5.65107892	5.06145483	
13.02545	5.7237585	5.57632696	5.73248515	5.131268	
13.03584	5.81020413	5.66359342	5.81893077	5.20980782	
13.04578	5.89349454	5.74213324	5.90222119	5.27962099	
13.0561	5.98063635	5.8293997	5.989363	5.34943416	
13.066	6.06478383	5.91666616	6.07351047	5.41924733	
13.0771	6.15986509	6.00393263	6.16859173	5.49778714	
13.08659	6.24161963	6.08247244	6.25034628	5.56760031	
13.09684	6.33067511	6.17846555	6.33940175	5.63741348	
13.1067	6.41680135	6.25700537	6.425528	5.7159533	
13.11715	6.50888268	6.34427183	6.51760933	5.78576647	
13.12732	6.5990751	6.42281165	6.60780174	5.86430629	
13.13743	6.68926604	6.51880476	6.69799269	5.93411946	
13.14729	6.77790012	6.60607122	6.78662677	6.00393263	
13.15784	6.87342444	6.69333768	6.88215108	6.0737458	
13.16756	6.96197035	6.7718775	6.970697	6.14355897	
13.17831	7.06056768	6.86787061	7.06929433	6.22209878	
13.18815	7.15137937	6.95513707	7.16010601	6.29191195	
13.20614	7.319793	7.05113018	7.32851964	6.42281165	
13.21126	7.36767279	7.16457658	7.37639943	6.45771823	
13.22168	7.46598045	7.25184304	7.47470709	6.5275314	
13.23198	7.56376985	7.34783615	7.5724965	6.60607122	
13.24183	7.65789378	7.44382926	7.66662043	6.67588439	
13.25196	7.75522972	7.53109572	7.76395637	6.74569756	
13.26212	7.85361037	7.62708883	7.86233702	6.82423738	
13.28096	8.03846698	7.72308194	8.04719363	6.94641042	
13.28606	8.08842759	7.85398163	8.09715423	6.99004365	
13.29626	8.18933729	7.94997474	8.19806393	7.06858347	
13.30674	8.29349223	8.04596785	8.30221888	7.13839664	
13.31649	8.39101699	8.15068761	8.39974364	7.20820981	
13.32671	8.4938224	8.24668072	8.50254904	7.27802298	
13.33698	8.59784658	8.35140047	8.60657323	7.3565628	
13.34701	8.69996571	8.44739358	8.70869236	7.42637597	
13.3571	8.80332888	8.55211333	8.81205553	7.49618914	
13.36757	8.91128594	8.65683309	8.92001259	7.57472895	
13.37766	9.01585191	8.76155285	9.02457856	7.64454212	
13.38808	9.1246164	8.8662726	9.13334305	7.71435529	
13.39819	9.23063514	8.979719	9.23936179	7.78416846	
13.40865	9.3411632	9.0931654	9.34988984	7.86270828	
13.41853	9.44597823	9.19788516	9.45470488	7.93252145	
13.42869	9.55436003	9.30260491	9.56308668	8.00233462	
13.4391	9.666241	9.41605131	9.67496764	8.08087444	
13.44893	9.77231605	9.52077107	9.78104269	8.15068761	
13.46729	9.97304444	9.63421747	9.98177109	8.2815873	
13.47248	10.0296348	9.77384381	10.0383615	8.32522053	
13.48351	10.148916	9.88729021	10.1576426	8.3950337	
13.49313	10.2523917	10.0007366	10.2611184	8.47357352	
13.50308	10.3587526	10.1054564	10.3674793	8.54338669	
13.51308	10.4650825	10.2189028	10.4738092	8.61319986	
13.52323	10.5724623	10.3323492	10.581189	8.69173967	
13.53344	10.6797691	10.4457956	10.6884957	8.76155285	
13.54357	10.7856671	10.5505153	10.7943937	8.83136602	
13.55375	10.8914063	10.6639617	10.9001329	8.90117919	
13.56389	10.9961902	10.7774081	11.0049169	8.979719	
13.57404	11.1005034	10.8908545	11.1092301	9.04953217	
13.58652	11.2277321	11.0130276	11.2364587	9.14552528	
13.59546	11.3183354	11.1177473	11.327062	9.2066118	
13.60572	11.4217962	11.2311937	11.4305229	9.27642497	
13.61593	11.5241627	11.3446401	11.5328893	9.35496479	
13.63396	11.7024095	11.4493599	11.7111362	9.48586448	
13.64709	11.8315042	11.5977129	11.8402309	9.57313095	
13.6522	11.8816369	11.7373392	11.8903636	9.61676418	
13.66236	11.9806047	11.842059	11.9893314	9.68657735	
13.67283	12.0820654	11.9555054	12.0907921	9.75639052	
13.68289	12.1788316	12.0602251	12.1875582	9.82620369	
13.69289	12.2744459	12.1649449	12.2831725	9.89601686	
13.70339	12.3742546	12.260938	12.3829812	9.97455668	
13.72128	12.5418508	12.3656578	12.5505774	10.0880031	
13.72639	12.5896997	12.4965574	12.5984264	10.1316363	
13.73668	12.6855529	12.6012772	12.6942795	10.2014495	
13.7549	12.8525688	12.6972703	12.8612954	10.3236225	
13.75999	12.8993052	12.82817	12.9080318	10.3585291	
13.77022	12.9923669	12.9241631	13.0010935	10.4283423	
13.78042	13.0846365	13.0201562	13.0933631	10.4981555	
13.79065	13.1764909	13.1074227	13.1852175	10.5679686	
13.80111	13.2697618	13.2034158	13.2784884	10.6377818	
13.81091	13.3566037	13.2994089	13.3653304	10.6988683	
13.82151	13.4498325	13.3866754	13.4585591	10.7686815	
13.83166	13.5385213	13.4739418	13.5472479	10.8384947	
13.84157	13.6245532	13.5612083	13.6332799	10.9083078	
13.85191	13.7136335	13.6397481	13.7223602	10.9693943	
13.86187	13.7988528	13.7182879	13.8075794	11.0304809	
13.87231	13.8875423	13.8055544	13.8962689	11.100294	
13.88246	13.9731646	13.8840942	13.9818912	11.1701072	
13.89256	14.0577436	13.962634	14.0664702	11.2399204	
13.9029	14.1437309	14.0411738	14.1524576	11.3010069	
13.91269	14.2245023	14.1284403	14.2332289	11.3708201	
13.92313	14.3100866	14.2069801	14.3188133	11.4319066	
13.93301	14.3904063	14.2767933	14.3991329	11.5017198	
13.94347	14.4748649	14.3640597	14.4835916	11.5628063	
13.95334	14.5540155	14.4425996	14.5627421	11.6326195	
13.96345	14.6344272	14.5211394	14.6431539	11.693706	
13.97403	14.717843	14.5996792	14.7265697	11.7635192	
13.99284	14.8637517	14.678219	14.8724784	11.8856922	
14.00616	14.9661442	14.7916654	14.9748709	11.9729587	
14.01133	15.0058557	14.9051118	15.0145823	12.0078653	
14.02164	15.084283	14.9836516	15.0930096	12.0776784	
14.03205	15.16284	15.0621914	15.1715666	12.1474916	
14.04219	15.2387133	15.1407313	15.2474399	12.2085781	
14.05232	15.3139699	15.2192711	15.3226965	12.2696646	
14.06218	15.3866667	15.3065375	15.3953934	12.3394778	
14.07272	15.4636643	15.3850774	15.472391	12.409291	
14.08251	15.5345657	15.4636172	15.5432923	12.4703775	
14.09326	15.6118238	15.5334303	15.6205504	12.5401907	
14.10296	15.6808791	15.6032435	15.6896058	12.6100038	
14.11299	15.7517793	15.6817833	15.760506	12.6710904	
14.12314	15.8228507	15.7603231	15.8315773	12.7409035	
14.1333	15.8934289	15.838863	15.9021555	12.8107167	
14.14349	15.9635924	15.9086761	15.972319	12.8805299	
14.15363	16.0328377	15.9784893	16.0415643	12.950343	
14.16379	16.1015668	16.0483025	16.1102935	13.0201562	
14.17394	16.1696451	16.1181156	16.1783717	13.0899694	
14.18412	16.2372834	16.1879288	16.24601	13.1597826	
14.19477	16.3073651	16.257742	16.3160917	13.2295957	
14.20532	16.3761587	16.3275552	16.3848854	13.2994089	
14.21462	16.4362629	16.3886417	16.4449895	13.3604954	
14.23618	16.5721884	16.5195414	16.5809151	13.5088484	
14.24217	16.6099827	16.5631746	16.6187094	13.543755	
14.2523	16.673192	16.6242611	16.6819187	13.6135682	
14.26244	16.7358804	16.6853476	16.744607	13.6833813	
14.27266	16.7984254	16.7464342	16.807152	13.7531945	
14.2828	16.8599236	16.7987941	16.8686502	13.814281	
14.29321	16.9223855	16.8598806	16.9311121	13.8840942	
14.3032	16.9817329	16.9209671	16.9904596	13.9539074	
14.31326	17.0408793	16.9907803	17.0496059	14.0149939	
14.32347	17.1002713	17.0431401	17.1089979	14.0848071	
14.33366	17.1589807	17.1042267	17.1677073	14.1546202	
14.34378	17.2167125	17.1565865	17.2254391	14.2157068	
14.35387	17.2736006	17.2176731	17.2823272	14.2767933	
14.36401	17.330257	17.2787596	17.3389836	14.3466065	
14.3742	17.386485	17.3311195	17.3952117	14.4164196	
14.38436	17.4420158	17.392206	17.4507424	14.4775061	
14.39525	17.5007996	17.4445659	17.5095263	14.5473193	
14.40467	17.5511011	17.5056524	17.5598278	14.6084058	
14.41482	17.6046814	17.5580123	17.613408	14.678219	
14.42496	17.6576865	17.6103722	17.6664131	14.7393055	
14.43644	17.7168168	17.662732	17.7255435	14.8003921	
14.44528	17.7619317	17.7238186	17.7706584	14.8702052	
14.45539	17.8129632	17.7761784	17.8216899	14.9312918	
14.46557	17.8636518	17.837265	17.8723784	15.0011049	
14.47572	17.9136303	17.8896248	17.9223569	15.0621914	
14.48584	17.9628837	17.9419847	17.9716103	15.123278	
14.49633	18.0132544	17.9943446	18.0219811	15.1843645	
14.5062	18.0600703	18.0467045	18.0687969	15.2541777	
14.51632	18.1075192	18.0990643	18.1162459	15.3152642	
14.52646	18.1544067	18.1514242	18.1631333	15.3850774	
14.53668	18.201067	18.1950575	18.2097936	15.4461639	
14.547	18.247997	18.2474173	18.2567237	15.5072504	
14.55694	18.291781	18.2910506	18.3005076	15.5683369	
14.56714	18.3365146	18.3434104	18.3452412	15.6381501	
14.57721	18.3801003	18.3870437	18.388827	15.7079633	
14.58735	18.4233593	18.4306769	18.432086	15.7690498	
14.60621	18.5013286	18.4743101	18.5100553	15.8912228	
14.61142	18.5228927	18.5353967	18.5316193	15.9174028	
14.6217	18.5647231	18.5703032	18.5734498	15.9872159	
14.63178	18.6051317	18.6139365	18.6138584	16.0570291	
14.64189	18.6450431	18.6488431	18.6537697	16.1268423	
14.65203	18.6845138	18.6924763	18.6932404	16.1879288	
14.66221	18.7235106	18.7273829	18.7322373	16.2490153	
14.67242	18.7620168	18.7710161	18.7707435	16.3188285	
14.68253	18.7995271	18.8059227	18.8082538	16.379915	
14.69264	18.8364814	18.8408293	18.8452081	16.4497282	
14.70283	18.8730989	18.8757359	18.8818256	16.5108147	
14.71296	18.9088947	18.9106424	18.9176213	16.5806279	
14.7231	18.9441512	18.9368224	18.9528778	16.6504411	
14.73326	18.9788757	18.971729	18.9876024	16.7115276	
14.74455	19.0166924	19.0066356	19.025419	16.7900674	
14.75364	19.0466699	19.0415421	19.0553965	16.8424273	
14.76412	19.0805859	19.0764487	19.0893125	16.9122405	
14.77436	19.1131456	19.1113553	19.1218722	16.9820536	
14.78443	19.1445662	19.1462619	19.1532928	17.0431401	
14.79431	19.1748397	19.1724418	19.1835663	17.1042267	
14.80487	19.2065234	19.2073484	19.21525	17.1740398	
14.82281	19.2580802	19.2335284	19.2668068	17.2962129	
14.828	19.2730288	19.2684349	19.2817555	17.3311195	
14.83838	19.3021687	19.3033415	19.3108954	17.392206	
14.84854	19.3300944	19.3295215	19.338821	17.4620192	
14.86653	19.3772885	19.3644281	19.3860151	17.5754656	
14.87174	19.3909952	19.3993346	19.3997218	17.6190988	
14.88189	19.4169451	19.4255146	19.4256717	17.6801853	
14.89209	19.4424445	19.4604212	19.4511711	17.7499985	
14.90323	19.4695324	19.4778745	19.478259	17.8198117	
14.91291	19.4925787	19.512781	19.5013054	17.8896248	
14.92261	19.5151369	19.538961	19.5238635	17.9507114	
14.93275	19.5381164	19.5651409	19.5468431	18.0117979	
14.94322	19.561222	19.5913209	19.5699486	18.0816111	
14.95309	19.5824474	19.6175008	19.5911741	18.1514242	
14.96347	19.604147	19.6349541	19.6128736	18.2212374	
14.97349	19.6245443	19.661134	19.6332709	18.2910506	
14.9919	19.6596525	19.6785873	19.6683791	18.404497	
14.99705	19.6695063	19.7047673	19.678233	18.4394035	
15.00731	19.6884386	19.7309472	19.6971653	18.5092167	
15.01742	19.7064941	19.7484005	19.7152208	18.5790299	
15.02783	19.7244829	19.7658538	19.7332096	18.6488431	
15.03795	19.7413993	19.7833071	19.7501259	18.7099296	
15.04789	19.7574806	19.8007604	19.7662072	18.7797428	
15.05812	19.7734241	19.8269403	19.7821508	18.8495559	
15.06819	19.7885541	19.8356669	19.7972808	18.9193691	
15.07862	19.8036377	19.8531202	19.8123643	18.9891823	
15.08869	19.8176397	19.8618469	19.8263664	19.0589954	
15.09893	19.8312846	19.8705735	19.8400112	19.120082	
15.10921	19.8444182	19.8793002	19.8531449	19.1898951	
15.12718	19.8652155	19.8967535	19.8739421	19.3120682	
15.13229	19.8711693	19.8967535	19.879896	19.3469748	
15.14253	19.8824003	19.8967535	19.8911269	19.4167879	
15.15266	19.8929547	19.9054801	19.9016813	19.4778745	
15.16277	19.9029391	19.9142068	19.9116657	19.5476876	
15.1729	19.9124198	19.9229334	19.9211464	19.6175008	
15.18311	19.9214039	19.9229334	19.9301305	19.687314	
15.19319	19.9297592	19.9316601	19.9384859	19.7484005	
15.20391	19.9380314	19.9316601	19.946758	19.809487	
15.2139	19.9452452	19.9403867	19.9539719	19.8618469	
15.22368	19.95182	19.9403867	19.9605466	19.9142068	
15.23373	19.9580653	19.9491134	19.966792	19.9491134	
15.24391	19.9638744	19.95784	19.972601	19.9927466	
15.25401	19.9691463	19.95784	19.977873	20.0189265	
15.26417	19.9739496	19.9665666	19.9826762	20.0451065	
15.27431	19.9782584	19.9665666	19.986985	20.0712864	
15.28443	19.982091	19.9752933	19.9908177	20.080013	
15.29457	19.9854744	19.9840199	19.994201	20.0974663	
15.30513	19.9885088	19.9840199	19.9972355	20.106193	
15.31493	19.9909441	19.9840199	19.9996708	20.106193	
15.32505	19.9930527	19.9927466	20.0017793	20.106193	
15.33522	19.9947955	19.9927466	20.0035222	20.0974663	
15.34527	20	20.0014732	20.0087266	20.0887397	
15.3554	20	20.0014732	20.0087266	20.0887397	
15.36557	20	20.0014732	20.0087266	20.080013	
15.37572	20	20.0014732	20.0087266	20.0712864	
15.38583	20	20.0014732	20.0087266	20.0712864	
15.39593	20	20.0014732	20.0087266	20.0625598	
15.40635	20	20.0014732	20.0087266	20.0538331	
15.41645	20	20.0014732	20.0087266	20.0363798	
15.4264	20	20.0014732	20.0087266	20.0276532	
15.43809	20	20.0014732	20.0087266	20.0189265	
15.44683	20	20.0014732	20.0087266	20.0189265	
15.45677	20	20.0014732	20.0087266	20.0101999	
15.46693	20	20.0014732	20.0087266	20.0101999	
15.47706	20	20.0014732	20.0087266	20.0101999	
15.48725	20	20.0014732	20.0087266	20.0101999	
15.49729	20	20.0014732	20.0087266	20.0101999	
15.50812	20	20.0014732	20.0087266	20.0101999	
15.51806	20	20.0014732	20.0087266	20.0101999	
15.52982	20	20.0014732	20.0087266	20.0101999	
15.5399	20	20.0014732	20.0087266	20.0101999	
15.55003	20	20.0014732	20.0087266	20.0189265	
15.56018	20	20.0014732	20.0087266	20.0189265	
15.57029	20	20.0014732	20.0087266	20.0189265	
15.58042	20	20.0014732	20.0087266	20.0189265	
15.59061	20	20.0014732	20.0087266	20.0189265	
15.60074	20	20.0014732	20.0087266	20.0189265	
15.6112	20	20.0014732	20.0087266	20.0189265	
15.62124	20	20.0014732	20.0087266	20.0189265	
15.63152	20	20.0014732	20.0087266	20.0189265	
15.64155	20	20.0014732	20.0087266	20.0189265	
15.65165	20	20.0014732	20.0087266	20.0189265	
15.66184	20	20.0014732	20.0087266	20.0189265	
15.67198	20	20.0014732	20.0087266	20.0189265	
15.68211	20	20.0014732	20.0087266	20.0189265	
15.69224	20	20.0014732	20.0087266	20.0189265	
15.70241	20	20.0014732	20.0087266	20.0189265	
15.71258	20	20.0014732	20.0087266	20.0189265	
15.72266	20	20.0014732	20.0087266	20.0189265	
15.73279	20	20.0014732	20.0087266	20.0189265	
15.74289	20	20.0014732	20.0087266	20.0189265	
15.75306	20	20.0014732	20.0087266	20.0189265	
15.76318	20	20.0014732	20.0087266	20.0189265	
15.77329	20	20.0014732	20.0087266	20.0189265	
15.78351	20	20.0014732	20.0087266	20.0189265	
15.79361	20	20.0014732	20.0087266	20.0189265	
15.80373	20	20.0014732	20.0087266	20.0189265	
15.81392	20	20.0014732	20.0087266	20.0189265	
15.82401	20	20.0014732	20.0087266	20.0189265	
15.83418	20	20.0014732	20.0087266	20.0189265	
15.84429	20	20.0014732	20.0087266	20.0189265	
15.85443	20	20.0014732	20.0087266	20.0189265	
15.86467	20	20.0014732	20.0087266	20.0189265	
15.87475	20	20.0014732	20.0087266	20.0189265	
15.88488	20	20.0014732	20.0087266	20.0189265	
15.89506	20	20.0014732	20.0087266	20.0189265	
15.90514	20	20.0014732	20.0087266	20.0189265	
15.91528	20	20.0014732	20.0087266	20.0189265	
15.92541	20	20.0014732	20.0087266	20.0189265	
15.93556	20	20.0014732	20.0087266	20.0189265	
15.94568	20	20.0014732	20.0087266	20.0189265	
15.95581	20	20.0014732	20.0087266	20.0189265	
15.96597	20	20.0014732	20.0087266	20.0189265	
15.97608	20	20.0014732	20.0087266	20.0189265	
15.98621	20	20.0014732	20.0087266	20.0189265	
15.99633	20	20.0014732	20.0087266	20.0189265	
16.00653	20	20.0014732	20.0087266	20.0189265	
16.01683	20	20.0014732	20.0087266	20.0189265	
16.02695	20	20.0014732	20.0087266	20.0189265	
16.03711	20	20.0014732	20.0087266	20.0189265	
16.04731	20	20.0014732	20.0087266	20.0189265	
16.05731	20	20.0014732	20.0087266	20.0189265	
16.06748	20	20.0014732	20.0087266	20.0189265	
16.07758	20	20.0014732	20.0087266	20.0189265	
16.08779	20	20.0014732	20.0087266	20.0189265	
16.09786	20	20.0014732	20.0087266	20.0189265	
16.10801	20	20.0014732	20.0087266	20.0189265	
16.11809	20	20.0014732	20.0087266	20.0189265	
16.12848	20	20.0014732	20.0087266	20.0189265	
16.13865	20	20.0014732	20.0087266	20.0189265	
16.14849	20	20.0014732	20.0087266	20.0189265	
16.15862	20	20.0014732	20.0087266	20.0189265	
16.16878	20	20.0014732	20.0087266	20.0189265	
16.17889	20	20.0014732	20.0087266	20.0189265	
16.18903	20	20.0014732	20.0087266	20.0189265	
16.19939	20	20.0014732	20.0087266	20.0189265	
16.20942	20	20.0014732	20.0087266	20.0189265	
16.23014	20	20.0014732	20.0087266	20.0189265	
16.23446	20	20.0014732	20.0087266	20.0189265	
16.24468	20	20.0014732	20.0087266	20.0189265	
16.25476	20	20.0014732	20.0087266	20.0189265	
16.26494	20	20.0014732	20.0087266	20.0189265	
16.27506	20	20.0014732	20.0087266	20.0189265	
16.28516	20	20.0014732	20.0087266	20.0189265	
16.29536	20	20.0014732	20.0087266	20.0189265	
16.30545	20	20.0014732	20.0087266	20.0189265	
16.31559	20	20.0014732	20.0087266	20.0189265	
16.34937	20	20.0014732	20.0087266	20.0189265	
16.35369	20	20.0014732	20.0087266	20.0189265	
16.36386	20	20.0014732	20.0087266	20.0189265	
16.37402	20	20.0014732	20.0087266	20.0189265	
16.3841	20	20.0014732	20.0087266	20.0189265	
16.39424	20	20.0014732	20.0087266	20.0189265	
16.4044	20	20.0014732	20.0087266	20.0189265	
16.41454	20	20.0014732	20.0087266	20.0189265	
16.42475	20	20.0014732	20.0087266	20.0189265	
16.4348	20	20.0014732	20.0087266	20.0189265	
16.44501	20	20.0014732	20.0087266	20.0189265	
16.45517	20	20.0014732	20.0087266	20.0189265	
16.46527	20	20.0014732	20.0087266	20.0189265	
16.47538	20	20.0014732	20.0087266	20.0189265	
16.48551	20	20.0014732	20.0087266	20.0189265	
16.49565	20	20.0014732	20.0087266	20.0189265	
16.50577	20	20.0014732	20.0087266	20.0189265	
16.51591	20	20.0014732	20.0087266	20.0189265	
16.52605	20	20.0014732	20.0087266	20.0189265	
16.53619	20	20.0014732	20.0087266	20.0189265	
16.54632	20	20.0014732	20.0087266	20.0189265	
16.55646	20	20.0014732	20.0087266	20.0189265	
16.56659	20	20.0014732	20.0087266	20.0189265	
16.57679	20	20.0014732	20.0087266	20.0189265	
16.58689	20	20.0014732	20.0087266	20.0189265	
16.597	20	20.0014732	20.0087266	20.0189265	
16.60721	20	20.0014732	20.0087266	20.0189265	
16.61728	20	20.0014732	20.0087266	20.0189265	
16.62741	20	20.0014732	20.0087266	20.0189265	
16.63753	20	20.0014732	20.0087266	20.0189265	
16.64766	20	20.0014732	20.0087266	20.0189265	
16.65792	20	20.0014732	20.0087266	20.0189265	
16.668	20	20.0014732	20.0087266	20.0189265	
16.67813	20	20.0014732	20.0087266	20.0189265	
16.68819	20	20.0014732	20.0087266	20.0189265	
16.69923	20	20.0014732	20.0087266	20.0189265	
16.70846	20	20.0014732	20.0087266	20.0189265	
16.71873	20	20.0014732	20.0087266	20.0189265	
16.72879	20	20.0014732	20.0087266	20.0189265	
16.73885	20	20.0014732	20.0087266	20.0189265	
16.74903	20	20.0014732	20.0087266	20.0189265	
16.75933	20	20.0014732	20.0087266	20.0189265	
16.76933	20	20.0014732	20.0087266	20.0189265	
16.77945	20	20.0014732	20.0087266	20.0189265	
16.78954	20	20.0014732	20.0087266	20.0189265	
16.79999	20	20.0014732	20.0087266	20.0189265	
16.80983	20	20.0014732	20.0087266	20.0189265	
16.81996	20	20.0014732	20.0087266	20.0189265	
16.8301	20	20.0014732	20.0087266	20.0189265	
16.84019	20	20.0014732	20.0087266	20.0189265	
16.85032	20	20.0014732	20.0087266	20.0189265	
16.86069	20	20.0014732	20.0087266	20.0189265	
16.87845	20	20.0014732	20.0087266	20.0189265	
16.88279	20	20.0014732	20.0087266	20.0189265	
16.89287	20	20.0014732	20.0087266	20.0189265	
16.90308	20	20.0014732	20.0087266	20.0189265	
16.91318	20	20.0014732	20.0087266	20.0189265	
16.9233	20	20.0014732	20.0087266	20.0189265	
16.93346	20	20.0014732	20.0087266	20.0189265	
16.9436	20	20.0014732	20.0087266	20.0189265	
16.95376	20	20.0014732	20.0087266	20.0189265	
16.96391	20	20.0014732	20.0087266	20.0189265	
16.97408	20	20.0014732	20.0087266	20.0189265	
16.98419	20	20.0014732	20.0087266	20.0189265	
16.99427	20	20.0014732	20.0087266	20.0189265	
17.00445	20	20.0014732	20.0087266	20.0189265	
17.01455	20	20.0014732	20.0087266	20.0189265	
17.0248	20	20.0014732	20.0087266	20.0189265	
17.03484	20	20.0014732	20.0087266	20.0189265	
17.04497	20	20.0014732	20.0087266	20.0189265	
17.05514	20	20.0014732	20.0087266	20.0189265	
17.06531	20	20.0014732	20.0087266	20.0189265	
17.07541	20	20.0014732	20.0087266	20.0189265	
17.08553	20	20.0014732	20.0087266	20.0189265	
17.09568	20	20.0014732	20.0087266	20.0189265	
17.10576	20	20.0014732	20.0087266	20.0189265	
17.11595	20	20.0014732	20.0087266	20.0189265	
17.12609	20	20.0014732	20.0087266	20.0189265	
17.13621	20	20.0014732	20.0087266	20.0189265	
17.14633	20	20.0014732	20.0087266	20.0189265	
17.15644	20	20.0014732	20.0087266	20.0189265	
17.1666	20	20.0014732	20.0087266	20.0189265	
17.17681	20	20.0014732	20.0087266	20.0189265	
17.18689	20	20.0014732	20.0087266	20.0189265	
17.19701	20	20.0014732	20.0087266	20.0189265	
17.20719	20	20.0014732	20.0087266	20.0189265	
17.21727	20	20.0014732	20.0087266	20.0189265	
17.22743	20	20.0014732	20.0087266	20.0189265	
17.23754	20	20.0014732	20.0087266	20.0189265	
17.24768	20	20.0014732	20.0087266	20.0189265	
17.2579	20	20.0014732	20.0087266	20.0189265	
17.26794	20	20.0014732	20.0087266	20.0189265	
17.27811	20	20.0014732	20.0087266	20.0189265	
17.2882	20	20.0014732	20.0087266	20.0189265	
17.29834	20	20.0014732	20.0087266	20.0189265	
17.30845	20	20.0014732	20.0087266	20.0189265	
17.31864	20	20.0014732	20.0087266	20.0189265	
17.32884	20	20.0014732	20.0087266	20.0189265	
17.33892	20	20.0014732	20.0087266	20.0189265	
17.3491	20	20.0014732	20.0087266	20.0189265	
17.35929	20	20.0014732	20.0087266	20.0189265	
17.36936	20	20.0014732	20.0087266	20.0189265	
17.37946	20	20.0014732	20.0087266	20.0189265	
17.38954	20	20.0014732	20.0087266	20.0189265	
17.39969	20	20.0014732	20.0087266	20.0189265	
17.40993	20	20.0014732	20.0087266	20.0189265	
17.41994	20	20.0014732	20.0087266	20.0189265	
17.4301	20	20.0014732	20.0087266	20.0189265	
17.44057	20	20.0014732	20.0087266	20.0189265	
17.45032	20	20.0014732	20.0087266	20.0189265	
17.4605	20	20.0014732	20.0087266	20.0189265	
17.4785	20	20.0014732	20.0087266	20.0189265	
17.48285	20	20.0014732	20.0087266	20.0189265	
17.49298	20	20.0014732	20.0087266	20.0189265	
17.50314	20	20.0014732	20.0087266	20.0189265	
17.51325	20	20.0014732	20.0087266	20.0189265	
17.52343	20	20.0014732	20.0087266	20.0189265	
17.53356	20	20.0014732	20.0087266	20.0189265	
17.54371	20	20.0014732	20.0087266	20.0189265	
17.55383	20	20.0014732	20.0087266	20.0189265	
17.56392	20	20.0014732	20.0087266	20.0189265	
17.57415	20	20.0014732	20.0087266	20.0189265	
17.58425	20	20.0014732	20.0087266	20.0189265	
17.59438	20	20.0014732	20.0087266	20.0189265	
17.60449	20	20.0014732	20.0087266	20.0189265	
17.61465	20	20.0014732	20.0087266	20.0189265	
17.62483	20	20.0014732	20.0087266	20.0189265	
17.63494	20	20.0014732	20.0087266	20.0189265	
17.64507	20	20.0014732	20.0087266	20.0189265	
17.6552	20	20.0014732	20.0087266	20.0189265	
17.66533	20	20.0014732	20.0087266	20.0189265	
17.67547	20	20.0014732	20.0087266	20.0189265	
17.6856	20	20.0014732	20.0087266	20.0189265	
17.69574	20	20.0014732	20.0087266	20.0189265	
17.70589	20	20.0014732	20.0087266	20.0189265	
17.71601	20	20.0014732	20.0087266	20.0189265	
17.72614	20	20.0014732	20.0087266	20.0189265	
17.73625	20	20.0014732	20.0087266	20.0189265	
17.74642	20	20.0014732	20.0087266	20.0189265	
17.75655	20	20.0014732	20.0087266	20.0189265	
17.7667	20	20.0014732	20.0087266	20.0189265	
17.77727	20	20.0014732	20.0087266	20.0189265	
17.787	20	20.0014732	20.0087266	20.0189265	
17.79712	20	20.0014732	20.0087266	20.0189265	
17.8073	20	20.0014732	20.0087266	20.0189265	
17.81734	20	20.0014732	20.0087266	20.0189265	
17.82753	20	20.0014732	20.0087266	20.0189265	
17.83763	20	20.0014732	20.0087266	20.0189265	
17.84781	20	20.0014732	20.0087266	20.0189265	
17.85791	20	20.0014732	20.0087266	20.0189265	
17.86834	20	20.0014732	20.0087266	20.0189265	
17.87819	20	20.0014732	20.0087266	20.0189265	
17.88828	20	20.0014732	20.0087266	20.0189265	
17.89842	20	20.0014732	20.0087266	20.0189265	
17.90853	20	20.0014732	20.0087266	20.0189265	
17.91865	20	20.0014732	20.0087266	20.0189265	
17.92884	20	20.0014732	20.0087266	20.0189265	
17.93892	20	20.0014732	20.0087266	20.0189265	
17.94912	20	20.0014732	20.0087266	20.0189265	
17.95929	20	20.0014732	20.0087266	20.0189265	
17.96931	20	20.0014732	20.0087266	20.0189265	
17.97981	20	20.0014732	20.0087266	20.0189265	
17.98961	20	20.0014732	20.0087266	20.0189265	
17.99975	20	20.0014732	20.0087266	20.0189265	
18.00987	20	20.0014732	20.0087266	20.0189265	
18.02001	20	20.0014732	20.0087266	20.0189265	
18.03019	20	20.0014732	20.0087266	20.0189265	
18.0403	20	20.0014732	20.0087266	20.0189265	
18.05038	20	20.0014732	20.0087266	20.0189265	
18.06848	20	20.0014732	20.0087266	20.0189265	
18.07288	20	20.0014732	20.0087266	20.0189265	
18.08298	20	20.0014732	20.0087266	20.0189265	
18.09315	20	20.0014732	20.0087266	20.0189265	
18.10329	20	20.0014732	20.0087266	20.0189265	
18.11342	20	20.0014732	20.0087266	20.0189265	
18.12354	20	20.0014732	20.0087266	20.0189265	
18.13369	20	20.0014732	20.0087266	20.0189265	
18.14383	20	20.0014732	20.0087266	20.0189265	
18.15397	20	20.0014732	20.0087266	20.0189265	
18.16413	20	20.0014732	20.0087266	20.0189265	
18.1743	20	20.0014732	20.0087266	20.0189265	
18.1844	20	20.0014732	20.0087266	20.0189265	
18.19455	20	20.0014732	20.0087266	20.0189265	
18.20468	20	20.0014732	20.0087266	20.0189265	
18.21479	20	20.0014732	20.0087266	20.0189265	
18.22529	20	20.0014732	20.0087266	20.0189265	
18.23538	20	20.0014732	20.0087266	20.0189265	
18.24552	20	20.0014732	20.0087266	20.0189265	
18.25562	20	20.0014732	20.0087266	20.0189265	
18.26577	20	20.0014732	20.0087266	20.0189265	
18.2759	20	20.0014732	20.0087266	20.0189265	
18.28607	20	20.0014732	20.0087266	20.0189265	
18.29619	20	20.0014732	20.0087266	20.0189265	
18.30631	20	20.0014732	20.0087266	20.0189265	
18.31646	20	20.0014732	20.0087266	20.0189265	
18.32658	20	20.0014732	20.0087266	20.0189265	
18.33681	20	20.0014732	20.0087266	20.0189265	
18.3469	20	20.0014732	20.0087266	20.0189265	
18.357	20	20.0014732	20.0087266	20.0189265	
18.36716	20	20.0014732	20.0087266	20.0189265	
18.37728	20	20.0014732	20.0087266	20.0189265	
18.3874	20	20.0014732	20.0087266	20.0189265	
18.39752	20	20.0014732	20.0087266	20.0189265	
18.40768	20	20.0014732	20.0087266	20.0189265	
18.41782	20	20.0014732	20.0087266	20.0189265	
18.42792	20	20.0014732	20.0087266	20.0189265	
18.4381	20	20.0014732	20.0087266	20.0189265	
18.44832	20	20.0014732	20.0087266	20.0189265	
18.45843	20	20.0014732	20.0087266	20.0189265	
18.46855	20	20.0014732	20.0087266	20.0189265	
18.47869	20	20.0014732	20.0087266	20.0189265	
18.48888	20	20.0014732	20.0087266	20.0189265	
18.49899	20	20.0014732	20.0087266	20.0189265	
18.50914	20	20.0014732	20.0087266	20.0189265	
18.51929	20	20.0014732	20.0087266	20.0189265	
18.52934	20	20.0014732	20.0087266	20.0189265	
18.53947	20	20.0014732	20.0087266	20.0189265	
18.5496	20	20.0014732	20.0087266	20.0189265	
18.55974	20	20.0014732	20.0087266	20.0189265	
18.56984	20	20.0014732	20.0087266	20.0189265	
18.57997	20	20.0014732	20.0087266	20.0189265	
18.59013	20	20.0014732	20.0087266	20.0189265	
18.60023	20	20.0014732	20.0087266	20.0189265	
18.61041	20	20.0014732	20.0087266	20.0189265	
18.62058	20	20.0014732	20.0087266	20.0189265	
18.63069	20	20.0014732	20.0087266	20.0189265	
18.64123	20	20.0014732	20.0087266	20.0189265	
18.65122	20	20.0014732	20.0087266	20.0189265	
18.66141	20	20.0014732	20.0087266	20.0189265	
18.67158	20	20.0014732	20.0087266	20.0189265	
18.68166	20	20.0014732	20.0087266	20.0189265	
18.69184	20	20.0014732	20.0087266	20.0189265	
18.70258	20	20.0014732	20.0087266	20.0189265	
18.7121	20	20.0014732	20.0087266	20.0189265	
18.72237	20	20.0014732	20.0087266	20.0189265	
18.73237	20	20.0014732	20.0087266	20.0189265	
18.7425	20	20.0014732	20.0087266	20.0189265	
18.75265	20	20.0014732	20.0087266	20.0189265	
18.76278	20	20.0014732	20.0087266	20.0189265	
18.77293	20	20.0014732	20.0087266	20.0189265	
18.78308	20	20.0014732	20.0087266	20.0189265	
18.79318	20	20.0014732	20.0087266	20.0189265	
18.81974	20	20.0014732	20.0087266	20.0189265	
18.82442	20	20.0014732	20.0087266	20.0189265	
