22.6988	450.662794	450.661466	322.957053	322.955725	
22.70863	450.66438	450.661466	322.958638	322.955725	
22.71872	450.666628	450.661466	322.960886	322.955725	
22.7289	450.669515	450.661466	322.963774	322.955725	
22.73906	450.673022	450.670193	322.967281	322.955725	
22.74964	450.677355	450.670193	322.971614	322.955725	
22.75952	450.681969	450.678919	322.976227	322.964451	
22.76965	450.68732	450.678919	322.981579	322.964451	
22.77978	450.693283	450.687646	322.987542	322.973178	
22.78991	450.699867	450.696373	322.994126	322.973178	
22.80026	450.707249	450.696373	323.001508	322.981905	
22.81039	450.715076	450.705099	323.009335	322.990631	
22.82053	450.723526	450.705099	323.017784	322.990631	
22.83066	450.732587	450.713826	323.026845	322.990631	
22.84077	450.742245	450.713826	323.036504	322.999358	
22.85097	450.752611	450.713826	323.04687	323.008085	
22.86112	450.763554	450.713826	323.057813	323.016811	
22.87121	450.775029	450.722553	323.069288	323.025538	
22.88136	450.787194	450.722553	323.081453	323.025538	
22.89162	450.80014	450.731279	323.094399	323.034265	
22.90176	450.813526	450.731279	323.107785	323.042991	
22.91188	450.827508	450.731279	323.121767	323.051718	
22.92198	450.842063	450.731279	323.136321	323.060445	
22.93216	450.857376	450.731279	323.151635	323.060445	
22.94223	450.873122	450.731279	323.167381	323.077898	
22.95241	450.88966	450.740006	323.183919	323.086624	
22.96263	450.906903	450.740006	323.201162	323.095351	
22.97267	450.924426	450.748733	323.218685	323.104078	
22.98287	450.942887	450.748733	323.237146	323.121531	
22.99292	450.961641	450.757459	323.255899	323.130258	
23.00317	450.98145	450.766186	323.275708	323.147711	
23.01326	451.001508	450.774913	323.295766	323.165164	
23.02343	451.02236	450.783639	323.316618	323.182618	
23.03354	451.043701	450.801092	323.33796	323.200071	
23.04367	451.065704	450.809819	323.359962	323.226251	
23.05386	451.088484	450.827272	323.382743	323.243704	
23.06398	451.1117	450.835999	323.405959	323.269884	
23.0741	451.135531	450.853452	323.429789	323.287337	
23.08427	451.160096	450.879632	323.454355	323.304791	
23.09437	451.185119	450.897086	323.479378	323.330971	
23.10453	451.2109	450.923266	323.505159	323.357151	
23.1147	451.237338	450.940719	323.531596	323.374604	
23.1249	451.264476	450.966899	323.558734	323.40951	
23.13513	451.29232	450.993079	323.586579	323.426964	
23.14524	451.32041	451.019259	323.614669	323.453144	
23.15557	451.349811	451.045439	323.64407	323.479324	
23.16561	451.378951	451.071619	323.673209	323.51423	
23.17561	451.408606	451.106525	323.702864	323.54041	
23.19519	451.469525	451.158885	323.763783	323.59277	
23.19958	451.483071	451.176338	323.77733	323.610223	
23.20976	451.515337	451.211245	323.809595	323.636403	
23.21984	451.547889	451.246151	323.842147	323.662583	
23.23	451.581311	451.281058	323.875569	323.69749	
23.24013	451.615262	451.315965	323.909521	323.72367	
23.25025	451.64978	451.359598	323.944039	323.758576	
23.26046	451.685237	451.394504	323.979495	323.793483	
23.27061	451.721119	451.429411	324.015378	323.828389	
23.28076	451.757605	451.473044	324.051864	323.854569	
23.29088	451.794608	451.507951	324.088867	323.889476	
23.30099	451.832173	451.551584	324.126431	323.924383	
23.31126	451.870985	451.595217	324.165244	323.959289	
23.32135	451.909726	451.630124	324.203985	323.994196	
23.33149	451.949251	451.673757	324.243509	324.029102	
23.34167	451.989594	451.71739	324.283853	324.072736	
23.35172	452.029984	451.761024	324.324243	324.107642	
23.3619	452.071518	451.804657	324.365777	324.142549	
23.37213	452.11394	451.84829	324.408199	324.177455	
23.38222	452.156342	451.891923	324.450601	324.212362	
23.39233	452.199459	451.935557	324.493718	324.255995	
23.40362	452.248427	451.987916	324.542685	324.299628	
23.41277	452.288542	452.022823	324.582801	324.343262	
23.42275	452.332891	452.075183	324.62715	324.386895	
23.43287	452.378485	452.118816	324.672744	324.421801	
23.44303	452.424903	452.162449	324.719162	324.474161	
23.45312	452.47162	452.214809	324.765878	324.517794	
23.46329	452.51932	452.267169	324.813578	324.561428	
23.47342	452.567442	452.310802	324.861701	324.605061	
23.48355	452.616239	452.354436	324.910497	324.648694	
23.49373	452.665811	452.406795	324.96007	324.692327	
23.50485	452.720792	452.450429	325.015051	324.735961	
23.51395	452.766211	452.502789	325.06047	324.788321	
23.52418	452.817912	452.555148	325.112171	324.84068	
23.53432	452.869787	452.607508	325.164046	324.884314	
23.54441	452.922031	452.651142	325.21629	324.936673	
23.55453	452.975036	452.712228	325.269294	324.980307	
23.56465	453.028617	452.755861	325.322876	325.041393	
23.57503	453.084344	452.808221	325.378603	325.085026	
23.58492	453.137897	452.860581	325.432156	325.137386	
23.59505	453.193417	452.912941	325.487676	325.189746	
23.60613	453.254951	452.965301	325.54921	325.250833	
23.61567	453.308379	453.026387	325.602637	325.294466	
23.62549	453.363944	453.070021	325.658203	325.355553	
23.63559	453.421767	453.131107	325.716025	325.407912	
23.64578	453.480742	453.183467	325.775001	325.468999	
23.65585	453.5396	453.235827	325.833858	325.521359	
23.66598	453.599413	453.288187	325.893671	325.573719	
23.6765	453.662254	453.349273	325.956512	325.643532	
23.68655	453.722844	453.401633	326.017103	325.695892	
23.69677	453.785092	453.453993	326.07935	325.748252	
23.70738	453.85044	453.515079	326.144699	325.809338	
23.71718	453.911298	453.567439	326.205557	325.870425	
23.72717	453.97396	453.628526	326.268218	325.922785	
23.73725	454.037804	453.680886	326.332063	325.983871	
23.74741	454.102739	453.741972	326.396997	326.044958	
23.75762	454.168671	453.803059	326.46293	326.097317	
23.77626	454.291622	453.864145	326.585881	326.158404	
23.78156	454.326484	453.942685	326.620743	326.236944	
23.79161	454.39345	454.012498	326.687708	326.29803	
23.80178	454.461764	454.073585	326.756023	326.35039	
23.81273	454.536169	454.143398	326.830427	326.411477	
23.82479	454.618947	454.221938	326.913205	326.48129	
23.83495	454.68925	454.291751	326.983508	326.551103	
23.8452	454.760872	454.352838	327.055131	326.603463	
23.86358	454.891692	454.422651	327.185951	326.664549	
23.86875	454.928363	454.509917	327.222621	326.743089	
23.87899	455.001978	454.571004	327.296237	326.795449	
23.89713	455.134721	454.71063	327.42898	326.900169	
23.90229	455.172408	454.745537	327.466667	326.935075	
23.91707	455.282132	454.850256	327.57639	327.022342	
23.92729	455.358604	454.92007	327.652862	327.083428	
23.93738	455.434575	454.989883	327.728834	327.144515	
23.94771	455.513071	455.059696	327.80733	327.205602	
23.95825	455.593805	455.138236	327.888063	327.266688	
23.96795	455.668713	455.216776	327.962971	327.319048	
23.97871	455.752428	455.286589	328.046687	327.388861	
23.98832	455.827791	455.356402	328.12205	327.441221	
23.99846	455.907958	455.443668	328.202217	327.502307	
24.00856	455.988284	455.513481	328.282543	327.563394	
24.01878	456.070308	455.592021	328.364566	327.633207	
24.02898	456.152754	455.670561	328.447013	327.685567	
24.04709	456.301521	455.801461	328.59578	327.799013	
24.05228	456.344152	455.845094	328.638411	327.83392	
24.06248	456.42869	455.923634	328.722948	327.895007	
24.07286	456.515346	456.002174	328.809605	327.947366	
24.08328	456.602955	456.080713	328.897214	328.01718	
24.09291	456.684529	456.159253	328.978788	328.078266	
24.10317	456.771986	456.237793	329.066244	328.139353	
24.11352	456.860959	456.316333	329.155217	328.191713	
24.12336	456.946133	456.403599	329.240392	328.261526	
24.13442	457.042513	456.482139	329.336772	328.313886	
24.14393	457.125919	456.560679	329.420177	328.383699	
24.1538	457.213113	456.639219	329.507372	328.436059	
24.16424	457.305969	456.717759	329.600228	328.497145	
24.17441	457.397053	456.805025	329.691312	328.558232	
24.18684	457.509464	456.892292	329.803723	328.619318	
24.19435	457.57747	456.970831	329.871729	328.680405	
24.20456	457.670788	457.049371	329.965046	328.750218	
24.21468	457.763914	457.136638	330.058172	328.811304	
24.22495	457.859095	457.223904	330.153353	328.872391	
24.23513	457.954232	457.311171	330.24849	328.924751	
24.24559	458.052069	457.398437	330.346328	328.994564	
24.25541	458.144808	457.485704	330.439067	329.055651	
24.26557	458.241378	457.57297	330.535637	329.116737	
24.27567	458.337988	457.668963	330.632247	329.177824	
24.28627	458.44009	457.75623	330.734349	329.23891	
24.29603	458.534553	457.852223	330.828812	329.299997	
24.31427	458.713767	457.939489	331.008026	329.361083	
24.31999	458.769833	458.061662	331.064091	329.44835	
24.32979	458.866717	458.148929	331.160976	329.509436	
24.33995	458.967852	458.244922	331.26211	329.570523	
24.35038	459.072385	458.340915	331.366644	329.622883	
24.36028	459.172012	458.436908	331.46627	329.692696	
24.3704	459.274536	458.532901	331.568794	329.753782	
24.38088	459.381408	458.628894	331.675667	329.814869	
24.39073	459.48241	458.724887	331.776669	329.875955	
24.40112	459.589614	458.82088	331.883873	329.937042	
24.41102	459.692723	458.9256	331.986981	329.998128	
24.42274	459.81486	459.021593	332.109118	330.059215	
24.43949	459.99184	459.204853	332.286099	330.172661	
24.44468	460.046634	459.248486	332.340893	330.198841	
24.45486	460.15499	459.353206	332.449249	330.268654	
24.47311	460.351585	459.457926	332.645843	330.321014	
24.47851	460.409685	459.588825	332.703943	330.408281	
24.4885	460.517998	459.693545	332.812256	330.469367	
24.49861	460.628173	459.798265	332.922432	330.530454	
24.50882	460.740156	459.902985	333.034414	330.59154	
24.51892	460.851586	460.007704	333.145844	330.652627	
24.53758	461.059815	460.190964	333.354074	330.766073	
24.54278	461.117718	460.25205	333.411977	330.792253	
24.55297	461.232226	460.35677	333.526485	330.85334	
24.56311	461.346641	460.470217	333.6409	330.914426	
24.57356	461.465369	460.574936	333.759628	330.975513	
24.58341	461.577724	460.679656	333.871983	331.036599	
24.59359	461.694557	460.793102	333.988816	331.097686	
24.60377	461.811931	460.906549	334.10619	331.158772	
24.61392	461.929599	461.019995	334.223858	331.219859	
24.62543	462.064548	461.133442	334.358806	331.272219	
24.63422	462.16686	461.238161	334.461119	331.333305	
24.64441	462.286929	461.360334	334.581187	331.394392	
24.65484	462.410317	461.482508	334.704576	331.455478	
24.66471	462.527786	461.587227	334.822044	331.507838	
24.67481	462.64861	461.7094	334.942869	331.577651	
24.68501	462.771174	461.831573	335.065432	331.630011	
24.69546	462.896622	461.94502	335.19088	331.691098	
24.70539	463.01571	462.058466	335.309968	331.752184	
24.7154	463.135782	462.180639	335.43004	331.813271	
24.727	463.275102	462.302812	335.56936	331.874357	
24.73577	463.38021	462.424985	335.674468	331.935444	
24.74616	463.504986	462.538432	335.799244	331.99653	
24.75611	463.624398	462.669331	335.918656	332.057617	
24.76651	463.749186	462.791504	336.043444	332.118703	
24.77675	463.872114	462.913678	336.166372	332.171063	
24.78659	463.990098	463.035851	336.284356	332.240876	
24.80497	464.210742	463.158024	336.505	332.301963	
24.8102	464.273418	463.32383	336.567676	332.380503	
24.82974	464.507922	463.559449	336.80218	332.502676	
24.83496	464.57061	463.620536	336.864868	332.528856	
24.84514	464.69271	463.751436	336.986968	332.589942	
24.85559	464.818206	463.873609	337.112464	332.659755	
24.8655	464.937042	463.995782	337.2313	332.720842	
24.87586	465.061434	464.126681	337.355692	332.781928	
24.88604	465.183594	464.248854	337.477852	332.834288	
24.89592	465.302154	464.371027	337.596412	332.904102	
24.9061	465.424314	464.501927	337.718572	332.965188	
24.92438	465.643662	464.6241	337.93792	333.026275	
24.93119	465.725274	464.816086	338.019532	333.113541	
24.94135	465.847218	464.938259	338.141476	333.183354	
24.95182	465.972966	465.060432	338.267224	333.235714	
24.96166	466.090974	465.182606	338.385232	333.296801	
24.9718	466.212666	465.313505	338.506924	333.357887	
24.98234	466.339146	465.435678	338.633404	333.4277	
24.99244	466.460406	465.557851	338.754664	333.48006	
25.00233	466.579026	465.680024	338.873284	333.541147	
25.0125	466.700994	465.810924	338.995252	333.602233	
25.03084	466.921182	465.92437	339.21544	333.672046	
25.03651	466.989222	466.090177	339.28348	333.750586	
25.04627	467.10627	466.21235	339.400528	333.811673	
25.05635	467.227242	466.334523	339.5215	333.872759	
25.06648	467.348742	466.465423	339.643	333.933846	
25.07687	467.473494	466.578869	339.767752	333.994932	
25.08679	467.592438	466.709769	339.886696	334.056019	
25.09701	467.715138	466.823215	340.009396	334.117105	
25.10732	467.838882	466.954115	340.13314	334.178192	
25.1174	467.959806	467.067561	340.254064	334.239278	
25.12739	468.079734	467.189734	340.373992	334.300365	
25.13764	468.202662	467.311907	340.49692	334.361451	
25.14773	468.323814	467.43408	340.618072	334.422538	
25.15798	468.44679	467.556253	340.741048	334.483624	
25.16802	468.56721	467.687153	340.861468	334.544711	
25.17842	468.692106	467.800599	340.986364	334.605798	
25.1905	468.837078	467.931499	341.131336	334.666884	
25.19848	468.93279	468.053672	341.227048	334.719244	
25.20865	469.05483	468.175845	341.349088	334.789057	
25.21883	469.176978	468.298018	341.471236	334.850144	
25.22921	469.301586	468.420191	341.595844	334.902504	
25.23938	469.423662	468.551091	341.71792	334.96359	
25.24935	469.543206	468.673264	341.837464	335.024677	
25.25955	469.66557	468.78671	341.959828	335.085763	
25.26975	469.787994	468.91761	342.082252	335.14685	
25.27984	469.909086	469.039783	342.203344	335.207936	
25.29033	470.034966	469.161956	342.329224	335.269023	
25.30055	470.157594	469.275403	342.451852	335.330109	
25.31039	470.275806	469.406302	342.570064	335.382469	
25.32059	470.398098	469.519749	342.692356	335.452282	
25.33067	470.519082	469.641922	342.81334	335.504642	
25.34089	470.641722	469.764095	342.93598	335.565729	
25.35126	470.766162	469.894995	343.06042	335.626815	
25.3615	470.889042	470.008441	343.1833	335.687902	
25.37133	471.007062	470.130614	343.30132	335.748988	
25.38184	471.133134	470.252787	343.427392	335.801348	
25.39163	471.25071	470.37496	343.544968	335.871161	
25.40212	471.376542	470.488406	343.6708	335.923521	
25.41227	471.498318	470.619306	343.792576	335.984608	
25.42214	471.616722	470.741479	343.91098	336.045694	
25.43255	471.741642	470.854926	344.0359	336.098054	
25.44241	471.859998	470.977099	344.154256	336.159141	
25.45257	471.98181	471.099272	344.276068	336.220227	
25.46276	472.104162	471.221445	344.39842	336.281314	
25.47291	472.225962	471.343618	344.52022	336.3424	
25.48305	472.347618	471.465791	344.641876	336.39476	
25.49323	472.469718	471.587964	344.763976	336.455847	
25.50363	472.59465	471.710137	344.888908	336.516933	
25.5138	472.716702	471.823583	345.01096	336.57802	
25.52375	472.83609	471.945756	345.130348	336.639106	
25.53399	472.958946	472.067929	345.253204	336.700193	
25.54446	473.084562	472.190102	345.37882	336.761279	
25.55442	473.204094	472.303549	345.498352	336.813639	
25.57253	473.421426	472.425722	345.715684	336.883452	
25.57821	473.489526	472.582802	345.783784	336.953265	
25.58798	473.606886	472.704975	345.901144	337.023079	
25.59844	473.732346	472.827148	346.026604	337.075438	
25.60819	473.849346	472.940594	346.143604	337.136525	
25.61833	473.971062	473.071494	346.26532	337.197611	
25.62888	474.097614	473.18494	346.391872	337.258698	
25.63921	474.22155	473.307113	346.515808	337.319785	
25.64876	474.336174	473.42056	346.630432	337.372144	
25.65897	474.458742	473.542733	346.753	337.441958	
25.67701	474.67521	473.760899	346.969468	337.546677	
25.68221	474.737562	473.821985	347.03182	337.572857	
25.69243	474.860226	473.944158	347.154484	337.633944	
25.70288	474.985554	474.066331	347.279812	337.69503	
25.7127	475.103406	474.188504	347.397664	337.756117	
25.72325	475.230054	474.310678	347.524312	337.817203	
25.73303	475.347438	474.432851	347.641696	337.87829	
25.74347	475.472754	474.555024	347.767012	337.93065	
25.7536	475.594254	474.677197	347.888512	338.000463	
25.76376	475.716174	474.79937	348.010432	338.052823	
25.77426	475.842126	474.921543	348.136384	338.113909	
25.78406	475.959678	475.043716	348.253936	338.174996	
25.79427	476.082198	475.165889	348.376456	338.236082	
25.80468	476.207202	475.288062	348.50146	338.297169	
25.81475	476.328078	475.410235	348.622336	338.349529	
25.83289	476.545806	475.532408	348.840064	338.410615	
25.83814	476.608686	475.689488	348.902944	338.489155	
25.84853	476.73345	475.820387	349.027708	338.550242	
25.86654	476.949618	475.933834	349.243876	338.611328	
25.87175	477.011958	476.108367	349.306216	338.689868	
25.88195	477.134478	476.23054	349.428736	338.750955	
25.89255	477.261738	476.352713	349.555996	338.803314	
25.90226	477.378198	476.474886	349.672456	338.873128	
25.92302	477.627282	476.727959	349.92154	338.986574	
25.92851	477.693186	476.789045	349.987444	339.021481	
25.93846	477.812538	476.919945	350.106796	339.082567	
25.94936	477.943422	477.050844	350.23768	339.143654	
25.9596	478.06623	477.173017	350.360488	339.20474	
25.96933	478.183038	477.295191	350.477296	339.2571	
25.97997	478.310658	477.417364	350.604916	339.318187	
25.99025	478.434042	477.539537	350.7283	339.379273	
26.00008	478.55205	477.670436	350.846308	339.44036	
26.01051	478.677246	477.792609	350.971504	339.501446	
26.02039	478.795638	477.914782	351.089896	339.562533	
26.03048	478.916754	478.028229	351.211012	339.614892	
26.04061	479.038338	478.159129	351.332596	339.675979	
26.05079	479.160438	478.281302	351.454696	339.737066	
26.06092	479.282058	478.403475	351.576316	339.798152	
26.0711	479.40417	478.525648	351.698428	339.859239	
26.08122	479.52567	478.647821	351.819928	339.920325	
26.09142	479.64801	478.769994	351.942268	339.981412	
26.10982	479.86887	478.98816	352.163128	340.086131	
26.115	479.931042	479.057973	352.2253	340.121038	
26.12532	480.057762	479.180146	352.35202	340.173398	
26.13544	480.176382	479.293593	352.47064	340.234484	
26.14661	480.310434	479.424492	352.604692	340.295571	
26.15599	480.42291	479.546665	352.717168	340.356657	
26.16625	480.546114	479.660112	352.840372	340.417744	
26.1761	480.664302	479.782285	352.95856	340.47883	
26.18623	480.785862	479.904458	353.08012	340.539917	
26.19635	480.907278	480.026631	353.201536	340.592277	
26.20653	481.029498	480.148804	353.323756	340.653363	
26.21662	481.150506	480.270977	353.444764	340.71445	
26.2271	481.276302	480.401877	353.57056	340.775536	
26.2373	481.39869	480.515323	353.692948	340.827896	
26.24814	481.528782	480.646223	353.82304	340.888983	
26.25795	481.646502	480.768396	353.94076	340.950069	
26.26798	481.766766	480.890569	354.061024	341.002429	
26.27825	481.89009	481.012742	354.184348	341.063516	
26.28802	482.007234	481.134915	354.301492	341.124602	
26.29819	482.129406	481.257088	354.423664	341.176962	
26.30843	482.252166	481.379261	354.546424	341.246775	
26.31881	482.37675	481.501434	354.671008	341.299135	
26.32872	482.495742	481.623607	354.79	341.351495	
26.33887	482.61753	481.74578	354.911788	341.412582	
26.34943	482.744274	481.867953	355.038532	341.473668	
26.3593	482.86257	481.990126	355.156828	341.526028	
26.3693	482.982558	482.112299	355.276816	341.595841	
26.37997	483.110742	482.234472	355.405	341.648201	
26.39013	483.232686	482.356645	355.526944	341.700561	
26.4	483.351078	482.478818	355.645336	341.770374	
26.41009	483.472218	482.600991	355.766476	341.822734	
26.42044	483.596382	482.723165	355.89064	341.875094	
26.43043	483.716274	482.845338	356.010532	341.93618	
26.44057	483.83787	482.967511	356.132128	341.997267	
26.45189	483.973698	483.107137	356.267956	342.058353	
26.46207	484.095822	483.22931	356.39008	342.11944	
26.47251	484.221198	483.351483	356.515456	342.1718	
26.48232	484.338834	483.473656	356.633092	342.22416	
26.49259	484.462218	483.595829	356.756476	342.293973	
26.50297	484.586742	483.718002	356.881	342.346333	
26.51286	484.70535	483.848902	356.999608	342.398693	
26.52302	484.82727	483.962348	357.121528	342.459779	
26.53354	484.953522	484.093248	357.24778	342.520866	
26.54366	485.074878	484.215421	357.369136	342.573226	
26.55385	485.197302	484.337594	357.49156	342.634312	
26.5643	485.322582	484.468494	357.61684	342.695399	
26.57442	485.444046	484.590667	357.738304	342.747759	
26.58458	485.565942	484.704113	357.8602	342.808845	
26.59475	485.688042	484.835013	357.9823	342.861205	
26.60521	485.813502	484.957186	358.10776	342.922291	
26.61555	485.937618	485.079359	358.231876	342.983378	
26.62551	486.05715	485.201532	358.351408	343.035738	
26.63564	486.17871	485.323705	358.472968	343.096824	
26.64613	486.304626	485.437152	358.598884	343.157911	
26.65625	486.426078	485.559325	358.720336	343.210271	
26.66625	486.546018	485.681498	358.840276	343.271357	
26.67666	486.671022	485.803671	358.96528	343.332444	
26.6869	486.793866	485.917117	359.088124	343.384804	
26.69664	486.910674	486.03929	359.204932	343.44589	
26.70686	487.033326	486.161463	359.327584	343.506977	
26.71693	487.154226	486.283636	359.448484	343.559337	
26.72712	487.276542	486.405809	359.5708	343.620423	
26.74593	487.502298	486.527982	359.796556	343.68151	
26.7525	487.58109	486.693789	359.875348	343.760049	
26.76171	487.69161	486.815962	359.985868	343.812409	
26.77176	487.812222	486.946861	360.10648	343.873496	
26.78985	488.029278	487.069034	360.323536	343.934582	
26.79504	488.091486	487.226114	360.385744	344.004396	
26.8052	488.213454	487.348287	360.507712	344.074209	
26.81535	488.335278	487.47046	360.629536	344.126569	
26.82548	488.456778	487.592633	360.751036	344.187655	
26.8356	488.57829	487.714806	360.872548	344.248742	
26.84588	488.701686	487.836979	360.995944	344.309828	
26.85723	488.837922	487.976606	361.13218	344.370915	
26.86763	488.962686	488.098779	361.256944	344.432001	
26.87795	489.086466	488.220952	361.380724	344.493088	
26.88858	489.214038	488.343125	361.508296	344.554174	
26.89782	489.324858	488.465298	361.619116	344.615261	
26.90803	489.447414	488.587471	361.741672	344.676347	
26.91814	489.568758	488.709644	361.863016	344.737434	
26.92859	489.694098	488.82309	361.988356	344.79852	
26.94659	489.910158	488.945263	362.204416	344.859607	
26.95209	489.976206	489.11107	362.270464	344.938147	
26.96202	490.095282	489.233243	362.38954	344.999233	
26.97217	490.217118	489.355416	362.511376	345.06032	
26.98232	490.338846	489.477589	362.633104	345.121406	
26.99278	490.464498	489.599762	362.758756	345.182493	
27.00266	490.583046	489.721935	362.877304	345.243579	
27.01311	490.708338	489.844108	363.002596	345.295939	
27.03111	490.924422	489.966281	363.21868	345.365752	
27.03674	490.991994	490.123361	363.286252	345.435566	
27.04651	491.10921	490.245534	363.403468	345.505379	
27.05722	491.237658	490.376433	363.531916	345.557739	
27.06678	491.352342	490.48988	363.6466	345.618825	
27.07695	491.474394	490.612053	363.768652	345.679912	
27.08709	491.596098	490.734226	363.890356	345.740998	
27.0973	491.718594	490.856399	364.012852	345.802085	
27.10783	491.845002	490.978572	364.13926	345.863171	
27.11779	491.96457	491.100745	364.258828	345.924258	
27.12778	492.084426	491.222918	364.378684	345.985344	
27.13847	492.212766	491.345091	364.507024	346.046431	
27.14835	492.331278	491.467264	364.625536	346.107517	
27.15971	492.467574	491.589437	364.761832	346.168604	
27.16862	492.574506	491.71161	364.868764	346.22969	
27.17877	492.696318	491.833783	364.990576	346.290777	
27.19725	492.918066	491.955956	365.212324	346.351863	
27.20241	492.979986	492.113036	365.274244	346.43913	
27.21268	493.103214	492.235209	365.397472	346.500216	
27.22275	493.223982	492.357382	365.51824	346.552576	
27.23311	493.34841	492.479555	365.642668	346.622389	
27.24325	493.470042	492.601728	365.7643	346.683476	
27.25348	493.592814	492.723901	365.887072	346.744562	
27.26369	493.715406	492.854801	366.009664	346.796922	
27.27375	493.83603	492.968247	366.130288	346.866736	
27.28387	493.95747	493.099147	366.251728	346.927822	
27.29446	494.084538	493.212593	366.378796	346.988909	
27.30422	494.201742	493.343493	366.496	347.041268	
27.31461	494.32635	493.456939	366.620608	347.102355	
27.3246	494.446194	493.587839	366.740452	347.163442	
27.33468	494.567238	493.710012	366.861496	347.224528	
27.34515	494.692842	493.832185	366.9871	347.285615	
27.35503	494.811474	493.954358	367.105732	347.346701	
27.36535	494.93523	494.076531	367.229488	347.407788	
27.37571	495.05949	494.207431	367.353748	347.460147	
27.38611	495.184434	494.329604	367.478692	347.529961	
27.39599	495.302958	494.451777	367.597216	347.582321	
27.40637	495.427494	494.57395	367.721752	347.643407	
27.41669	495.551334	494.696123	367.845592	347.704494	
27.42646	495.66861	494.818296	367.962868	347.76558	
27.43694	495.794358	494.940469	368.088616	347.826667	
27.44695	495.914454	495.062642	368.208712	347.887753	
27.45688	496.033602	495.184815	368.32786	347.94884	
27.46708	496.155954	495.306988	368.450212	348.009926	
27.47721	496.27749	495.429161	368.571748	348.071013	
27.48743	496.40025	495.551335	368.694508	348.123373	
27.4976	496.522194	495.673508	368.816452	348.184459	
27.50773	496.643802	495.795681	368.93806	348.245546	
27.51792	496.76601	495.917854	369.060268	348.306632	
27.528	496.88703	496.040027	369.181288	348.367719	
27.53874	497.01597	496.170926	369.310228	348.420079	
27.54848	497.132862	496.284373	369.42712	348.481165	
27.5585	497.253042	496.415272	369.5473	348.542252	
27.56869	497.375442	496.528719	369.6697	348.603338	
27.5788	497.496738	496.659619	369.790996	348.655698	
27.58915	497.62083	496.773065	369.915088	348.716785	
27.60703	497.83545	496.999958	370.129708	348.821504	
27.61219	497.897382	497.052318	370.19164	348.856411	
27.62241	498.019986	497.174491	370.314244	348.908771	
27.63277	498.144366	497.296664	370.438624	348.969857	
27.64269	498.263334	497.418837	370.557592	349.030944	
27.65322	498.389742	497.54101	370.684	349.09203	
27.66358	498.514122	497.663183	370.80838	349.14439	
27.67323	498.629754	497.785356	370.924012	349.205477	
27.68342	498.752058	497.907529	371.046316	349.266563	
27.6936	498.87417	498.029702	371.168428	349.318923	
27.70378	498.99645	498.151875	371.290708	349.38001	
27.71388	499.117602	498.274048	371.41186	349.441096	
27.72423	499.241766	498.404948	371.536024	349.502183	
27.73436	499.363362	498.518394	371.65762	349.554543	
27.74458	499.486026	498.640567	371.780284	349.624356	
27.75471	499.607574	498.76274	371.901832	349.676716	
27.76617	499.745082	498.884913	372.03934	349.737802	
27.77503	499.851378	499.007086	372.145636	349.798889	
27.79328	500.070462	499.233979	372.36472	349.903608	
27.79853	500.133378	499.286339	372.427636	349.938515	
27.80865	500.254818	499.417239	372.549076	349.999602	
27.81911	500.380446	499.539412	372.674704	350.051961	
27.82924	500.501874	499.670312	372.796132	350.113048	
27.83977	500.628282	499.792485	372.92254	350.182861	
27.85028	500.754486	499.914658	373.048744	350.235221	
27.86011	500.872458	500.036831	373.166716	350.296308	
27.8707	500.999562	500.159004	373.29382	350.357394	
27.88045	501.116394	500.27245	373.410652	350.418481	
27.89108	501.244134	500.40335	373.538392	350.479567	
27.90078	501.360438	500.525523	373.654696	350.540654	
27.92169	501.611298	500.769869	373.905556	350.662827	
27.92687	501.673494	500.839682	373.967752	350.697733	
27.93708	501.79605	500.961855	374.090308	350.75882	
27.9476	501.922266	501.084028	374.216524	350.81118	
27.95739	502.039746	501.206201	374.334004	350.880993	
27.96873	502.175814	501.328374	374.470072	350.942079	
27.97795	502.286478	501.450547	374.580736	351.003166	
27.98878	502.416474	501.57272	374.710732	351.055526	
27.99829	502.530534	501.694893	374.824792	351.125339	
28.00836	502.651374	501.817067	374.945632	351.186425	
28.01882	502.776906	501.93924	375.071164	351.247512	
28.03698	502.994802	502.070139	375.28906	351.299872	
28.04215	503.056854	502.235946	375.351112	351.387138	
28.05236	503.179434	502.358119	375.473692	351.439498	
28.06251	503.30115	502.480292	375.595408	351.509311	
28.07337	503.431554	502.611191	375.725812	351.570398	
28.08316	503.548938	502.733364	375.843196	351.631484	
28.0934	503.67183	502.855537	375.966088	351.683844	
28.10365	503.794842	502.986437	376.0891	351.753657	
28.11378	503.916426	503.10861	376.210684	351.806017	
28.12411	504.04041	503.230783	376.334668	351.867104	
28.13415	504.16089	503.352956	376.455148	351.92819	
28.14453	504.285414	503.475129	376.579672	351.998004	
28.15439	504.403794	503.588576	376.698052	352.05909	
28.16466	504.52695	503.719475	376.821208	352.120177	
28.18292	504.746106	503.832922	377.040364	352.172536	
28.18846	504.812598	503.998728	377.106856	352.259803	
28.19944	504.944322	504.129628	377.23858	352.329616	
28.20984	505.069074	504.251801	377.363332	352.390703	
28.21967	505.187094	504.373974	377.481352	352.451789	
28.22986	505.309314	504.48742	377.603572	352.521602	
28.24026	505.434246	504.61832	377.728504	352.573962	
28.25045	505.55643	504.731766	377.850688	352.626322	
28.26033	505.674966	504.853939	377.969224	352.678682	
28.27133	505.80705	504.976112	378.101308	352.731042	
28.28106	505.923834	505.089559	378.218092	352.783402	
28.29082	506.04087	505.211732	378.335128	352.844488	
28.30095	506.162442	505.333905	378.4567	352.905575	
28.31117	506.285118	505.456078	378.579376	352.966661	
28.32156	506.40981	505.569524	378.704068	353.027748	
28.33148	506.52885	505.691697	378.823108	353.088834	
28.34193	506.654274	505.813871	378.948532	353.149921	
28.3518	506.772594	505.936044	379.066852	353.219734	
28.36226	506.898174	506.058217	379.192432	353.272094	
28.37263	507.022698	506.18039	379.316956	353.33318	
28.38258	507.141966	506.302563	379.436224	353.394267	
28.39256	507.261726	506.424736	379.555984	353.455353	
28.40279	507.384546	506.546909	379.678804	353.51644	
28.41294	507.506334	506.669082	379.800592	353.577527	
28.42339	507.63171	506.791255	379.925968	353.638613	
28.43321	507.749526	506.913428	380.043784	353.6997	
28.44368	507.875238	507.035601	380.169496	353.760786	
28.46174	508.09197	507.166501	380.386228	353.821873	
28.4669	508.153866	507.332307	380.448124	353.900412	
28.47825	508.290078	507.463207	380.584336	353.970226	
28.48887	508.417506	507.594106	380.711764	354.022585	
28.49851	508.533246	507.716279	380.827504	354.092399	
28.50901	508.659138	507.838452	380.953396	354.136032	
28.51888	508.777638	507.960626	381.071896	354.188392	
28.52904	508.89957	508.082799	381.193828	354.232025	
28.54751	509.121198	508.309691	381.415456	354.336745	
28.55276	509.184114	508.362051	381.478372	354.362925	
28.56296	509.306586	508.492951	381.600844	354.424011	
28.58125	509.52609	508.615124	381.820348	354.476371	
28.58703	509.595474	508.78093	381.889732	354.563638	
28.59687	509.71347	508.903103	382.007728	354.615997	
28.60729	509.838558	509.025276	382.132816	354.677084	
28.61719	509.957358	509.147449	382.251616	354.73817	
28.62771	510.083586	509.269622	382.377844	354.79053	
28.63748	510.200838	509.391795	382.495096	354.860344	
28.6559	510.421938	509.513969	382.716196	354.912703	
28.6611	510.48417	509.688501	382.778428	354.991243	
28.67151	510.609114	509.801948	382.903372	355.05233	
28.68964	510.826782	509.932848	383.12104	355.10469	
28.69485	510.889218	510.089927	383.183476	355.191956	
28.70499	511.010934	510.2121	383.305192	355.244316	
28.71548	511.13679	510.334273	383.431048	355.305402	
28.7253	511.254714	510.456446	383.548972	355.366489	
28.73559	511.378158	510.587346	383.672416	355.427576	
28.74564	511.498722	510.700792	383.79298	355.488662	
28.7561	511.624278	510.831692	383.918536	355.549749	
28.76605	511.743714	510.953865	384.037972	355.610835	
28.77611	511.86435	511.076038	384.158608	355.663195	
28.78691	511.994034	511.198211	384.288292	355.733008	
28.79674	512.111958	511.329111	384.406216	355.794095	
28.80717	512.23713	511.451284	384.531388	355.855181	
28.82594	512.462442	511.573457	384.7567	355.907541	
28.83114	512.524686	511.74799	384.818944	355.994808	
28.84157	512.649954	511.870163	384.944212	356.038441	
28.85144	512.76879	511.992336	385.063048	356.090801	
28.86175	512.891994	512.114509	385.186252	356.143161	
28.87175	513.01197	512.236682	385.306228	356.19552	
28.88233	513.139086	512.350129	385.433344	356.256607	
28.89208	513.25605	512.472302	385.550308	356.317693	
28.90225	513.378018	512.594475	385.672276	356.37878	
28.91237	513.499422	512.716648	385.79368	356.43114	
28.92253	513.621378	512.830094	385.915636	356.492226	
28.93274	513.743874	512.960994	386.038132	356.553313	
28.94348	513.872898	513.07444	386.167156	356.614399	
28.95304	513.98751	513.196613	386.281768	356.675486	
28.96355	514.113666	513.318786	386.407924	356.736572	
28.97335	514.231218	513.440959	386.525476	356.797659	
28.9931	514.468338	513.676579	386.762596	356.911105	
28.99837	514.531458	513.737665	386.825716	356.946012	
29.00846	514.652526	513.859838	386.946784	357.007098	
29.01891	514.777974	513.982011	387.072232	357.059458	
29.02878	514.896426	514.104184	387.190684	357.129272	
29.03929	515.022522	514.226358	387.31678	357.181631	
29.04918	515.14113	514.357257	387.435388	357.242718	
29.05929	515.262534	514.47943	387.556792	357.303804	
29.06944	515.384358	514.61033	387.678616	357.373618	
29.07998	515.510862	514.732503	387.80512	357.434704	
29.08981	515.628798	514.854676	387.923056	357.495791	
29.09998	515.750874	514.976849	388.045132	357.548151	
29.11025	515.873994	515.099022	388.168252	357.617964	
29.12027	515.994258	515.221195	388.288516	357.67905	
29.13092	516.122046	515.343368	388.416304	357.740137	
29.14065	516.238854	515.474268	388.533112	357.792497	
29.15105	516.363654	515.596441	388.657912	357.86231	
29.16094	516.482262	515.718614	388.77652	357.923396	
29.17109	516.604146	515.840787	388.898404	357.984483	
29.18124	516.725862	515.96296	389.02012	358.045569	
29.19174	516.851934	516.085133	389.146192	358.106656	
29.2017	516.971574	516.216033	389.265832	358.176469	
29.2118	517.092618	516.338206	389.386876	358.237556	
29.22203	517.215414	516.460379	389.509672	358.298642	
29.23208	517.336002	516.573825	389.63026	358.359729	
29.24227	517.458234	516.704725	389.752492	358.412089	
29.25245	517.580382	516.818171	389.87464	358.455722	
29.27075	517.800126	516.931618	390.094384	358.516808	
29.27591	517.86195	517.088697	390.156208	358.586621	
29.28802	518.00739	517.210871	390.301648	358.647708	
29.2963	518.106678	517.333044	390.400936	358.700068	
29.30648	518.228838	517.455217	390.523096	358.769881	
29.31666	518.350962	517.568663	390.64522	358.830968	
29.32672	518.471694	517.690836	390.765952	358.892054	
29.33727	518.59833	517.813009	390.892588	358.953141	
29.347	518.715042	517.935182	391.0093	359.014227	
29.35746	518.84055	518.057355	391.134808	359.075314	
29.36733	518.95893	518.170802	391.253188	359.1364	
29.38658	519.190098	518.292975	391.484356	359.206213	
29.39197	519.254682	518.467508	391.54894	359.29348	
29.40197	519.374574	518.589681	391.668832	359.354566	
29.41209	519.49605	518.711854	391.790308	359.415653	
29.42231	519.618702	518.834027	391.91296	359.468013	
29.43238	519.739602	518.9562	392.03386	359.537826	
29.4426	519.862206	519.078373	392.156464	359.598912	
29.45283	519.984954	519.200546	392.279212	359.659999	
29.46299	520.107018	519.322719	392.401276	359.721085	
29.47307	520.227822	519.444892	392.52208	359.782172	
29.48358	520.354014	519.567065	392.648272	359.843259	
29.49343	520.472214	519.697965	392.766472	359.904345	
29.50372	520.595682	519.820138	392.88994	359.965432	
29.5138	520.716606	519.942311	393.010864	360.026518	
29.524	520.83903	520.064484	393.133288	360.096331	
29.53423	520.961826	520.186657	393.256084	360.148691	
29.54431	521.082678	520.30883	393.376936	360.218504	
29.5545	521.204994	520.431003	393.499252	360.270864	
29.56465	521.326806	520.553176	393.621064	360.323224	
29.5748	521.448702	520.675349	393.74296	360.375584	
29.58487	521.569458	520.788796	393.863716	360.427944	
29.59518	521.693166	520.919695	393.987424	360.480304	
29.60533	521.814978	521.041868	394.109236	360.54139	
29.61545	521.936394	521.164041	394.230652	360.602477	
29.62565	522.058842	521.286214	394.3531	360.663563	
29.63573	522.179862	521.408387	394.47412	360.72465	
29.64595	522.302382	521.521834	394.59664	360.785736	
29.65609	522.424086	521.652733	394.718344	360.846823	
29.6663	522.546642	521.76618	394.8409	360.899183	
29.67639	522.667734	521.888353	394.961992	360.968996	
29.68689	522.793722	522.010526	395.08798	361.030082	
29.70491	523.009998	522.132699	395.304256	361.082442	
29.71025	523.07409	522.289779	395.368348	361.169709	
29.72033	523.194942	522.411952	395.4892	361.230795	
29.73072	523.31967	522.534125	395.613928	361.283155	
29.7407	523.439382	522.656298	395.73364	361.344242	
29.75084	523.561098	522.778471	395.855356	361.405328	
29.76097	523.682694	522.900644	395.976952	361.466415	
29.77143	523.808142	523.022817	396.1024	361.527501	
29.78129	523.926438	523.14499	396.220696	361.597314	
29.79284	524.065254	523.267163	396.359512	361.658401	
29.80161	524.170302	523.389336	396.46456	361.719487	
29.8118	524.29263	523.511509	396.586888	361.771847	
29.82207	524.41587	523.633682	396.710128	361.841661	
29.83244	524.540334	523.755855	396.834592	361.902747	
29.8423	524.658618	523.878028	396.952876	361.963834	
29.86064	524.878746	524.000201	397.173004	362.016193	
29.86585	524.94117	524.166008	397.235428	362.10346	
29.87602	525.063366	524.288181	397.357624	362.164546	
29.88617	525.18507	524.41908	397.479328	362.225633	
29.89691	525.313986	524.541253	397.608244	362.295446	
29.90896	525.46059	524.663426	397.754848	362.347806	
29.92876	525.696162	524.933952	397.99042	362.487432	
29.93393	525.75819	524.995039	398.052448	362.513612	
29.94406	525.87975	525.117212	398.174008	362.574699	
29.95428	526.002354	525.248112	398.296612	362.635785	
29.9645	526.125006	525.361558	398.419264	362.696872	
29.97465	526.246866	525.483731	398.541124	362.740505	
29.98474	526.367934	525.605904	398.662192	362.784138	
29.9955	526.497138	525.728077	398.791396	362.845225	
30.00513	526.612614	525.85025	398.906872	362.906311	
30.01524	526.733862	525.972423	399.02812	362.958671	
30.02568	526.85919	526.094596	399.153448	363.028484	
30.03577	526.980246	526.216769	399.274504	363.089571	
30.046	527.103042	526.338943	399.3973	363.150657	
30.05604	527.223522	526.461116	399.51778	363.211744	
30.06636	527.347374	526.583289	399.641632	363.272831	
30.07645	527.468442	526.696735	399.7627	363.333917	
30.08699	527.594934	526.818908	399.889192	363.395004	
30.10585	527.821242	526.941081	400.1155	363.464817	
30.11105	527.883666	527.106887	400.177924	363.552083	
30.12114	528.004638	527.237787	400.298896	363.61317	
30.13139	528.127698	527.35996	400.421956	363.674256	
30.14156	528.24981	527.482133	400.544068	363.735343	
30.15178	528.372318	527.613033	400.666576	363.796429	
30.17004	528.591606	527.735206	400.885864	363.866242	
30.17525	528.654054	527.892286	400.948312	363.944782	
30.18562	528.777526	528.023185	401.071785	364.005869	
30.19668	528.908564	528.145358	401.202823	364.075682	
30.20608	529.019326	528.267531	401.313585	364.136768	
30.21586	529.133983	528.398431	401.428241	364.197855	
30.22601	529.252327	528.520604	401.546585	364.267668	
30.23618	529.370445	528.642777	401.664704	364.328755	
30.24638	529.488115	528.76495	401.782373	364.389841	
30.25684	529.608213	528.887123	401.902472	364.459654	
30.26664	529.72011	529.009296	402.014369	364.520741	
30.2771	529.838927	529.131469	402.133186	364.581827	
30.28696	529.950387	529.253642	402.244645	364.651641	
30.2979	530.073298	529.375815	402.367557	364.712727	
30.30722	530.177371	529.497988	402.47163	364.773814	
30.31738	530.290305	529.620162	402.584563	364.843627	
30.32763	530.403617	529.733608	402.697876	364.91344	
30.33815	530.519309	529.855781	402.813568	364.974527	
30.34785	530.625404	529.977954	402.919662	365.035613	
30.35797	530.735487	530.100127	403.029745	365.105426	
30.36813	530.845331	530.213573	403.13959	365.166513	
30.37827	530.954387	530.335747	403.248646	365.227599	
30.38843	531.063071	530.449193	403.35733	365.297412	
30.39913	531.17674	530.571366	403.470999	365.358499	
30.40875	531.278411	530.684812	403.572669	365.428312	
30.41896	531.385739	530.806985	403.679998	365.489399	
30.43701	531.573032	531.007698	403.867291	365.602845	
30.44221	531.627023	531.068785	403.921281	365.637752	
30.45238	531.731866	531.182231	404.026124	365.698838	
30.46263	531.836923	531.295678	404.131181	365.759925	
30.47267	531.93915	531.409124	404.233408	365.821011	
30.48285	532.042319	531.52257	404.336578	365.890824	
30.49301	532.144479	531.62729	404.438738	365.951911	
30.51228	532.3358	531.83673	404.630059	366.065357	
30.51748	532.387419	531.88909	404.681678	366.100264	
30.53576	532.566295	532.081076	404.860554	366.21371	
30.54103	532.617886	532.133436	404.912145	366.23989	
30.55117	532.716475	532.246882	405.010734	366.309703	
30.56165	532.817615	532.351602	405.111873	366.37079	
30.57146	532.911825	532.456322	405.206084	366.431876	
30.5819	533.011372	532.552315	405.305631	366.492963	
30.59182	533.105342	532.665761	405.399601	366.55405	
30.60352	533.215345	532.761754	405.509603	366.597683	
30.61212	533.295788	532.866474	405.590047	366.650043	
30.62237	533.391013	532.971194	405.685271	366.702402	
30.63239	533.483544	533.075913	405.777803	366.763489	
30.64261	533.577282	533.171907	405.871541	366.815849	
30.65279	533.670035	533.2679	405.964294	366.868209	
30.66296	533.762115	533.363893	406.056374	366.929295	
30.67307	533.852865	533.459886	406.147123	366.990382	
30.6832	533.943368	533.555879	406.237627	367.051468	
30.69337	534.033556	533.651872	406.327814	367.112555	
30.70479	534.134068	533.747865	406.428326	367.164915	
30.71366	534.211608	533.843858	406.505867	367.226001	
30.72382	534.29992	533.931125	406.594179	367.287088	
30.734	534.387718	534.027118	406.681976	367.348174	
30.74438	534.476557	534.123111	406.770815	367.400534	
30.75432	534.561119	534.210377	406.855378	367.461621	
30.76449	534.646996	534.297644	406.941255	367.522707	
30.77492	534.734386	534.393637	407.028645	367.583794	
30.78475	534.816172	534.480903	407.110431	367.636154	
30.79496	534.900578	534.56817	407.194837	367.705967	
30.80611	534.991919	534.655436	407.286178	367.767053	
30.81523	535.066206	534.75143	407.360464	367.82814	
30.82544	535.148689	534.829969	407.442948	367.8805	
30.8356	535.230424	534.917236	407.524683	367.950313	
30.84577	535.311075	534.995776	407.605334	368.002673	
30.85592	535.391192	535.091769	407.685451	368.063759	
30.86635	535.473003	535.170309	407.767262	368.124846	
30.87628	535.550184	535.257575	407.844442	368.185932	
30.88754	535.636977	535.336115	407.931235	368.238292	
30.89663	535.706591	535.414655	408.00085	368.299379	
30.91527	535.846741	535.493194	408.141	368.360465	
30.92053	535.886312	535.606641	408.180571	368.439005	
30.93072	535.962203	535.685181	408.256462	368.500092	
30.94121	536.039768	535.76372	408.334027	368.561178	
30.95149	536.115107	535.84226	408.409365	368.622265	
30.96196	536.191179	535.9208	408.485437	368.683351	
30.97175	536.261938	535.99934	408.556196	368.744438	
30.98231	536.337203	536.07788	408.631462	368.796798	
30.99208	536.40636	536.147693	408.700619	368.857884	
31.00226	536.477955	536.226233	408.772214	368.918971	
31.01236	536.548285	536.304773	408.842544	368.980057	
31.02261	536.619073	536.374586	408.913331	369.032417	
31.04082	536.742437	536.453126	409.036696	369.10223	
31.0466	536.781551	536.549119	409.07581	369.172043	
31.05626	536.846375	536.627658	409.140633	369.23313	
31.06637	536.913489	536.697472	409.207748	369.294216	
31.07681	536.98225	536.767285	409.276509	369.346576	
31.08687	537.047822	536.845825	409.342081	369.407663	
31.09708	537.113865	536.915638	409.408123	369.468749	
31.10693	537.176945	536.976724	409.471203	369.521109	
31.11714	537.241656	537.046537	409.535915	369.590922	
31.12726	537.305255	537.116351	409.599513	369.652009	
31.1374	537.36838	537.186164	409.662638	369.704369	
31.1476	537.431215	537.255977	409.725474	369.765455	
31.15775	537.493122	537.317064	409.78738	369.826542	
31.16792	537.554608	537.386877	409.848866	369.887628	
31.17802	537.615067	537.447963	409.909325	369.948715	
31.18848	537.676937	537.50905	409.971195	370.009801	
31.19842	537.735211	537.578863	410.02947	370.079615	
31.21755	537.844699	537.648676	410.138958	370.131974	
31.22307	537.876235	537.727216	410.170493	370.219241	
31.23291	537.931948	537.788302	410.226206	370.280327	
31.24341	537.99067	537.849389	410.284929	370.341414	
31.25322	538.044951	537.910475	410.33921	370.402501	
31.2717	538.144829	538.023922	410.439088	370.515947	
31.27693	538.173109	538.050102	410.467368	370.542127	
31.28708	538.227278	538.111188	410.521537	370.603213	
31.29746	538.282004	538.172275	410.576262	370.6643	
31.30738	538.333776	538.224635	410.628035	370.725386	
31.31798	538.388395	538.276995	410.682653	370.786473	
31.32778	538.438302	538.338081	410.732561	370.847559	
31.33852	538.49233	538.390441	410.786588	370.908646	
31.34833	538.541143	538.451528	410.835401	370.969733	
31.35856	538.591376	538.503887	410.885634	371.030819	
31.36863	538.640287	538.556247	410.934545	371.091906	
31.37846	538.687445	538.608607	410.981704	371.152992	
31.38889	538.736794	538.660967	411.031053	371.214079	
31.3988	538.783169	538.713327	411.077427	371.275165	
31.40918	538.831032	538.765687	411.125291	371.336252	
31.42714	538.911619	538.86168	411.205878	371.449698	
31.43237	538.935089	538.88786	411.229348	371.484605	
31.44257	538.98018	538.94022	411.274439	371.545691	
31.45317	539.026326	538.99258	411.320585	371.606778	
31.46318	539.069339	539.036213	411.363598	371.667864	
31.47305	539.111212	539.079846	411.40547	371.728951	
31.48322	539.153685	539.132206	411.447944	371.790037	
31.4934	539.195637	539.175839	411.489895	371.85985	
31.50387	539.238098	539.219472	411.532357	371.920937	
31.51419	539.279389	539.271832	411.573648	371.982023	
31.53203	539.348396	539.315466	411.642654	372.034383	
31.53723	539.368552	539.376552	411.66281	372.12165	
31.54772	539.408439	539.411459	411.702697	372.17401	
31.55791	539.446546	539.463818	411.740804	372.243823	
31.56814	539.484211	539.498725	411.77847	372.296183	
31.5782	539.520664	539.542358	411.814922	372.357269	
31.58847	539.557243	539.585992	411.851502	372.418356	
31.59874	539.593187	539.620898	411.887446	372.479442	
31.60849	539.626807	539.664531	411.921065	372.540529	
31.61963	539.664425	539.708165	411.958684	372.610342	
31.62989	539.698493	539.743071	411.992752	372.662702	
31.63996	539.731358	539.777978	412.025617	372.732515	
31.65043	539.764861	539.821611	412.05912	372.784875	
31.66029	539.79588	539.856518	412.090138	372.845961	
31.67857	539.850972	539.891424	412.145231	372.907048	
31.68376	539.866629	539.935057	412.160887	372.976861	
31.69397	539.896751	539.969964	412.19101	373.046674	
31.70406	539.925905	540.004871	412.220163	373.099034	
31.71423	539.95468	540.039777	412.248939	373.160121	
31.72475	539.983833	540.074684	412.278092	373.221207	
31.73462	540.010605	540.10959	412.304863	373.282294	
31.74503	540.038213	540.13577	412.332472	373.334654	
31.75549	540.065326	540.170677	412.359585	373.39574	
31.76527	540.09014	540.196857	412.384399	373.456827	
31.77538	540.115176	540.231763	412.409435	373.517913	
31.78559	540.139887	540.257943	412.434145	373.570273	
31.79569	540.163723	540.284123	412.457982	373.640086	
31.80586	540.187136	540.31903	412.481395	373.692446	
31.81598	540.20988	540.336483	412.504139	373.753533	
31.82615	540.232103	540.37139	412.526362	373.814619	
31.8367	540.254544	540.388843	412.548802	373.866979	
31.8466	540.275041	540.415023	412.5693	373.928066	
31.85667	540.295293	540.441203	412.589552	373.989152	
31.8669	540.315298	540.467383	412.609556	374.041512	
31.88544	540.349309	540.484836	412.643568	374.102599	
31.89073	540.358821	540.519743	412.65308	374.181138	
31.90111	540.377099	540.545923	412.671358	374.233498	
31.92232	540.411246	540.589556	412.705505	374.346945	
31.92774	540.420054	540.598283	412.714313	374.381851	
31.94628	540.447586	540.615736	412.741845	374.442938	
31.95147	540.45533	540.650642	412.749588	374.512751	
31.96167	540.46986	540.668096	412.764119	374.573837	
31.97181	540.483732	540.685549	412.777991	374.634924	
31.98227	540.497438	540.703002	412.791696	374.687284	
31.9924	540.510156	540.711729	412.804415	374.739644	
32.00245	540.522225	540.720456	412.816484	374.792004	
32.0124	540.533638	540.729182	412.827897	374.85309	
32.02372	540.545911	540.737909	412.84017	374.90545	
32.03276	540.555317	540.746635	412.849575	374.95781	
32.04296	540.565337	540.746635	412.859596	375.018896	
32.05311	540.574774	540.755362	412.869033	375.071256	
32.06362	540.583959	540.755362	412.878217	375.123616	
32.07377	540.59229	540.746635	412.886549	375.175976	
32.0842	540.60029	540.746635	412.894549	375.228336	
32.0941	540.607392	540.746635	412.901651	375.280696	
32.10424	540.614142	540.737909	412.9084	375.333056	
32.11446	540.620415	540.737909	412.914674	375.385416	
32.12533	540.626482	540.737909	412.92074	375.429049	
32.14322	540.634601	540.737909	412.92886	375.516315	
32.14843	540.637005	540.737909	412.931264	375.542495	
32.15865	540.641129	540.737909	412.935387	375.586128	
32.16877	540.644762	540.737909	412.939021	375.629762	
32.17892	540.64796	540.737909	412.942219	375.682121	
32.20773	540.652434	540.737909	412.946692	375.795568	
32.21294	540.653454	540.737909	412.947713	375.821748	
32.22338	540.65515	540.737909	412.949408	375.865381	
32.23324	540.656527	540.737909	412.950785	375.909014	
32.24347	540.661466	540.737909	412.955725	375.943921	
32.25361	540.661466	540.737909	412.955725	375.978827	
32.26417	540.661466	540.737909	412.955725	376.013734	
32.27393	540.661466	540.737909	412.955725	376.057367	
32.28436	540.661466	540.737909	412.955725	376.092274	
32.29427	540.661466	540.737909	412.955725	376.12718	
32.30439	540.661466	540.737909	412.955725	376.162087	
32.31455	540.661466	540.737909	412.955725	376.196994	
32.32592	540.661466	540.737909	412.955725	376.2319	
32.3348	540.661466	540.737909	412.955725	376.266807	
32.345	540.661466	540.737909	412.955725	376.301713	
32.35516	540.661466	540.737909	412.955725	376.327893	
32.3655	540.661466	540.737909	412.955725	376.3628	
32.37594	540.661466	540.737909	412.955725	376.397706	
32.38577	540.661466	540.737909	412.955725	376.423886	
32.3964	540.661466	540.737909	412.955725	376.450066	
32.40609	540.661466	540.737909	412.955725	376.476246	
32.41655	540.661466	540.737909	412.955725	376.502426	
32.43499	540.661466	540.737909	412.955725	376.528606	
32.44073	540.661466	540.737909	412.955725	376.563513	
32.45093	540.661466	540.737909	412.955725	376.589693	
32.4692	540.661466	540.737909	412.955725	376.607146	
32.47435	540.661466	540.737909	412.955725	376.642053	
32.48455	540.661466	540.737909	412.955725	376.668233	
32.49503	540.661466	540.737909	412.955725	376.685686	
32.5049	540.661466	540.737909	412.955725	376.711866	
32.51527	540.661466	540.737909	412.955725	376.729319	
32.52523	540.661466	540.737909	412.955725	376.746772	
32.53558	540.661466	540.737909	412.955725	376.764226	
32.54553	540.661466	540.737909	412.955725	376.781679	
32.556	540.661466	540.737909	412.955725	376.807859	
32.56584	540.661466	540.737909	412.955725	376.816586	
32.57633	540.661466	540.737909	412.955725	376.842765	
32.59424	540.661466	540.737909	412.955725	376.868945	
32.59954	540.661466	540.737909	412.955725	376.877672	
32.60971	540.661466	540.737909	412.955725	376.886399	
32.62018	540.661466	540.737909	412.955725	376.903852	
32.63148	540.661466	540.737909	412.955725	376.921305	
32.6402	540.661466	540.737909	412.955725	376.938759	
32.65039	540.661466	540.737909	412.955725	376.947485	
32.66083	540.661466	540.737909	412.955725	376.964938	
32.67095	540.661466	540.737909	412.955725	376.982392	
32.68082	540.661466	540.737909	412.955725	376.991118	
32.69099	540.661466	540.737909	412.955725	377.008572	
32.70119	540.661466	540.737909	412.955725	377.017298	
32.71133	540.661466	540.737909	412.955725	377.026025	
32.72146	540.661466	540.737909	412.955725	377.043478	
32.73307	540.661466	540.737909	412.955725	377.052205	
32.74179	540.661466	540.737909	412.955725	377.060932	
32.75235	540.661466	540.737909	412.955725	377.078385	
32.76234	540.661466	540.737909	412.955725	377.087112	
32.77261	540.661466	540.737909	412.955725	377.095838	
32.78252	540.661466	540.737909	412.955725	377.113291	
32.79264	540.661466	540.737909	412.955725	377.122018	
32.81095	540.661466	540.737909	412.955725	377.130745	
32.81616	540.661466	540.737909	412.955725	377.139471	
32.82638	540.661466	540.737909	412.955725	377.148198	
32.84483	540.661466	540.737909	412.955725	377.156925	
32.85012	540.661466	540.737909	412.955725	377.165651	
32.86035	540.661466	540.737909	412.955725	377.174378	
32.87058	540.661466	540.737909	412.955725	377.183105	
32.88097	540.661466	540.737909	412.955725	377.183105	
32.89132	540.661466	540.737909	412.955725	377.191831	
32.90101	540.661466	540.737909	412.955725	377.200558	
32.91143	540.661466	540.737909	412.955725	377.209285	
32.92128	540.661466	540.737909	412.955725	377.218011	
32.93261	540.661466	540.737909	412.955725	377.218011	
32.94194	540.661466	540.737909	412.955725	377.226738	
32.95208	540.661466	540.737909	412.955725	377.235465	
32.97003	540.661466	540.737909	412.955725	377.235465	
32.97518	540.661466	540.737909	412.955725	377.244191	
32.98558	540.661466	540.737909	412.955725	377.252918	
32.99557	540.661466	540.737909	412.955725	377.252918	
33.00611	540.661466	540.737909	412.955725	377.261644	
33.01593	540.661466	540.737909	412.955725	377.270371	
33.0263	540.661466	540.737909	412.955725	377.270371	
33.03698	540.661466	540.737909	412.955725	377.279098	
33.04645	540.661466	540.737909	412.955725	377.287824	
33.05653	540.661466	540.737909	412.955725	377.287824	
33.06697	540.661466	540.737909	412.955725	377.296551	
33.07682	540.661466	540.737909	412.955725	377.296551	
33.0872	540.661466	540.737909	412.955725	377.305278	
33.09745	540.661466	540.737909	412.955725	377.305278	
33.10799	540.661466	540.737909	412.955725	377.305278	
33.11809	540.661466	540.737909	412.955725	377.314004	
33.137	540.661466	540.737909	412.955725	377.322731	
33.1422	540.661466	540.737909	412.955725	377.331458	
33.15236	540.661466	540.737909	412.955725	377.331458	
33.17066	540.661466	540.737909	412.955725	377.340184	
33.17591	540.661466	540.737909	412.955725	377.340184	
33.18601	540.661466	540.737909	412.955725	377.348911	
33.19663	540.661466	540.737909	412.955725	377.348911	
33.20843	540.661466	540.737909	412.955725	377.348911	
33.21681	540.661466	540.737909	412.955725	377.348911	
33.22659	540.661466	540.737909	412.955725	377.357638	
33.24525	540.661466	540.737909	412.955725	377.357638	
33.25046	540.661466	540.737909	412.955725	377.357638	
33.26077	540.661466	540.737909	412.955725	377.357638	
33.27897	540.661466	540.737909	412.955725	377.357638	
33.28412	540.661466	540.737909	412.955725	377.357638	
33.29453	540.661466	540.737909	412.955725	377.357638	
33.3046	540.661466	540.737909	412.955725	377.357638	
33.31473	540.661466	540.737909	412.955725	377.357638	
33.32503	540.661466	540.737909	412.955725	377.357638	
33.33547	540.661466	540.737909	412.955725	377.357638	
33.34569	540.661466	540.737909	412.955725	377.357638	
33.35548	540.661466	540.737909	412.955725	377.357638	
33.36597	540.661466	540.737909	412.955725	377.357638	
33.37579	540.661466	540.737909	412.955725	377.357638	
33.38589	540.661466	540.737909	412.955725	377.357638	
33.39639	540.661466	540.737909	412.955725	377.357638	
33.41431	540.661466	540.737909	412.955725	377.357638	
33.41963	540.661466	540.737909	412.955725	377.357638	
33.42983	540.661466	540.737909	412.955725	377.357638	
33.44068	540.661466	540.737909	412.955725	377.357638	
33.45019	540.661466	540.737909	412.955725	377.357638	
33.46033	540.661466	540.737909	412.955725	377.357638	
33.47055	540.661466	540.737909	412.955725	377.357638	
33.48086	540.661466	540.737909	412.955725	377.357638	
33.49081	540.661466	540.737909	412.955725	377.357638	
33.50141	540.661466	540.737909	412.955725	377.357638	
33.51138	540.661466	540.737909	412.955725	377.357638	
33.52131	540.661466	540.737909	412.955725	377.357638	
33.53172	540.661466	540.737909	412.955725	377.357638	
33.54221	540.661466	540.737909	412.955725	377.357638	
33.55179	540.661466	540.737909	412.955725	377.357638	
33.56221	540.661466	540.737909	412.955725	377.357638	
33.57211	540.661466	540.737909	412.955725	377.357638	
33.5905	540.661466	540.737909	412.955725	377.357638	
33.5957	540.661466	540.737909	412.955725	377.357638	
33.60587	540.661466	540.737909	412.955725	377.357638	
33.61604	540.661466	540.737909	412.955725	377.357638	
33.62616	540.661466	540.737909	412.955725	377.357638	
33.6367	540.661466	540.737909	412.955725	377.357638	
33.64657	540.661466	540.737909	412.955725	377.357638	
33.65664	540.661466	540.737909	412.955725	377.357638	
33.66679	540.661466	540.737909	412.955725	377.357638	
33.67703	540.661466	540.737909	412.955725	377.357638	
33.68747	540.661466	540.737909	412.955725	377.357638	
33.6973	540.661466	540.737909	412.955725	377.357638	
33.70797	540.661466	540.737909	412.955725	377.357638	
33.71774	540.661466	540.737909	412.955725	377.357638	
33.72793	540.661466	540.737909	412.955725	377.357638	
33.73866	540.661466	540.737909	412.955725	377.357638	
33.74818	540.661466	540.737909	412.955725	377.357638	
33.75874	540.661466	540.737909	412.955725	377.357638	
33.76849	540.661466	540.737909	412.955725	377.357638	
33.77867	540.661466	540.737909	412.955725	377.357638	
33.79691	540.661466	540.737909	412.955725	377.357638	
33.80209	540.661466	540.737909	412.955725	377.357638	
33.81258	540.661466	540.737909	412.955725	377.357638	
33.82448	540.661466	540.737909	412.955725	377.357638	
33.83256	540.661466	540.737909	412.955725	377.357638	
33.8427	540.661466	540.737909	412.955725	377.357638	
33.85288	540.661466	540.737909	412.955725	377.357638	
33.86347	540.661466	540.737909	412.955725	377.357638	
33.87321	540.661466	540.737909	412.955725	377.357638	
33.88333	540.661466	540.737909	412.955725	377.357638	
33.89353	540.661466	540.737909	412.955725	377.357638	
33.90384	540.661466	540.737909	412.955725	377.357638	
33.92443	540.661466	540.737909	412.955725	377.357638	
33.92966	540.661466	540.737909	412.955725	377.357638	
33.94009	540.661466	540.737909	412.955725	377.357638	
33.95007	540.661466	540.737909	412.955725	377.357638	
33.96027	540.661466	540.737909	412.955725	377.357638	
33.9707	540.661466	540.737909	412.955725	377.357638	
33.98052	540.661466	540.737909	412.955725	377.357638	
33.99077	540.661466	540.737909	412.955725	377.357638	
34.00091	540.661466	540.737909	412.955725	377.357638	
34.01104	540.661466	540.737909	412.955725	377.357638	
34.0213	540.661466	540.737909	412.955725	377.357638	
34.03158	540.661466	540.737909	412.955725	377.357638	
34.04155	540.661466	540.737909	412.955725	377.357638	
34.05178	540.661466	540.737909	412.955725	377.357638	
34.06199	540.661466	540.737909	412.955725	377.357638	
34.07992	540.661466	540.737909	412.955725	377.357638	
34.08556	540.661466	540.737909	412.955725	377.357638	
34.09533	540.661466	540.737909	412.955725	377.357638	
34.10546	540.661466	540.737909	412.955725	377.357638	
34.11565	540.661466	540.737909	412.955725	377.357638	
34.12582	540.661466	540.737909	412.955725	377.357638	
34.13639	540.661466	540.737909	412.955725	377.357638	
34.15417	540.661466	540.737909	412.955725	377.357638	
34.15972	540.661466	540.737909	412.955725	377.357638	
34.16963	540.661466	540.737909	412.955725	377.357638	
34.1801	540.661466	540.737909	412.955725	377.357638	
34.19021	540.661466	540.737909	412.955725	377.357638	
34.20016	540.661466	540.737909	412.955725	377.357638	
34.21258	540.661466	540.737909	412.955725	377.357638	
34.22111	540.661466	540.737909	412.955725	377.357638	
34.23064	540.661466	540.737909	412.955725	377.357638	
34.24091	540.661466	540.737909	412.955725	377.357638	
34.2524	540.661466	540.737909	412.955725	377.357638	
34.26111	540.661466	540.737909	412.955725	377.357638	
34.27156	540.661466	540.737909	412.955725	377.357638	
34.28134	540.661466	540.737909	412.955725	377.357638	
34.29177	540.661466	540.737909	412.955725	377.357638	
34.30202	540.661466	540.737909	412.955725	377.357638	
34.31189	540.661466	540.737909	412.955725	377.357638	
34.32235	540.661466	540.737909	412.955725	377.357638	
34.33265	540.661466	540.737909	412.955725	377.357638	
34.34234	540.661466	540.737909	412.955725	377.357638	
34.35364	540.661466	540.737909	412.955725	377.357638	
34.36272	540.661466	540.737909	412.955725	377.357638	
34.37286	540.661466	540.737909	412.955725	377.357638	
34.38328	540.661466	540.737909	412.955725	377.357638	
34.39318	540.661466	540.737909	412.955725	377.357638	
34.40367	540.661466	540.737909	412.955725	377.357638	
34.4135	540.661466	540.737909	412.955725	377.357638	
34.42372	540.661466	540.737909	412.955725	377.357638	
34.43383	540.661466	540.737909	412.955725	377.357638	
34.44403	540.661466	540.737909	412.955725	377.357638	
34.45554	540.661466	540.737909	412.955725	377.357638	
34.47236	540.661466	540.737909	412.955725	377.357638	
34.47757	540.661466	540.737909	412.955725	377.357638	
34.4882	540.661466	540.737909	412.955725	377.357638	
34.4979	540.661466	540.737909	412.955725	377.357638	
34.50832	540.661466	540.737909	412.955725	377.357638	
34.51818	540.661466	540.737909	412.955725	377.357638	
34.52897	540.661466	540.737909	412.955725	377.357638	
34.53857	540.661466	540.737909	412.955725	377.357638	
34.55536	540.661466	540.737909	412.955725	377.357638	
34.56012	540.661466	540.737909	412.955725	377.357638	
34.57027	540.661466	540.737909	412.955725	377.357638	
34.58099	540.661466	540.737909	412.955725	377.357638	
34.59803	540.661466	540.737909	412.955725	377.357638	
34.60273	540.661466	540.737909	412.955725	377.357638	
34.62148	540.661466	540.737909	412.955725	377.357638	
34.62628	540.661466	540.737909	412.955725	377.357638	
34.63668	540.661466	540.737909	412.955725	377.357638	
34.64689	540.661466	540.737909	412.955725	377.357638	
34.65757	540.661466	540.737909	412.955725	377.357638	
34.667	540.661466	540.737909	412.955725	377.357638	
34.67721	540.661466	540.737909	412.955725	377.357638	
34.68742	540.661466	540.737909	412.955725	377.357638	
34.69759	540.661466	540.737909	412.955725	377.357638	
34.70788	540.661466	540.737909	412.955725	377.357638	
34.71831	540.661466	540.737909	412.955725	377.357638	
34.73673	540.661466	540.737909	412.955725	377.357638	
34.7415	540.661466	540.737909	412.955725	377.357638	
34.75969	540.661466	540.737909	412.955725	377.357638	
34.7644	540.661466	540.737909	412.955725	377.357638	
34.77473	540.661466	540.737909	412.955725	377.357638	
34.78483	540.661466	540.737909	412.955725	377.357638	
34.79503	540.661466	540.737909	412.955725	377.357638	
34.80532	540.661466	540.737909	412.955725	377.357638	
34.81547	540.661466	540.737909	412.955725	377.357638	
34.82566	540.661466	540.737909	412.955725	377.357638	
34.83658	540.661466	540.737909	412.955725	377.357638	
34.847	540.661466	540.737909	412.955725	377.357638	
34.85832	540.661466	540.737909	412.955725	377.357638	
34.86708	540.661466	540.737909	412.955725	377.357638	
34.87737	540.661466	540.737909	412.955725	377.357638	
34.8875	540.661466	540.737909	412.955725	377.357638	
34.90604	540.661466	540.737909	412.955725	377.357638	
34.91083	540.661466	540.737909	412.955725	377.357638	
34.92957	540.661466	540.737909	412.955725	377.357638	
34.9343	540.661466	540.737909	412.955725	377.357638	
34.94453	540.661466	540.737909	412.955725	377.357638	
34.95474	540.661466	540.737909	412.955725	377.357638	
34.96522	540.661466	540.737909	412.955725	377.357638	
34.97525	540.661466	540.737909	412.955725	377.357638	
34.98552	540.661466	540.737909	412.955725	377.357638	
34.99562	540.661466	540.737909	412.955725	377.357638	
35.00577	540.661466	540.737909	412.955725	377.357638	
35.02456	540.661466	540.737909	412.955725	377.357638	
35.03762	540.661466	540.737909	412.955725	377.357638	
35.04233	540.661466	540.737909	412.955725	377.357638	
35.05253	540.661466	540.737909	412.955725	377.357638	
35.06278	540.661466	540.737909	412.955725	377.357638	
35.07291	540.661466	540.737909	412.955725	377.357638	
35.08311	540.661466	540.737909	412.955725	377.357638	
35.09362	540.661466	540.737909	412.955725	377.357638	
35.10352	540.661466	540.737909	412.955725	377.357638	
35.12238	540.661466	540.737909	412.955725	377.357638	
35.12713	540.661466	540.737909	412.955725	377.357638	
35.14599	540.661466	540.737909	412.955725	377.357638	
35.15079	540.661466	540.737909	412.955725	377.357638	
35.16238	540.661466	540.737909	412.955725	377.357638	
35.17141	540.661466	540.737909	412.955725	377.357638	
35.18149	540.661466	540.737909	412.955725	377.357638	
35.19153	540.661466	540.737909	412.955725	377.357638	
35.21038	540.661466	540.737909	412.955725	377.357638	
35.21593	540.661466	540.737909	412.955725	377.357638	
35.2253	540.661466	540.737909	412.955725	377.357638	
35.24411	540.661466	540.737909	412.955725	377.357638	
35.24899	540.661466	540.737909	412.955725	377.357638	
35.2593	540.661466	540.737909	412.955725	377.357638	
35.2777	540.661466	540.737909	412.955725	377.357638	
35.28242	540.661466	540.737909	412.955725	377.357638	
35.29294	540.661466	540.737909	412.955725	377.357638	
35.30293	540.661466	540.737909	412.955725	377.357638	
35.31299	540.661466	540.737909	412.955725	377.357638	
35.32324	540.661466	540.737909	412.955725	377.357638	
35.33339	540.661466	540.737909	412.955725	377.357638	
35.3439	540.661466	540.737909	412.955725	377.357638	
35.36354	540.661466	540.737909	412.955725	377.357638	
35.37662	540.661466	540.737909	412.955725	377.357638	
35.3814	540.661466	540.737909	412.955725	377.357638	
35.40021	540.661466	540.737909	412.955725	377.357638	
35.40491	540.661466	540.737909	412.955725	377.357638	
35.41524	540.661466	540.737909	412.955725	377.357638	
35.42534	540.661466	540.737909	412.955725	377.357638	
35.44422	540.661466	540.737909	412.955725	377.357638	
35.44917	540.661466	540.737909	412.955725	377.357638	
35.45961	540.661466	540.737909	412.955725	377.357638	
35.46974	540.661466	540.737909	412.955725	377.357638	
35.47965	540.661466	540.737909	412.955725	377.357638	
35.48977	540.661466	540.737909	412.955725	377.357638	
35.50835	540.661466	540.737909	412.955725	377.357638	
35.51302	540.661466	540.737909	412.955725	377.357638	
35.5317	540.661466	540.737909	412.955725	377.357638	
35.53656	540.661466	540.737909	412.955725	377.357638	
35.5469	540.661466	540.737909	412.955725	377.357638	
35.55694	540.661466	540.737909	412.955725	377.357638	
35.5672	540.661466	540.737909	412.955725	377.357638	
35.57772	540.661466	540.737909	412.955725	377.357638	
35.58754	540.661466	540.737909	412.955725	377.357638	
35.60636	540.661466	540.737909	412.955725	377.357638	
35.61103	540.661466	540.737909	412.955725	377.357638	
35.62987	540.661466	540.737909	412.955725	377.357638	
35.63458	540.661466	540.737909	412.955725	377.357638	
35.64476	540.661466	540.737909	412.955725	377.357638	
35.65507	540.661466	540.737909	412.955725	377.357638	
35.66688	540.661466	540.737909	412.955725	377.357638	
35.6754	540.661466	540.737909	412.955725	377.357638	
35.69414	540.661466	540.737909	412.955725	377.357638	
35.69904	540.661466	540.737909	412.955725	377.357638	
35.70905	540.661466	540.737909	412.955725	377.357638	
35.72776	540.661466	540.737909	412.955725	377.357638	
35.73247	540.661466	540.737909	412.955725	377.357638	
35.75142	540.661466	540.737909	412.955725	377.357638	
35.75617	540.661466	540.737909	412.955725	377.357638	
35.76717	540.661466	540.737909	412.955725	377.357638	
35.77661	540.661466	540.737909	412.955725	377.357638	
35.7868	540.661466	540.737909	412.955725	377.357638	
35.79833	540.661466	540.737909	412.955725	377.357638	
35.80737	540.661466	540.737909	412.955725	377.357638	
35.81741	540.661466	540.737909	412.955725	377.357638	
35.82761	540.661466	540.737909	412.955725	377.357638	
35.84669	540.661466	540.737909	412.955725	377.357638	
35.85141	540.661466	540.737909	412.955725	377.357638	
35.87079	540.661466	540.737909	412.955725	377.357638	
35.87591	540.661466	540.737909	412.955725	377.357638	
35.88606	540.661466	540.737909	412.955725	377.357638	
35.89701	540.661466	540.737909	412.955725	377.357638	
35.90704	540.661466	540.737909	412.955725	377.357638	
35.91674	540.661466	540.737909	412.955725	377.357638	
35.92699	540.661466	540.737909	412.955725	377.357638	
35.93712	540.661466	540.737909	412.955725	377.357638	
35.94736	540.661466	540.737909	412.955725	377.357638	
35.9667	540.661466	540.737909	412.955725	377.357638	
35.97185	540.661466	540.737909	412.955725	377.357638	
35.98201	540.661466	540.737909	412.955725	377.357638	
35.99225	540.661466	540.737909	412.955725	377.357638	
36.00264	540.661466	540.737909	412.955725	377.357638	
36.01249	540.661466	540.737909	412.955725	377.357638	
36.02301	540.661466	540.737909	412.955725	377.357638	
36.03285	540.661466	540.737909	412.955725	377.357638	
36.04326	540.661466	540.737909	412.955725	377.357638	
36.0531	540.661466	540.737909	412.955725	377.357638	
36.07138	540.661466	540.737909	412.955725	377.357638	
36.07661	540.661466	540.737909	412.955725	377.357638	
36.08678	540.661466	540.737909	412.955725	377.357638	
36.09719	540.661466	540.737909	412.955725	377.357638	
36.10704	540.661466	540.737909	412.955725	377.357638	
36.11764	540.661466	540.737909	412.955725	377.357638	
36.12738	540.661466	540.737909	412.955725	377.357638	
36.13755	540.661466	540.737909	412.955725	377.357638	
36.15634	540.661466	540.737909	412.955725	377.357638	
36.16153	540.661466	540.737909	412.955725	377.357638	
36.17236	540.661466	540.737909	412.955725	377.357638	
36.18238	540.661466	540.737909	412.955725	377.357638	
36.19234	540.661466	540.737909	412.955725	377.357638	
36.20282	540.661466	540.737909	412.955725	377.357638	
36.2126	540.661466	540.737909	412.955725	377.357638	
36.22286	540.661466	540.737909	412.955725	377.357638	
36.23322	540.661466	540.737909	412.955725	377.357638	
36.24309	540.661466	540.737909	412.955725	377.357638	
36.25329	540.661466	540.737909	412.955725	377.357638	
36.26346	540.661466	540.737909	412.955725	377.357638	
36.27365	540.661466	540.737909	412.955725	377.357638	
36.28377	540.661466	540.737909	412.955725	377.357638	
36.29392	540.661466	540.737909	412.955725	377.357638	
36.30443	540.661466	540.737909	412.955725	377.357638	
36.31427	540.661466	540.737909	412.955725	377.357638	
36.32442	540.661466	540.737909	412.955725	377.357638	
36.33494	540.661466	540.737909	412.955725	377.357638	
36.34468	540.661466	540.737909	412.955725	377.357638	
36.35491	540.661466	540.737909	412.955725	377.357638	
36.36544	540.661466	540.737909	412.955725	377.357638	
36.37587	540.661466	540.737909	412.955725	377.357638	
36.38542	540.661466	540.737909	412.955725	377.357638	
36.40383	540.661466	540.737909	412.955725	377.357638	
36.40912	540.661466	540.737909	412.955725	377.357638	
36.41939	540.661466	540.737909	412.955725	377.357638	
36.4377	540.661466	540.737909	412.955725	377.357638	
36.44285	540.661466	540.737909	412.955725	377.357638	
36.45332	540.661466	540.737909	412.955725	377.357638	
36.46326	540.661466	540.737909	412.955725	377.357638	
36.47488	540.661466	540.737909	412.955725	377.357638	
36.48356	540.661466	540.737909	412.955725	377.357638	
36.494	540.661466	540.737909	412.955725	377.357638	
36.50444	540.661466	540.737909	412.955725	377.357638	
36.51426	540.661466	540.737909	412.955725	377.357638	
36.53256	540.661466	540.737909	412.955725	377.357638	
36.53775	540.661466	540.737909	412.955725	377.357638	
36.5484	540.661466	540.737909	412.955725	377.357638	
36.5581	540.661466	540.737909	412.955725	377.357638	
36.56862	540.661466	540.737909	412.955725	377.357638	
36.58665	540.661466	540.737909	412.955725	377.357638	
36.59181	540.661466	540.737909	412.955725	377.357638	
36.60202	540.661466	540.737909	412.955725	377.357638	
36.61244	540.661466	540.737909	412.955725	377.357638	
36.62251	540.661466	540.737909	412.955725	377.357638	
36.63251	540.661466	540.737909	412.955725	377.357638	
36.64293	540.661466	540.737909	412.955725	377.357638	
36.65281	540.661466	540.737909	412.955725	377.357638	
36.66299	540.661466	540.737909	412.955725	377.357638	
36.67315	540.661466	540.737909	412.955725	377.357638	
36.68334	540.661466	540.737909	412.955725	377.357638	
36.69352	540.661466	540.737909	412.955725	377.357638	
36.71178	540.661466	540.737909	412.955725	377.357638	
36.71696	540.661466	540.737909	412.955725	377.357638	
36.72717	540.661466	540.737909	412.955725	377.357638	
36.73729	540.661466	540.737909	412.955725	377.357638	
36.74758	540.661466	540.737909	412.955725	377.357638	
36.7577	540.661466	540.737909	412.955725	377.357638	
36.76807	540.661466	540.737909	412.955725	377.357638	
36.77915	540.661466	540.737909	412.955725	377.357638	
36.78837	540.661466	540.737909	412.955725	377.357638	
36.80671	540.661466	540.737909	412.955725	377.357638	
36.81186	540.661466	540.737909	412.955725	377.357638	
36.82208	540.661466	540.737909	412.955725	377.357638	
36.83262	540.661466	540.737909	412.955725	377.357638	
36.84236	540.661466	540.737909	412.955725	377.357638	
36.85289	540.661466	540.737909	412.955725	377.357638	
36.86282	540.661466	540.737909	412.955725	377.357638	
36.87289	540.661466	540.737909	412.955725	377.357638	
36.8831	540.661466	540.737909	412.955725	377.357638	
36.89322	540.661466	540.737909	412.955725	377.357638	
36.90365	540.661466	540.737909	412.955725	377.357638	
36.91375	540.661466	540.737909	412.955725	377.357638	
36.92422	540.661466	540.737909	412.955725	377.357638	
36.93428	540.661466	540.737909	412.955725	377.357638	
36.94451	540.661466	540.737909	412.955725	377.357638	
36.95436	540.661466	540.737909	412.955725	377.357638	
36.9648	540.661466	540.737909	412.955725	377.357638	
36.97467	540.661466	540.737909	412.955725	377.357638	
36.98533	540.661466	540.737909	412.955725	377.357638	
36.9949	540.661466	540.737909	412.955725	377.357638	
37.00514	540.661466	540.737909	412.955725	377.357638	
37.01527	540.661466	540.737909	412.955725	377.357638	
37.02546	540.661466	540.737909	412.955725	377.357638	
37.03565	540.661466	540.737909	412.955725	377.357638	
37.04595	540.661466	540.737909	412.955725	377.357638	
37.05594	540.661466	540.737909	412.955725	377.357638	
37.0661	540.661466	540.737909	412.955725	377.357638	
37.07652	540.661466	540.737909	412.955725	377.357638	
37.09449	540.661466	540.737909	412.955725	377.357638	
37.10014	540.661466	540.737909	412.955725	377.357638	
37.11051	540.661466	540.737909	412.955725	377.357638	
37.12096	540.661466	540.737909	412.955725	377.357638	
37.13093	540.661466	540.737909	412.955725	377.357638	
37.14095	540.661466	540.737909	412.955725	377.357638	
37.15929	540.661466	540.737909	412.955725	377.357638	
37.16446	540.661466	540.737909	412.955725	377.357638	
37.17471	540.661466	540.737909	412.955725	377.357638	
37.18608	540.661466	540.737909	412.955725	377.357638	
37.19628	540.661466	540.737909	412.955725	377.357638	
37.20635	540.661466	540.737909	412.955725	377.357638	
37.21653	540.661466	540.737909	412.955725	377.357638	
37.22666	540.661466	540.737909	412.955725	377.357638	
37.23679	540.661466	540.737909	412.955725	377.357638	
37.247	540.661466	540.737909	412.955725	377.357638	
37.25709	540.661466	540.737909	412.955725	377.357638	
37.2673	540.661466	540.737909	412.955725	377.357638	
37.27774	540.661466	540.737909	412.955725	377.357638	
37.28772	540.661466	540.737909	412.955725	377.357638	
37.29819	540.661466	540.737909	412.955725	377.357638	
37.308	540.661466	540.737909	412.955725	377.357638	
37.31845	540.661466	540.737909	412.955725	377.357638	
37.32865	540.661466	540.737909	412.955725	377.357638	
37.33843	540.661466	540.737909	412.955725	377.357638	
37.34862	540.661466	540.737909	412.955725	377.357638	
37.35908	540.661466	540.737909	412.955725	377.357638	
37.36892	540.661466	540.737909	412.955725	377.357638	
37.37937	540.661466	540.737909	412.955725	377.357638	
37.38963	540.661466	540.737909	412.955725	377.357638	
37.40012	540.661466	540.737909	412.955725	377.357638	
37.41009	540.661466	540.737909	412.955725	377.357638	
37.42022	540.661466	540.737909	412.955725	377.357638	
37.43047	540.661466	540.737909	412.955725	377.357638	
37.44057	540.661466	540.737909	412.955725	377.357638	
37.45076	540.661466	540.737909	412.955725	377.357638	
37.46093	540.661466	540.737909	412.955725	377.357638	
37.47109	540.661466	540.737909	412.955725	377.357638	
37.48153	540.661466	540.737909	412.955725	377.357638	
37.49966	540.661466	540.737909	412.955725	377.357638	
37.50492	540.661466	540.737909	412.955725	377.357638	
37.51514	540.661466	540.737909	412.955725	377.357638	
37.52528	540.661466	540.737909	412.955725	377.357638	
37.53544	540.661466	540.737909	412.955725	377.357638	
37.54586	540.661466	540.737909	412.955725	377.357638	
37.55572	540.661466	540.737909	412.955725	377.357638	
37.56615	540.661466	540.737909	412.955725	377.357638	
37.57603	540.661466	540.737909	412.955725	377.357638	
37.58682	540.661466	540.737909	412.955725	377.357638	
37.59693	540.661466	540.737909	412.955725	377.357638	
37.60662	540.661466	540.737909	412.955725	377.357638	
37.61707	540.661466	540.737909	412.955725	377.357638	
37.62694	540.661466	540.737909	412.955725	377.357638	
37.64544	540.661466	540.737909	412.955725	377.357638	
37.65069	540.661466	540.737909	412.955725	377.357638	
37.66091	540.661466	540.737909	412.955725	377.357638	
37.67139	540.661466	540.737909	412.955725	377.357638	
37.68123	540.661466	540.737909	412.955725	377.357638	
37.69246	540.661466	540.737909	412.955725	377.357638	
37.70259	540.661466	540.737909	412.955725	377.357638	
37.71304	540.661466	540.737909	412.955725	377.357638	
37.73102	540.661466	540.737909	412.955725	377.357638	
37.73629	540.661466	540.737909	412.955725	377.357638	
37.74671	540.661466	540.737909	412.955725	377.357638	
37.75655	540.661466	540.737909	412.955725	377.357638	
37.76669	540.661466	540.737909	412.955725	377.357638	
37.78496	540.661466	540.737909	412.955725	377.357638	
37.79073	540.661466	540.737909	412.955725	377.357638	
37.80049	540.661466	540.737909	412.955725	377.357638	
37.81054	540.661466	540.737909	412.955725	377.357638	
37.82098	540.661466	540.737909	412.955725	377.357638	
37.83119	540.661466	540.737909	412.955725	377.357638	
37.84103	540.661466	540.737909	412.955725	377.357638	
37.85121	540.661466	540.737909	412.955725	377.357638	
37.8617	540.661466	540.737909	412.955725	377.357638	
37.87156	540.661466	540.737909	412.955725	377.357638	
37.88199	540.661466	540.737909	412.955725	377.357638	
37.89337	540.661466	540.737909	412.955725	377.357638	
37.90251	540.661466	540.737909	412.955725	377.357638	
37.92295	540.661466	540.737909	412.955725	377.357638	
37.92815	540.661466	540.737909	412.955725	377.357638	
37.93831	540.661466	540.737909	412.955725	377.357638	
37.94882	540.661466	540.737909	412.955725	377.357638	
37.95864	540.661466	540.737909	412.955725	377.357638	
37.97688	540.661466	540.737909	412.955725	377.357638	
37.98205	540.661466	540.737909	412.955725	377.357638	
37.9934	540.661466	540.737909	412.955725	377.357638	
38.00241	540.661466	540.737909	412.955725	377.357638	
38.01253	540.661466	540.737909	412.955725	377.357638	
38.02273	540.661466	540.737909	412.955725	377.357638	
38.04096	540.661466	540.737909	412.955725	377.357638	
38.04612	540.661466	540.737909	412.955725	377.357638	
38.06429	540.661466	540.737909	412.955725	377.357638	
38.06959	540.661466	540.737909	412.955725	377.357638	
38.07971	540.661466	540.737909	412.955725	377.357638	
38.09019	540.661466	540.737909	412.955725	377.357638	
38.10005	540.661466	540.737909	412.955725	377.357638	
38.1102	540.661466	540.737909	412.955725	377.357638	
38.12047	540.661466	540.737909	412.955725	377.357638	
38.13095	540.661466	540.737909	412.955725	377.357638	
38.14075	540.661466	540.737909	412.955725	377.357638	
38.15127	540.661466	540.737909	412.955725	377.357638	
38.1611	540.661466	540.737909	412.955725	377.357638	
38.17154	540.661466	540.737909	412.955725	377.357638	
38.18181	540.661466	540.737909	412.955725	377.357638	
38.19158	540.661466	540.737909	412.955725	377.357638	
38.20203	540.661466	540.737909	412.955725	377.357638	
38.2119	540.661466	540.737909	412.955725	377.357638	
38.22441	540.661466	540.737909	412.955725	377.357638	
38.23224	540.661466	540.737909	412.955725	377.357638	
38.24232	540.661466	540.737909	412.955725	377.357638	
38.2525	540.661466	540.737909	412.955725	377.357638	
38.26304	540.661466	540.737909	412.955725	377.357638	
38.27284	540.661466	540.737909	412.955725	377.357638	
38.2833	540.661466	540.737909	412.955725	377.357638	
38.29317	540.661466	540.737909	412.955725	377.357638	
38.30372	540.661466	540.737909	412.955725	377.357638	
38.31355	540.661466	540.737909	412.955725	377.357638	
38.32401	540.661466	540.737909	412.955725	377.357638	
38.33388	540.661466	540.737909	412.955725	377.357638	
38.34397	540.661466	540.737909	412.955725	377.357638	
38.35445	540.661466	540.737909	412.955725	377.357638	
38.36436	540.661466	540.737909	412.955725	377.357638	
38.37448	540.661466	540.737909	412.955725	377.357638	
38.38466	540.661466	540.737909	412.955725	377.357638	
38.39473	540.661466	540.737909	412.955725	377.357638	
38.40611	540.661466	540.737909	412.955725	377.357638	
38.41636	540.661466	540.737909	412.955725	377.357638	
38.42646	540.661466	540.737909	412.955725	377.357638	
38.43656	540.661466	540.737909	412.955725	377.357638	
38.44693	540.661466	540.737909	412.955725	377.357638	
38.4569	540.661466	540.737909	412.955725	377.357638	
38.46702	540.661466	540.737909	412.955725	377.357638	
38.47754	540.661466	540.737909	412.955725	377.357638	
38.48738	540.661466	540.737909	412.955725	377.357638	
38.4986	540.661466	540.737909	412.955725	377.357638	
38.50811	540.661466	540.737909	412.955725	377.357638	
38.51787	540.661466	540.737909	412.955725	377.357638	
38.5283	540.661466	540.737909	412.955725	377.357638	
38.53812	540.661466	540.737909	412.955725	377.357638	
38.54874	540.661466	540.737909	412.955725	377.357638	
38.55845	540.661466	540.737909	412.955725	377.357638	
38.5689	540.661466	540.737909	412.955725	377.357638	
38.57878	540.661466	540.737909	412.955725	377.357638	
38.58922	540.661466	540.737909	412.955725	377.357638	
38.6083	540.661466	540.737909	412.955725	377.357638	
38.6135	540.661466	540.737909	412.955725	377.357638	
38.62372	540.661466	540.737909	412.955725	377.357638	
38.63378	540.661466	540.737909	412.955725	377.357638	
38.64395	540.661466	540.737909	412.955725	377.357638	
38.65428	540.661466	540.737909	412.955725	377.357638	
38.66433	540.661466	540.737909	412.955725	377.357638	
38.67444	540.661466	540.737909	412.955725	377.357638	
38.68461	540.661466	540.737909	412.955725	377.357638	
38.70376	540.661466	540.737909	412.955725	377.357638	
38.70914	540.661466	540.737909	412.955725	377.357638	
38.72741	540.661466	540.737909	412.955725	377.357638	
38.73262	540.661466	540.737909	412.955725	377.357638	
38.74283	540.661466	540.737909	412.955725	377.357638	
38.75324	540.661466	540.737909	412.955725	377.357638	
38.76339	540.661466	540.737909	412.955725	377.357638	
38.77328	540.661466	540.737909	412.955725	377.357638	
38.78377	540.661466	540.737909	412.955725	377.357638	
38.79356	540.661466	540.737909	412.955725	377.357638	
38.80517	540.661466	540.737909	412.955725	377.357638	
38.81387	540.661466	540.737909	412.955725	377.357638	
38.83219	540.661466	540.737909	412.955725	377.357638	
38.83738	540.661466	540.737909	412.955725	377.357638	
38.85585	540.661466	540.737909	412.955725	377.357638	
38.86107	540.661466	540.737909	412.955725	377.357638	
38.87143	540.661466	540.737909	412.955725	377.357638	
38.88968	540.661466	540.737909	412.955725	377.357638	
38.89488	540.661466	540.737909	412.955725	377.357638	
38.9064	540.661466	540.737909	412.955725	377.357638	
38.91521	540.661466	540.737909	412.955725	377.357638	
38.9254	540.661466	540.737909	412.955725	377.357638	
38.93555	540.661466	540.737909	412.955725	377.357638	
38.94563	540.661466	540.737909	412.955725	377.357638	
38.95581	540.661466	540.737909	412.955725	377.357638	
38.96599	540.661466	540.737909	412.955725	377.357638	
38.97608	540.661466	540.737909	412.955725	377.357638	
38.98628	540.661466	540.737909	412.955725	377.357638	
38.99672	540.661466	540.737909	412.955725	377.357638	
39.00781	540.661466	540.737909	412.955725	377.357638	
39.01671	540.661466	540.737909	412.955725	377.357638	
39.02696	540.661466	540.737909	412.955725	377.357638	
39.03707	540.661466	540.737909	412.955725	377.357638	
39.04726	540.661466	540.737909	412.955725	377.357638	
39.05739	540.661466	540.737909	412.955725	377.357638	
39.06787	540.661466	540.737909	412.955725	377.357638	
39.07774	540.661466	540.737909	412.955725	377.357638	
39.08788	540.661466	540.737909	412.955725	377.357638	
39.09861	540.661466	540.737909	412.955725	377.357638	
39.1094	540.661466	540.737909	412.955725	377.357638	
39.11834	540.661466	540.737909	412.955725	377.357638	
39.12884	540.661466	540.737909	412.955725	377.357638	
39.13861	540.661466	540.737909	412.955725	377.357638	
39.14907	540.661466	540.737909	412.955725	377.357638	
39.15903	540.661466	540.737909	412.955725	377.357638	
39.16914	540.661466	540.737909	412.955725	377.357638	
39.17928	540.661466	540.737909	412.955725	377.357638	
39.18979	540.661466	540.737909	412.955725	377.357638	
39.20002	540.661466	540.737909	412.955725	377.357638	
39.21099	540.661466	540.737909	412.955725	377.357638	
39.22026	540.661466	540.737909	412.955725	377.357638	
39.23018	540.661466	540.737909	412.955725	377.357638	
39.24033	540.661466	540.737909	412.955725	377.357638	
39.25068	540.661466	540.737909	412.955725	377.357638	
39.26063	540.661466	540.737909	412.955725	377.357638	
39.27081	540.661466	540.737909	412.955725	377.357638	
39.28126	540.661466	540.737909	412.955725	377.357638	
39.2914	540.661466	540.737909	412.955725	377.357638	
39.30163	540.661466	540.737909	412.955725	377.357638	
39.31272	540.661466	540.737909	412.955725	377.357638	
39.32186	540.661466	540.737909	412.955725	377.357638	
39.3318	540.661466	540.737909	412.955725	377.357638	
39.34219	540.661466	540.737909	412.955725	377.357638	
39.35237	540.661466	540.737909	412.955725	377.357638	
39.3626	540.661466	540.737909	412.955725	377.357638	
39.37245	540.661466	540.737909	412.955725	377.357638	
39.38261	540.661466	540.737909	412.955725	377.357638	
39.39299	540.661466	540.737909	412.955725	377.357638	
39.40295	540.661466	540.737909	412.955725	377.357638	
39.41427	540.661466	540.737909	412.955725	377.357638	
39.4234	540.661466	540.737909	412.955725	377.357638	
39.43383	540.661466	540.737909	412.955725	377.357638	
39.44365	540.661466	540.737909	412.955725	377.357638	
39.45411	540.661466	540.737909	412.955725	377.357638	
39.46427	540.661466	540.737909	412.955725	377.357638	
39.47436	540.661466	540.737909	412.955725	377.357638	
39.48451	540.661466	540.737909	412.955725	377.357638	
39.50312	540.661466	540.737909	412.955725	377.357638	
39.50834	540.661466	540.737909	412.955725	377.357638	
39.51869	540.661466	540.737909	412.955725	377.357638	
39.52872	540.661466	540.737909	412.955725	377.357638	
39.53921	540.661466	540.737909	412.955725	377.357638	
39.55796	540.661466	540.737909	412.955725	377.357638	
39.56315	540.661466	540.737909	412.955725	377.357638	
39.57329	540.661466	540.737909	412.955725	377.357638	
39.58353	540.661466	540.737909	412.955725	377.357638	
39.59371	540.661466	540.737909	412.955725	377.357638	
39.60419	540.661466	540.737909	412.955725	377.357638	
39.61525	540.661466	540.737909	412.955725	377.357638	
39.62422	540.661466	540.737909	412.955725	377.357638	
39.63438	540.661466	540.737909	412.955725	377.357638	
39.64484	540.661466	540.737909	412.955725	377.357638	
39.6629	540.661466	540.737909	412.955725	377.357638	
39.66808	540.661466	540.737909	412.955725	377.357638	
39.67848	540.661466	540.737909	412.955725	377.357638	
39.68844	540.661466	540.737909	412.955725	377.357638	
39.69863	540.661466	540.737909	412.955725	377.357638	
39.70905	540.661466	540.737909	412.955725	377.357638	
39.71976	540.661466	540.737909	412.955725	377.357638	
39.72956	540.661466	540.737909	412.955725	377.357638	
39.73967	540.661466	540.737909	412.955725	377.357638	
39.74991	540.661466	540.737909	412.955725	377.357638	
39.76006	540.661466	540.737909	412.955725	377.357638	
39.77036	540.661466	540.737909	412.955725	377.357638	
39.78074	540.661466	540.737909	412.955725	377.357638	
39.79071	540.661466	540.737909	412.955725	377.357638	
39.80095	540.661466	540.737909	412.955725	377.357638	
39.81091	540.661466	540.737909	412.955725	377.357638	
39.82108	540.661466	540.737909	412.955725	377.357638	
39.83131	540.661466	540.737909	412.955725	377.357638	
39.84141	540.661466	540.737909	412.955725	377.357638	
39.85161	540.661466	540.737909	412.955725	377.357638	
39.8618	540.661466	540.737909	412.955725	377.357638	
39.87196	540.661466	540.737909	412.955725	377.357638	
39.8821	540.661466	540.737909	412.955725	377.357638	
39.89224	540.661466	540.737909	412.955725	377.357638	
39.90241	540.661466	540.737909	412.955725	377.357638	
39.92291	540.661466	540.737909	412.955725	377.357638	
39.92836	540.661466	540.737909	412.955725	377.357638	
39.93845	540.661466	540.737909	412.955725	377.357638	
39.94864	540.661466	540.737909	412.955725	377.357638	
39.95875	540.661466	540.737909	412.955725	377.357638	
39.96891	540.661466	540.737909	412.955725	377.357638	
39.97912	540.661466	540.737909	412.955725	377.357638	
39.98922	540.661466	540.737909	412.955725	377.357638	
40.00007	540.661466	540.737909	412.955725	377.357638	
40.00975	540.661466	540.737909	412.955725	377.357638	
40.02036	540.661466	540.737909	412.955725	377.357638	
40.03047	540.661466	540.737909	412.955725	377.357638	
40.04054	540.661466	540.737909	412.955725	377.357638	
40.05039	540.661466	540.737909	412.955725	377.357638	
40.06086	540.661466	540.737909	412.955725	377.357638	
40.0709	540.661466	540.737909	412.955725	377.357638	
40.08089	540.661466	540.737909	412.955725	377.357638	
40.09138	540.661466	540.737909	412.955725	377.357638	
40.1012	540.661466	540.737909	412.955725	377.357638	
40.11145	540.661466	540.737909	412.955725	377.357638	
40.13093	540.661466	540.737909	412.955725	377.357638	
40.13613	540.661466	540.737909	412.955725	377.357638	
40.1467	540.661466	540.737909	412.955725	377.357638	
40.15652	540.661466	540.737909	412.955725	377.357638	
40.16663	540.661466	540.737909	412.955725	377.357638	
40.17679	540.661466	540.737909	412.955725	377.357638	
40.18694	540.661466	540.737909	412.955725	377.357638	
40.19713	540.661466	540.737909	412.955725	377.357638	
40.20731	540.661466	540.737909	412.955725	377.357638	
40.2174	540.661466	540.737909	412.955725	377.357638	
40.2299	540.661466	540.737909	412.955725	377.357638	
40.23779	540.661466	540.737909	412.955725	377.357638	
40.2483	540.661466	540.737909	412.955725	377.357638	
40.25803	540.661466	540.737909	412.955725	377.357638	
40.26824	540.661466	540.737909	412.955725	377.357638	
40.27882	540.661466	540.737909	412.955725	377.357638	
40.28891	540.661466	540.737909	412.955725	377.357638	
40.299	540.661466	540.737909	412.955725	377.357638	
40.30885	540.661466	540.737909	412.955725	377.357638	
40.31943	540.661466	540.737909	412.955725	377.357638	
40.32925	540.661466	540.737909	412.955725	377.357638	
40.33965	540.661466	540.737909	412.955725	377.357638	
40.35004	540.661466	540.737909	412.955725	377.357638	
40.36814	540.661466	540.737909	412.955725	377.357638	
40.37334	540.661466	540.737909	412.955725	377.357638	
40.38355	540.661466	540.737909	412.955725	377.357638	
40.40176	540.661466	540.737909	412.955725	377.357638	
40.40719	540.661466	540.737909	412.955725	377.357638	
40.41713	540.661466	540.737909	412.955725	377.357638	
40.42801	540.661466	540.737909	412.955725	377.357638	
40.43808	540.661466	540.737909	412.955725	377.357638	
40.4487	540.661466	540.737909	412.955725	377.357638	
40.45842	540.661466	540.737909	412.955725	377.357638	
40.46881	540.661466	540.737909	412.955725	377.357638	
40.48689	540.661466	540.737909	412.955725	377.357638	
40.49204	540.661466	540.737909	412.955725	377.357638	
40.50225	540.661466	540.737909	412.955725	377.357638	
40.51243	540.661466	540.737909	412.955725	377.357638	
40.52255	540.661466	540.737909	412.955725	377.357638	
40.54095	540.661466	540.737909	412.955725	377.357638	
40.54611	540.661466	540.737909	412.955725	377.357638	
40.55656	540.661466	540.737909	412.955725	377.357638	
40.56683	540.661466	540.737909	412.955725	377.357638	
40.57691	540.661466	540.737909	412.955725	377.357638	
40.58707	540.661466	540.737909	412.955725	377.357638	
40.59723	540.661466	540.737909	412.955725	377.357638	
40.60756	540.661466	540.737909	412.955725	377.357638	
40.61751	540.661466	540.737909	412.955725	377.357638	
40.62914	540.661466	540.737909	412.955725	377.357638	
40.63788	540.661466	540.737909	412.955725	377.357638	
40.64848	540.661466	540.737909	412.955725	377.357638	
40.65841	540.661466	540.737909	412.955725	377.357638	
40.66852	540.661466	540.737909	412.955725	377.357638	
40.67871	540.661466	540.737909	412.955725	377.357638	
40.68904	540.661466	540.737909	412.955725	377.357638	
40.70733	540.661466	540.737909	412.955725	377.357638	
40.71257	540.661466	540.737909	412.955725	377.357638	
40.72266	540.661466	540.737909	412.955725	377.357638	
40.73327	540.661466	540.737909	412.955725	377.357638	
40.74308	540.661466	540.737909	412.955725	377.357638	
40.75342	540.661466	540.737909	412.955725	377.357638	
40.76367	540.661466	540.737909	412.955725	377.357638	
40.77394	540.661466	540.737909	412.955725	377.357638	
40.78371	540.661466	540.737909	412.955725	377.357638	
40.80197	540.661466	540.737909	412.955725	377.357638	
40.80721	540.661466	540.737909	412.955725	377.357638	
40.81735	540.661466	540.737909	412.955725	377.357638	
40.82895	540.661466	540.737909	412.955725	377.357638	
40.83776	540.661466	540.737909	412.955725	377.357638	
40.84821	540.661466	540.737909	412.955725	377.357638	
40.85797	540.661466	540.737909	412.955725	377.357638	
40.86811	540.661466	540.737909	412.955725	377.357638	
40.87835	540.661466	540.737909	412.955725	377.357638	
40.8887	540.661466	540.737909	412.955725	377.357638	
40.89883	540.661466	540.737909	412.955725	377.357638	
40.90944	540.661466	540.737909	412.955725	377.357638	
40.91927	540.661466	540.737909	412.955725	377.357638	
40.93017	540.661466	540.737909	412.955725	377.357638	
40.93985	540.661466	540.737909	412.955725	377.357638	
40.9583	540.661466	540.737909	412.955725	377.357638	
40.9635	540.661466	540.737909	412.955725	377.357638	
40.97372	540.661466	540.737909	412.955725	377.357638	
40.98389	540.661466	540.737909	412.955725	377.357638	
40.99433	540.661466	540.737909	412.955725	377.357638	
41.00419	540.661466	540.737909	412.955725	377.357638	
41.01434	540.661466	540.737909	412.955725	377.357638	
41.02459	540.661466	540.737909	412.955725	377.357638	
41.03554	540.661466	540.737909	412.955725	377.357638	
41.04575	540.661466	540.737909	412.955725	377.357638	
41.05588	540.661466	540.737909	412.955725	377.357638	
41.06603	540.661466	540.737909	412.955725	377.357638	
41.07617	540.661466	540.737909	412.955725	377.357638	
41.0864	540.661466	540.737909	412.955725	377.357638	
41.0968	540.661466	540.737909	412.955725	377.357638	
41.10662	540.661466	540.737909	412.955725	377.357638	
41.12948	540.661466	540.737909	412.955725	377.357638	
41.14038	540.661466	540.737909	412.955725	377.357638	
