11.14369	
11.1513	
11.16135	
11.17162	
11.18167	
11.19173	
11.20185	
11.21198	
11.23032	
11.23453	
11.24469	
11.2548	
11.26493	
11.27505	
11.28521	
11.29536	
11.3055	
11.31573	
11.32587	
11.344	
11.34819	
11.35834	
11.36842	
11.37856	
11.38912	
11.3993	
11.4094	
11.41951	
11.42973	
11.43983	
11.44993	
11.46007	
11.47019	
11.4803	
11.49045	
11.50059	
11.51069	
11.52085	
11.53129	
11.5413	
11.55142	
11.56151	
11.5717	
11.58184	
11.5919	
11.60202	
11.61218	
11.62229	
11.63274	
11.64252	
11.65277	
11.66288	
11.67304	
11.68314	
11.69327	
11.70341	
11.71359	
11.72371	
11.73386	
11.74395	
11.75422	
11.76422	
11.77438	
11.78448	
11.79465	
11.80482	
11.81492	
11.82507	
11.83515	
11.84574	
11.85548	
11.86556	
11.87573	
11.88589	
11.89601	
11.90612	
11.91627	
11.92642	
11.9365	
11.9469	
11.95684	
11.96692	
11.97708	
11.98812	
11.9974	
12.00751	
12.01759	
12.02775	
12.03791	
12.04805	
12.05913	
12.06842	
12.07852	
12.09015	
12.09875	
12.10889	
12.11902	
12.12917	
12.1393	
12.14944	
12.15957	
12.17177	20.0028156	20.0014732	20.0115423	20.0101999	
12.18162	20.0044099	20.0014732	20.0131365	20.0101999	
12.1917	20.0066576	20.0014732	20.0153842	20.0189265	
12.2018	20.0095239	20.0014732	20.0182506	20.0189265	
12.21195	20.0130222	20.0014732	20.0217488	20.0189265	
12.22215	20.0171651	20.0014732	20.0258917	20.0189265	
12.23227	20.0218876	20.0014732	20.0306143	20.0189265	
12.24235	20.0271988	20.0014732	20.0359255	20.0189265	
12.25247	20.0331447	20.0014732	20.0418713	20.0189265	
12.26291	20.0399466	20.0014732	20.0486732	20.0189265	
12.27281	20.0469658	20.0014732	20.0556924	20.0189265	
12.28294	20.0547739	20.0014732	20.0635006	20.0189265	
12.29305	20.0631732	20.0014732	20.0718998	20.0189265	
12.30411	20.0731378	20.0014732	20.0818645	20.0189265	
12.3142	20.0828038	20.0014732	20.0915305	20.0189265	
12.32435	20.0931505	20.0014732	20.1018772	20.0189265	
12.33448	20.1040863	20.0014732	20.112813	20.0189265	
12.34463	20.115667	20.0101999	20.1243937	20.0189265	
12.35473	20.127791	20.0189265	20.1365177	20.0189265	
12.3649	20.1406372	20.0363798	20.1493638	20.0276532	
12.37509	20.1541314	20.0451065	20.1628581	20.0276532	
12.38525	20.168196	20.0625598	20.1769227	20.0276532	
12.39536	20.1828075	20.080013	20.1915342	20.0363798	
12.40547	20.1980244	20.106193	20.2067511	20.0451065	
12.41566	20.2139934	20.1236463	20.2227201	20.0538331	
12.42579	20.2304857	20.1498262	20.2392123	20.0712864	
12.43594	20.2476295	20.1760062	20.2563561	20.0974663	
12.44611	20.2654174	20.2109127	20.2741441	20.106193	
12.4562	20.2836924	20.2370927	20.292419	20.1323729	
12.46638	20.3027476	20.2632726	20.3114743	20.1585529	
12.47657	20.322431	20.2894526	20.3311577	20.1847328	
12.48671	20.342643	20.3156325	20.3513696	20.2109127	
12.49681	20.363371	20.3505391	20.3720977	20.2370927	
12.50695	20.3848228	20.376719	20.3935495	20.2719993	
12.51705	20.406799	20.402899	20.4155257	20.2981792	
12.5273	20.4297253	20.4290789	20.4384519	20.3243591	
12.53735	20.4528181	20.4552588	20.4615448	20.3592657	
12.5475	20.4767403	20.4814388	20.485467	20.3854457	
12.55764	20.501275	20.5076187	20.5100017	20.4203522	
12.56777	20.5264064	20.525072	20.5351331	20.4552588	
12.57798	20.5523542	20.5599786	20.5610808	20.4814388	
12.58817	20.5788494	20.5774319	20.5875761	20.5076187	
12.59827	20.6057546	20.6036118	20.6144813	20.525072	
12.60838	20.6332809	20.6297918	20.6420076	20.5599786	
12.61848	20.6613973	20.6559717	20.6701239	20.5774319	
12.6287	20.6904751	20.6821516	20.6992018	20.5948852	
12.63878	20.7197569	20.7083316	20.7284835	20.6297918	
12.64894	20.7498987	20.7345115	20.7586254	20.6472451	
12.65906	20.7805539	20.7606915	20.7892805	20.6646983	
12.66919	20.811837	20.7868714	20.8205636	20.6908783	
12.67948	20.8442447	20.8130513	20.8529713	20.7170582	
12.68958	20.8766928	20.8392313	20.8854195	20.7432382	
12.69973	20.9098782	20.8654112	20.9186049	20.7694181	
12.71004	20.9442599	20.8915911	20.9529866	20.8043247	
12.72008	20.9785928	20.9264977	20.9873195	20.8305046	
12.73025	21.0139725	20.9526777	21.0226991	20.8654112	
12.74941	21.0823644	21.0137642	21.091091	20.9264977	
12.75384	21.0981831	21.0312175	21.1069097	20.943951	
12.76393	21.1350878	21.0573974	21.1438145	20.970131	
12.77485	21.1758087	21.092304	21.1845354	21.0050375	
12.78451	21.2122687	21.1359372	21.2209954	21.0399441	
12.79457	21.2508778	21.1708438	21.2596044	21.0748507	
12.80485	21.2910037	21.2057504	21.2997304	21.1097573	
12.81481	21.3304506	21.2493836	21.3391772	21.1533905	
12.825	21.3714424	21.2930169	21.380169	21.1882971	
12.8351	21.4126855	21.3279235	21.4214122	21.2232037	
12.84526	21.4548161	21.3715567	21.4635427	21.2668369	
12.85547	21.4977599	21.4151899	21.5064866	21.3104702	
12.86554	21.5407322	21.4675498	21.5494589	21.3541034	
12.87613	21.5866304	21.511183	21.595357	21.3977366	
12.88607	21.6302114	21.5635429	21.638938	21.4413699	
12.89614	21.6749967	21.6071761	21.6837234	21.4850031	
12.90628	21.7207673	21.659536	21.7294939	21.537363	
12.91638	21.7669271	21.7118959	21.7756537	21.5722696	
12.9266	21.8143081	21.7555291	21.8230347	21.6246294	
12.93674	21.861862	21.7991624	21.8705887	21.6769893	
12.94686	21.9099592	21.8515222	21.9186859	21.7118959	
12.95699	21.9587588	21.8951555	21.9674855	21.7642558	
12.96709	22.0079712	21.9475153	22.0166978	21.8166156	
12.97842	22.0640722	21.9911486	22.0727988	21.8602489	
12.98772	22.1105176	22.0435085	22.1192442	21.9126088	
12.99786	22.1618176	22.0958683	22.1705442	21.956242	
13.00794	22.2134476	22.1482282	22.2221743	22.0086019	
13.01804	22.2657826	22.1918614	22.2745092	22.0609617	
13.02822	22.3191617	22.2442213	22.3278884	22.1133216	
13.03837	22.3729471	22.2878545	22.3816738	22.1656815	
13.04849	22.4272405	22.3402144	22.4359672	22.2180414	
13.05863	22.482237	22.4013009	22.4909636	22.2704013	
13.06875	22.537772	22.4536608	22.5464986	22.3140345	
13.07991	22.5998285	22.5060207	22.6085551	22.375121	
13.09032	22.6582663	22.5583806	22.666993	22.4187542	
13.0992	22.7085325	22.6107405	22.7172591	22.4798408	
13.10934	22.7666311	22.6631003	22.7753577	22.5322006	
13.11948	22.8252997	22.7241869	22.8340263	22.5845605	
13.12962	22.8846259	22.7765467	22.8933526	22.6369204	
13.13977	22.9446711	22.8376333	22.9533978	22.6980069	
13.14997	23.005584	22.8987198	23.0143106	22.7590934	
13.16002	23.0662082	22.9598063	23.0749349	22.8114533	
13.17021	23.1283352	23.0121662	23.1370618	22.8725398	
13.18138	23.1971791	23.0732527	23.2059058	22.9336264	
13.19086	23.2561277	23.1343392	23.2648544	22.9947129	
13.20089	23.3190775	23.2041524	23.3278042	23.0557994	
13.21105	23.3834922	23.2652389	23.3922188	23.1168859	
13.22149	23.4503447	23.3350521	23.4590713	23.1779725	
13.23134	23.5139647	23.3961386	23.5226913	23.2477856	
13.24143	23.5797331	23.4659518	23.5884598	23.3088722	
13.25155	23.6463921	23.535765	23.6551188	23.3699587	
13.26167	23.713626	23.5968515	23.7223527	23.4310452	
13.2718	23.7815289	23.6666647	23.7902556	23.4921317	
13.28266	23.855105	23.7452045	23.8638316	23.5619449	
13.30069	23.9795138	23.8150176	23.9882405	23.6841179	
13.30524	24.0108461	23.9022841	24.0195728	23.7190245	
13.31515	24.0797745	23.9808239	24.0885012	23.7801111	
13.32529	24.1510623	24.0506371	24.1597889	23.8499242	
13.33546	24.2231186	24.1291769	24.2318453	23.9110108	
13.3456	24.295571	24.2077167	24.3042977	23.9808239	
13.35573	24.3685671	24.2775299	24.3772938	24.0506371	
13.36587	24.4422596	24.3473431	24.4509863	24.1204503	
13.37601	24.5165912	24.4258829	24.5253179	24.1902634	
13.38662	24.5950581	24.5044227	24.6037847	24.2600766	
13.39678	24.6708186	24.5742359	24.6795452	24.3298898	
13.40687	24.7466057	24.6527757	24.7553323	24.3997029	
13.41701	24.8233788	24.7225889	24.8321054	24.4695161	
13.42711	24.9005518	24.792402	24.9092784	24.5393293	
13.43734	24.9792957	24.8709418	24.9880224	24.6091425	
13.44753	25.0583064	24.9494817	25.0670331	24.6876823	
13.45763	25.1372749	25.0280215	25.1460016	24.7574954	
13.46777	25.2172062	25.0978346	25.2259329	24.8273086	
13.47794	25.2979477	25.1676478	25.3066743	24.8971218	
13.48857	25.3830991	25.2461876	25.3918258	24.9669349	
13.49836	25.4620032	25.3334541	25.4707299	25.0454748	
13.50866	25.5457203	25.4119939	25.5544469	25.1152879	
13.51883	25.6289897	25.4818071	25.6377164	25.1851011	
13.5292	25.7145398	25.5603469	25.7232664	25.2549143	
13.53944	25.7996343	25.6388867	25.8083609	25.3247274	
13.54929	25.8820078	25.7261532	25.8907344	25.3945406	
13.5598	25.9706636	25.804693	25.9793903	25.4730804	
13.56958	26.0537334	25.8919595	26.06246	25.5428936	
13.57989	26.1432544	25.9704993	26.1519811	25.6127068	
13.59007	26.22961	26.0577657	26.2383367	25.6825199	
13.60014	26.316858	26.1450322	26.3255846	25.7523331	
13.61056	26.407944	26.2322987	26.4166707	25.8308729	
13.62039	26.4943936	26.3195651	26.5031202	25.9006861	
13.63057	26.5845985	26.4068316	26.5933251	25.9704993	
13.64083	26.6760564	26.494098	26.6847831	26.0403124	
13.65124	26.7695064	26.5900912	26.7782331	26.1188523	
13.66111	26.8587293	26.6860843	26.8674559	26.1886654	
13.67927	27.0253524	26.7733507	27.034079	26.3195651	
13.68482	27.076153	26.8955238	27.0848796	26.3544717	
13.69539	27.1739927	26.9827902	27.1827193	26.4330115	
13.70519	27.2651076	27.08751	27.2738342	26.5028247	
13.71563	27.3629822	27.1835031	27.3717089	26.5813645	
13.73381	27.5356644	27.2707696	27.5443911	26.7035376	
13.73893	27.5842327	27.4016693	27.5929594	26.7384441	
13.74913	27.6818457	27.506389	27.6905724	26.816984	
13.7593	27.7797333	27.6023821	27.7884599	26.8867971	
13.7698	27.8815187	27.6983752	27.8902453	26.9653369	
13.7799	27.981671	27.803095	27.9903977	27.0351501	
13.79932	28.1722449	27.8990881	28.1809716	27.1747765	
13.80464	28.224811	28.0474411	28.2335377	27.2184097	
13.81474	28.3254209	28.1434342	28.3341476	27.2882229	
13.82485	28.4267945	28.2481539	28.4355212	27.3667627	
13.83503	28.5294129	28.3441471	28.5381395	27.4365758	
13.84552	28.6358471	28.4488668	28.6445738	27.506389	
13.85544	28.7369988	28.5535866	28.7457254	27.5762022	
13.8655	28.8403035	28.6583063	28.8490302	27.6460154	
13.87563	28.9449346	28.7542994	28.9536613	27.7245552	
13.8859	29.0516699	28.8590192	29.0603965	27.7943683	
13.89599	29.1570777	28.9637389	29.1658044	27.8729082	
13.90614	29.2637853	29.059732	29.2725119	27.9427213	
13.91628	29.37093	29.1644518	29.3796567	28.0125345	
13.92646	29.4790773	29.2778982	29.4878039	28.0910743	
13.9366	29.5875865	29.3738913	29.5963132	28.1608875	
13.94686	29.6979501	29.4786111	29.7066767	28.2307007	
13.95701	29.8076257	29.5920575	29.8163523	28.3092405	
13.96742	29.9210228	29.6967772	29.9297494	28.3790536	
13.97732	30.0292369	29.8102236	30.0379636	28.4488668	
13.9878	30.142598	29.9149434	30.1513246	28.51868	
13.99805	30.2527455	30.0371164	30.2614721	28.5972198	
14.01592	30.4425487	30.2291026	30.4512753	28.7281195	
14.02104	30.4970197	30.2901892	30.5057463	28.7630261	
14.03152	30.6076163	30.4036356	30.6163429	28.8328392	
14.04139	30.7111716	30.517082	30.7198982	28.9026524	
14.0518	30.8198455	30.6305284	30.8285722	28.9724656	
14.06166	30.9221049	30.7439748	30.9308315	29.0510054	
14.07182	31.0268116	30.8574212	31.0355382	29.1208186	
14.09252	31.2371537	30.9621409	31.2458804	29.2517183	
14.09767	31.289528	31.1366739	31.2982547	29.3128048	
14.10782	31.3919761	31.2588469	31.4007028	29.382618	
14.11852	31.4994085	31.3722933	31.5081352	29.4611578	
14.13636	31.676111	31.4770131	31.6848376	29.5920575	
14.14154	31.727417	31.625366	31.7361436	29.6269641	
14.15174	31.8277404	31.7300858	31.836467	29.7055039	
14.16999	32.0048849	31.8348056	32.0136115	29.8364036	
14.17514	32.0547966	31.9744319	32.0635233	29.8713101	
14.18531	32.1528317	32.0878783	32.1615584	29.94985	
14.19687	32.2634371	32.1925981	32.2721638	30.0283898	
14.2137	32.4224275	32.367131	32.4311542	30.1418362	
14.21878	32.4704567	32.4194909	32.4791833	30.1854694	
14.22903	32.566601	32.5242106	32.5753277	30.2552826	
14.23942	32.663291	32.6114771	32.6720176	30.3250958	
14.24931	32.7548493	32.7074702	32.7635759	30.3861823	
14.25981	32.8513882	32.7947366	32.8601149	30.4647221	
14.26961	32.9409503	32.8907298	32.9496769	30.5258086	
14.28003	33.0355114	32.9779962	33.044238	30.5956218	
14.29019	33.1270982	33.0652627	33.1358248	30.665435	
14.30012	33.2160322	33.1525291	33.2247589	30.7352481	
14.31028	33.3063607	33.2397956	33.3150873	30.8050613	
14.32035	33.3953237	33.3270621	33.4040504	30.8661478	
14.33072	33.4862187	33.4056019	33.4949453	30.935961	
14.34069	33.5731822	33.4928683	33.5819088	31.0057742	
14.35108	33.6629863	33.5801348	33.671713	31.0755873	
14.36097	33.7479338	33.6586746	33.7566604	31.1366739	
14.37929	33.9029478	33.8157543	33.9116744	31.2675735	
14.38456	33.9474972	33.8593875	33.9562239	31.3024801	
14.39478	34.0333259	33.9379273	34.0420526	31.3635667	
14.4053	34.1209133	34.0164671	34.1296399	31.4333798	
14.4154	34.2043855	34.1037336	34.2131122	31.503193	
14.42529	34.2855877	34.1822734	34.2943144	31.5642795	
14.43539	34.3678536	34.2695399	34.3765803	31.6340927	
14.44555	34.4500505	34.3480797	34.4587771	31.7039059	
14.45569	34.5315311	34.4266195	34.5402578	31.7649924	
14.46587	34.6125815	34.513886	34.6213082	31.8348056	
14.47604	34.6930804	34.5924258	34.701807	31.9046187	
14.48621	34.7728867	34.6796922	34.7816133	31.9744319	
14.49638	34.8521485	34.7669587	34.8608751	32.0442451	
14.50656	34.9306963	34.8454985	34.939423	32.1140582	
14.51707	35.0112969	34.9240383	35.0200235	32.1838714	
14.535	35.1464374	35.0113048	35.155164	32.3060445	
14.54018	35.1854703	35.1160246	35.194197	32.340951	
14.55038	35.2616285	35.1945644	35.2703551	32.4107642	
14.56076	35.3385304	35.2818308	35.347257	32.4805774	
14.57096	35.4134511	35.3603706	35.4221777	32.5416639	
14.58883	35.5423959	35.4389105	35.5511225	32.663837	
14.5944	35.5825753	35.5436302	35.5913019	32.6987435	
14.60491	35.6576774	35.6134434	35.666404	32.7772834	
14.61475	35.7274321	35.6919832	35.7361587	32.8383699	
14.62521	35.8009129	35.770523	35.8096396	32.908183	
14.63536	35.871533	35.8490628	35.8802597	32.9779962	
14.64526	35.9399493	35.918876	35.9486759	33.0390827	
14.65579	36.0119987	35.9886892	36.0207253	33.1088959	
14.6659	36.0805352	36.0585023	36.0892618	33.1787091	
14.67604	36.1487327	36.1195889	36.1574594	33.2485223	
14.68624	36.2166763	36.189402	36.2254029	33.3183354	
14.70468	36.3370764	36.2592152	36.345803	33.4405085	
14.70982	36.3706292	36.3464817	36.3793559	33.4754151	
14.72017	36.437504	36.4075682	36.4462307	33.5452282	
14.73075	36.5063808	36.4773814	36.5151075	33.6150414	
14.74149	36.5732558	36.5384679	36.5819825	33.6848546	
14.75125	36.6345483	36.5995544	36.643275	33.7459411	
14.76168	36.6994027	36.6606409	36.7081294	33.8157543	
14.77157	36.76032	36.7217275	36.7690466	33.8768408	
14.78214	36.8247019	36.782814	36.8334286	33.946654	
14.79185	36.8833409	36.8439005	36.8920676	34.0077405	
14.80218	36.9450875	36.8962604	36.9538141	34.0775536	
14.81267	37.0071764	36.9660736	37.0159031	34.1386402	
14.83046	37.1100971	37.0184334	37.1188237	34.2608132	
14.83559	37.1398025	37.0969733	37.1485291	34.2957198	
14.84578	37.1981455	37.1580598	37.2068722	34.365533	
14.8559	37.2553906	37.2191463	37.2641172	34.4266195	
14.86604	37.3121649	37.2802328	37.3208916	34.487706	
14.87621	37.3685408	37.3325927	37.3772675	34.5575192	
14.88678	37.4264293	37.3936792	37.4351559	34.6273324	
14.89658	37.4795782	37.4460391	37.4883049	34.6971455	
14.90781	37.5396897	37.5071256	37.5484164	34.7669587	
14.91781	37.5926298	37.5682121	37.6013564	34.8280452	
14.92795	37.6457384	37.620572	37.654465	34.8978584	
14.93841	37.6998074	37.6729319	37.7085341	34.9589449	
14.94827	37.7503144	37.7252918	37.7590411	35.0287581	
14.95874	37.8032186	37.7776517	37.8119453	35.0898446	
14.97674	37.8918802	37.8300115	37.9006069	35.2120177	
14.98186	37.9171115	37.8998247	37.9258382	35.2381976	
14.99206	37.9667058	37.9434579	37.9754324	35.3080108	
15.00248	38.0166579	37.9958178	38.0253846	35.3778239	
15.01276	38.065379	38.0481777	38.0741056	35.4389105	
15.02257	38.1113126	38.1005376	38.1200392	35.499997	
15.03288	38.1589068	38.1441708	38.1676334	35.5698102	
15.04321	38.2060213	38.187804	38.214748	35.6396233	
15.05297	38.2499153	38.2401639	38.2586419	35.7094365	
15.06315	38.2951821	38.2925238	38.3039088	35.770523	
15.0735	38.3405143	38.336157	38.3492409	35.8403362	
15.08374	38.3847455	38.3797903	38.3934721	35.9014227	
15.10253	38.4634063	38.4670567	38.4721329	36.0235958	
15.10876	38.4895085	38.48451	38.4982352	36.0585023	
15.12588	38.5589139	38.5543232	38.5676405	36.1719487	
15.13101	38.5797277	38.5717765	38.5884544	36.2068553	
15.14152	38.6215846	38.6154097	38.6303113	36.2679419	
15.15163	38.6612869	38.6503163	38.6700136	36.337755	
15.1615	38.6994362	38.6939495	38.7081628	36.4075682	
15.17193	38.7391569	38.7288561	38.7478835	36.4773814	
15.18218	38.7775227	38.7724893	38.7862493	36.5384679	
15.19196	38.8136428	38.8073959	38.8223695	36.6082811	
15.20237	38.851409	38.8423025	38.8601356	36.6693676	
15.22045	38.9146884	38.8772091	38.923415	36.7915406	
15.22561	38.9327951	38.9208423	38.9415217	36.8264472	
15.23577	38.9676997	38.9557489	38.9764264	36.8962604	
15.24631	39.0032334	38.9906555	39.0119601	36.9660736	
15.25639	39.0366533	39.0255621	39.0453799	37.0271601	
15.26652	39.0696459	39.0604687	39.0783725	37.0882466	
15.27639	39.1012131	39.0953752	39.1099397	37.1580598	
15.28654	39.1331152	39.1302818	39.1418419	37.2278729	
15.29667	39.1643427	39.1651884	39.1730693	37.2889595	
15.30834	39.19948	39.200095	39.2082066	37.3674993	
15.31767	39.2270935	39.2350016	39.2358201	37.4285858	
15.32779	39.256466	39.2699082	39.2651926	37.498399	
15.33815	39.2859311	39.2960881	39.2946577	37.5594855	
15.34815	39.3137687	39.322268	39.3224954	37.6292987	
15.35834	39.3415568	39.3571746	39.3502835	37.6991118	
15.36848	39.3686081	39.3833546	39.3773348	37.768925	
15.3789	39.3957946	39.4095345	39.4045213	37.8387382	
15.38895	39.4214072	39.4444411	39.4301339	37.9085514	
15.40702	39.4652276	39.470621	39.4739542	38.0219978	
15.41244	39.4783905	39.5142543	39.4871172	38.0569043	
15.42241	39.5019058	39.5317076	39.5106324	38.1267175	
15.43256	39.5252733	39.5666141	39.5339999	38.187804	
15.44327	39.5492453	39.5927941	39.5579719	38.2663438	
15.45295	39.5704072	39.618974	39.5791338	38.3274304	
15.46307	39.591955	39.645154	39.6006817	38.3972435	
15.47318	39.6128753	39.6626073	39.6216019	38.4670567	
15.48361	39.6338502	39.6800605	39.6425769	38.5368699	
15.49353	39.6532368	39.6975138	39.6619635	38.6066831	
15.50411	39.6732706	39.7149671	39.6819972	38.6764962	
15.51526	39.6936746	39.7324204	39.7024012	38.7463094	
15.52541	39.7117001	39.7411471	39.7204268	38.8161226	
15.53563	39.7292469	39.7586004	39.7379736	38.8859357	
15.54607	39.7465748	39.767327	39.7553014	38.9557489	
15.55625	39.7628889	39.7760537	39.7716155	39.0255621	
15.56635	39.7785178	39.7935069	39.7872445	39.0866486	
15.57626	39.7933008	39.8022336	39.8020274	39.1564618	
15.58665	39.8081951	39.8109602	39.8169218	39.2262749	
15.59658	39.8218969	39.8284135	39.8306236	39.2873615	
15.60708	39.8357529	39.8371402	39.8444796	39.3571746	
15.61737	39.8487743	39.8458668	39.8575009	39.4269878	
15.62741	39.8609203	39.8633201	39.8696469	39.4880743	
15.63729	39.8723454	39.8720468	39.8810721	39.5491609	
15.64745	39.8835364	39.8895001	39.8922631	39.618974	
15.65759	39.8941449	39.8982267	39.9028715	39.6800605	
15.6677	39.9042099	39.9069533	39.9129366	39.7411471	
15.67785	39.9137088	39.9244066	39.9224355	39.8022336	
15.68794	39.9226347	39.9331333	39.9313614	39.8545935	
15.6981	39.9310871	39.9505866	39.9398137	39.8982267	
15.70824	39.9389812	39.9593132	39.9477078	39.9418599	
15.71846	39.9464034	39.9680399	39.95513	39.9767665	
15.72881	39.9533662	39.9767665	39.9620928	40.0116731	
15.73873	39.9595452	39.9767665	39.9682719	40.0291264	
15.74889	39.9653554	39.9854932	39.974082	40.0465797	
15.75895	39.9706182	39.9854932	39.9793448	40.0553063	
15.76912	39.9754373	39.9854932	39.984164	40.064033	
15.77923	39.9797446	39.9854932	39.9884712	40.064033	
15.78935	39.9835865	39.9854932	39.9923132	40.064033	
15.79951	39.986978	39.9854932	39.9957047	40.064033	
15.80985	39.9900059	39.9942198	39.9987325	40.0553063	
15.8199	39.9924554	39.9942198	40.001182	40.0553063	
15.83004	39.9945636	39.9942198	40.0032902	40.0465797	
15.84018	39.9962976	40.0029465	40.0050243	40.0465797	
15.85028	40.0014732	40.0029465	40.0101999	40.037853	
15.86037	40.0014732	40.0029465	40.0101999	40.037853	
15.87053	40.0014732	40.0029465	40.0101999	40.0291264	
15.88066	40.0014732	40.0029465	40.0101999	40.0291264	
15.89085	40.0014732	40.0029465	40.0101999	40.0203997	
15.90095	40.0014732	40.0029465	40.0101999	40.0203997	
15.91135	40.0014732	40.0029465	40.0101999	40.0116731	
15.92171	40.0014732	40.0029465	40.0101999	40.0116731	
15.93189	40.0014732	40.0029465	40.0101999	40.0116731	
15.94202	40.0014732	40.0029465	40.0101999	40.0116731	
15.95218	40.0014732	40.0029465	40.0101999	40.0116731	
15.96269	40.0014732	40.0029465	40.0101999	40.0116731	
15.9724	40.0014732	40.0029465	40.0101999	40.0029465	
15.98251	40.0014732	40.0029465	40.0101999	40.0029465	
15.99262	40.0014732	40.0029465	40.0101999	40.0029465	
16.00272	40.0014732	40.0029465	40.0101999	40.0029465	
16.01304	40.0014732	40.0029465	40.0101999	40.0029465	
16.02299	40.0014732	40.0029465	40.0101999	40.0029465	
16.03312	40.0014732	40.0029465	40.0101999	40.0029465	
16.04325	40.0014732	40.0029465	40.0101999	40.0029465	
16.05338	40.0014732	40.0029465	40.0101999	40.0029465	
16.06358	40.0014732	40.0029465	40.0101999	40.0029465	
16.08146	40.0014732	40.0029465	40.0101999	40.0029465	
16.08577	40.0014732	40.0029465	40.0101999	40.0029465	
16.09725	40.0014732	40.0029465	40.0101999	40.0029465	
16.10803	40.0014732	40.0029465	40.0101999	40.0029465	
16.1182	40.0014732	40.0029465	40.0101999	40.0029465	
16.12823	40.0014732	40.0029465	40.0101999	40.0029465	
16.13835	40.0014732	40.0029465	40.0101999	40.0029465	
16.14847	40.0014732	40.0029465	40.0101999	40.0029465	
16.15864	40.0014732	40.0029465	40.0101999	40.0029465	
16.16872	40.0014732	40.0029465	40.0101999	40.0029465	
16.17891	40.0014732	40.0029465	40.0101999	40.0029465	
16.18906	40.0014732	40.0029465	40.0101999	40.0029465	
16.19918	40.0014732	40.0029465	40.0101999	40.0029465	
16.20931	40.0014732	40.0029465	40.0101999	40.0029465	
16.2194	40.0014732	40.0029465	40.0101999	40.0029465	
16.22961	40.0014732	40.0029465	40.0101999	40.0029465	
16.23983	40.0014732	40.0029465	40.0101999	40.0029465	
16.24996	40.0014732	40.0029465	40.0101999	40.0029465	
16.26005	40.0014732	40.0029465	40.0101999	40.0029465	
16.27025	40.0014732	40.0029465	40.0101999	40.0029465	
16.28031	40.0014732	40.0029465	40.0101999	40.0029465	
16.29041	40.0014732	40.0029465	40.0101999	40.0029465	
16.30055	40.0014732	40.0029465	40.0101999	40.0029465	
16.3107	40.0014732	40.0029465	40.0101999	40.0029465	
16.3209	40.0014732	40.0029465	40.0101999	40.0029465	
16.33092	40.0014732	40.0029465	40.0101999	40.0029465	
16.34138	40.0014732	40.0029465	40.0101999	40.0029465	
16.3514	40.0014732	40.0029465	40.0101999	40.0029465	
16.36132	40.0014732	40.0029465	40.0101999	40.0029465	
16.37144	40.0014732	40.0029465	40.0101999	40.0029465	
16.38159	40.0014732	40.0029465	40.0101999	40.0029465	
16.39225	40.0014732	40.0029465	40.0101999	40.0029465	
16.40273	40.0014732	40.0029465	40.0101999	40.0029465	
16.41249	40.0014732	40.0029465	40.0101999	40.0029465	
16.42256	40.0014732	40.0029465	40.0101999	40.0029465	
16.43269	40.0014732	40.0029465	40.0101999	40.0029465	
16.44277	40.0014732	40.0029465	40.0101999	40.0029465	
16.45307	40.0014732	40.0029465	40.0101999	40.0029465	
16.46308	40.0014732	40.0029465	40.0101999	40.0029465	
16.47315	40.0014732	40.0029465	40.0101999	40.0029465	
16.48332	40.0014732	40.0029465	40.0101999	40.0029465	
16.49344	40.0014732	40.0029465	40.0101999	40.0029465	
16.50366	40.0014732	40.0029465	40.0101999	40.0029465	
16.51374	40.0014732	40.0029465	40.0101999	40.0029465	
16.52389	40.0014732	40.0029465	40.0101999	40.0029465	
16.53403	40.0014732	40.0029465	40.0101999	40.0029465	
16.54414	40.0014732	40.0029465	40.0101999	40.0029465	
16.55429	40.0014732	40.0029465	40.0101999	40.0029465	
16.56444	40.0014732	40.0029465	40.0101999	40.0029465	
16.57472	40.0014732	40.0029465	40.0101999	40.0029465	
16.5847	40.0014732	40.0029465	40.0101999	40.0029465	
16.59481	40.0014732	40.0029465	40.0101999	40.0029465	
16.60503	40.0014732	40.0029465	40.0101999	40.0029465	
16.61509	40.0014732	40.0029465	40.0101999	40.0029465	
16.62526	40.0014732	40.0029465	40.0101999	40.0029465	
16.6354	40.0014732	40.0029465	40.0101999	40.0029465	
16.64552	40.0014732	40.0029465	40.0101999	40.0029465	
16.65574	40.0014732	40.0029465	40.0101999	40.0029465	
16.66584	40.0014732	40.0029465	40.0101999	40.0029465	
16.67595	40.0014732	40.0029465	40.0101999	40.0029465	
16.6861	40.0014732	40.0029465	40.0101999	40.0029465	
16.69619	40.0014732	40.0029465	40.0101999	40.0029465	
16.70639	40.0014732	40.0029465	40.0101999	40.0029465	
16.71654	40.0014732	40.0029465	40.0101999	40.0029465	
16.74517	40.0014732	40.0029465	40.0101999	40.0029465	
16.74947	40.0014732	40.0029465	40.0101999	40.0029465	
16.75994	40.0014732	40.0029465	40.0101999	40.0029465	
16.77	40.0014732	40.0029465	40.0101999	40.0029465	
16.78015	40.0014732	40.0029465	40.0101999	40.0029465	
16.79036	40.0014732	40.0029465	40.0101999	40.0029465	
16.80041	40.0014732	40.0029465	40.0101999	40.0029465	
16.81074	40.0014732	40.0029465	40.0101999	40.0029465	
16.82089	40.0014732	40.0029465	40.0101999	40.0029465	
16.83097	40.0014732	40.0029465	40.0101999	40.0029465	
16.84112	40.0014732	40.0029465	40.0101999	40.0029465	
16.85121	40.0014732	40.0029465	40.0101999	40.0029465	
16.86133	40.0014732	40.0029465	40.0101999	40.0029465	
16.87151	40.0014732	40.0029465	40.0101999	40.0029465	
16.88165	40.0014732	40.0029465	40.0101999	40.0029465	
16.89181	40.0014732	40.0029465	40.0101999	40.0029465	
16.90191	40.0014732	40.0029465	40.0101999	40.0029465	
16.91207	40.0014732	40.0029465	40.0101999	40.0029465	
16.93005	40.0014732	40.0029465	40.0101999	40.0029465	
16.93443	40.0014732	40.0029465	40.0101999	40.0029465	
16.94451	40.0014732	40.0029465	40.0101999	40.0029465	
16.9546	40.0014732	40.0029465	40.0101999	40.0029465	
16.96476	40.0014732	40.0029465	40.0101999	40.0029465	
16.97493	40.0014732	40.0029465	40.0101999	40.0029465	
16.98503	40.0014732	40.0029465	40.0101999	40.0029465	
16.99518	40.0014732	40.0029465	40.0101999	40.0029465	
17.00529	40.0014732	40.0029465	40.0101999	40.0029465	
17.01548	40.0014732	40.0029465	40.0101999	40.0029465	
17.02559	40.0014732	40.0029465	40.0101999	40.0029465	
17.03576	40.0014732	40.0029465	40.0101999	40.0029465	
17.04588	40.0014732	40.0029465	40.0101999	40.0029465	
17.05596	40.0014732	40.0029465	40.0101999	40.0029465	
17.06614	40.0014732	40.0029465	40.0101999	40.0029465	
17.07632	40.0014732	40.0029465	40.0101999	40.0029465	
17.08649	40.0014732	40.0029465	40.0101999	40.0029465	
17.09777	40.0014732	40.0029465	40.0101999	40.0029465	
17.11983	40.0014732	40.0029465	40.0101999	40.0029465	
17.12439	40.0014732	40.0029465	40.0101999	40.0029465	
