7.350074	
7.360224	
7.370282	
7.380431	
7.390589	
7.40073	
7.410844	
7.420946	
7.431142	
7.441252	
7.451398	
7.461539	
7.471675	
7.481812	
7.492014	
7.502105	
7.512218	
7.523362	
7.532461	
7.542616	
7.552685	
7.562814	
7.57298	
7.583038	
7.593211	
7.603339	
7.613527	
7.623661	
7.633753	
7.643963	
7.653998	
7.664121	
7.67424	
7.684373	
7.694535	
7.704628	
7.714792	
7.724877	
7.742869	
7.747026	
7.757189	
7.767322	
7.777437	
7.787597	
7.797718	
7.80784	
7.818008	
7.828168	
7.838258	
7.848381	
7.85856	
7.868673	
7.87879	
7.888927	
7.899061	
7.909236	
7.919346	
7.929458	
7.939583	
7.949698	
7.959894	
7.970015	
7.980183	
7.99024	
8.000416	
8.010623	
8.020685	
8.030811	
8.040936	
8.051041	
8.061185	
8.071324	
8.081449	
8.091604	
8.101684	
8.111905	
8.122002	
8.132185	
8.142258	
8.152358	
8.162567	
8.172652	
8.182768	
8.192934	
8.203023	
8.213491	
8.22339	
8.233485	
8.24367	
8.254114	
8.263874	
8.274002	
8.284152	
8.294232	
8.304341	
8.314462	
8.324618	
8.334734	
8.346909	
8.356967	
8.367069	
8.377246	
8.387374	
8.397579	
8.407673	
8.417841	
8.428018	
8.448212	
8.452429	
8.462842	
8.472638	
8.482824	
8.492935	
8.503068	
8.513154	
8.523889	
8.534204	
8.544289	
8.554416	
8.564564	
8.574685	
8.584809	
8.594991	
8.605092	
8.615547	
8.62534	
8.63545	
8.645612	
8.65568	
8.665811	
8.676	
8.686052	
8.696238	
8.706331	
8.716547	
8.726642	
8.736789	
8.746925	
8.757012	
8.767196	
8.777313	
8.78746	
8.797619	
8.807694	
8.817888	
8.828096	
8.838151	
8.848267	
8.858409	
8.868516	
8.878681	
8.888821	
8.898967	
8.909096	
8.919188	
8.929382	
8.939529	
8.949635	
8.959841	
8.969975	
8.980156	
8.990188	
9.000365	
9.010497	
9.020624	
9.030981	
9.040871	
9.05102	
9.061105	
9.071276	
9.081402	
9.091541	
9.101703	
9.111827	
9.121949	
9.132596	
9.142226	
9.1523	
9.162492	
9.172727	
9.182752	
9.192887	
9.203019	
9.213129	
9.223204	
9.233645	
9.24354	
9.253685	
9.263763	
9.273881	
9.284336	
9.294128	
9.304486	
9.314435	
9.324535	
9.334633	
9.344869	
9.355055	
9.365105	
9.375175	
9.385686	
9.395449	
9.405636	
9.415711	
9.4258	
9.437026	
9.446163	
9.456259	
9.466361	
9.484368	
9.488578	
9.498724	
9.508843	
9.518961	
9.539198	
9.543488	
9.55355	
9.563715	
9.573791	
9.584221	
9.594026	
9.604204	
9.614285	
9.62438	
9.634532	
9.644687	
9.654842	
9.665006	
9.675089	
9.685178	
9.695686	
9.705433	
9.718952	120.045393	120.043746	119.809774	119.808127	
9.728831	120.047072	120.043746	119.811453	119.808127	
9.738945	120.049412	120.043746	119.813793	119.816853	
9.749068	120.052371	120.043746	119.816752	119.816853	
9.759233	120.055962	120.043746	119.820343	119.816853	
9.76936	120.060153	120.043746	119.824533	119.82558	
9.77954	120.064992	120.043746	119.829373	119.82558	
9.789708	120.070442	120.043746	119.834823	119.834306	
9.799811	120.076469	120.043746	119.84085	119.834306	
9.809913	120.08311	120.043746	119.84749	119.834306	
9.820212	120.090523	120.052473	119.854904	119.834306	
9.830301	120.098385	120.052473	119.862766	119.834306	
9.840399	120.10687	120.061199	119.871251	119.834306	
9.850546	120.116011	120.069926	119.880392	119.834306	
9.860634	120.125711	120.078653	119.890091	119.834306	
9.870813	120.136124	120.087379	119.900505	119.834306	
9.880929	120.147081	120.096106	119.911462	119.834306	
9.891086	120.158706	120.113559	119.923087	119.834306	
9.901244	120.170949	120.131012	119.935329	119.834306	
9.911325	120.183706	120.139739	119.948087	119.843033	
9.921586	120.197337	120.157192	119.961717	119.85176	
9.931708	120.211382	120.165919	119.975763	119.85176	
9.941821	120.226031	120.183372	119.990412	119.860486	
9.951939	120.241313	120.200826	120.005693	119.869213	
9.96207	120.257216	120.209552	120.021597	119.886666	
9.972281	120.273885	120.227006	120.038265	119.90412	
9.982354	120.290919	120.235732	120.0553	119.921573	
9.992448	120.308604	120.253185	120.072985	119.939026	
10.00265	120.32711	120.270639	120.091491	119.956479	
10.01298	120.346492	120.288092	120.110873	119.973933	
10.02297	120.365831	120.305545	120.130211	120.000113	
10.03312	120.386086	120.322999	120.150467	120.017566	
10.04323	120.406892	120.340452	120.171273	120.043746	
10.05354	120.428754	120.366632	120.193135	120.069926	
10.06343	120.450287	120.392812	120.214668	120.087379	
10.07362	120.473096	120.410265	120.237477	120.113559	
10.08373	120.49636	120.445172	120.26074	120.139739	
10.09388	120.520323	120.471352	120.284704	120.157192	
10.10397	120.544761	120.497532	120.309142	120.183372	
10.11427	120.570336	120.523711	120.334716	120.209552	
10.12434	120.595945	120.549891	120.360326	120.235732	
10.13445	120.622281	120.584798	120.386662	120.253185	
10.14454	120.649176	120.610978	120.413556	120.279365	
10.1548	120.677166	120.637158	120.441547	120.305545	
10.16481	120.705066	120.663338	120.469447	120.331725	
10.17497	120.733961	120.689518	120.498342	120.357905	
10.1851	120.763426	120.724424	120.527807	120.392812	
10.19524	120.793534	120.750604	120.557915	120.418992	
10.20532	120.824079	120.776784	120.588459	120.445172	
10.21574	120.856318	120.811691	120.620699	120.480078	
10.22567	120.887629	120.846597	120.65201	120.506258	
10.23582	120.920217	120.872777	120.684597	120.541165	
10.24591	120.953239	120.898957	120.71762	120.567345	
10.256	120.986869	120.933864	120.75125	120.602251	
10.26619	121.021493	120.96877	120.785874	120.637158	
10.27635	121.056593	121.003677	120.820973	120.663338	
10.28648	121.092195	121.038584	120.856576	120.698244	
10.2966	121.128423	121.064764	120.892804	120.733151	
10.30674	121.165305	121.09967	120.929685	120.768058	
10.31709	121.203602	121.134577	120.967983	120.802964	
10.32721	121.241668	121.160757	121.006048	120.837871	
10.33736	121.280481	121.20439	121.044861	120.872777	
10.34757	121.320111	121.239296	121.084492	120.907684	
10.35763	121.359786	121.274203	121.124166	120.942591	
10.36778	121.400428	121.317836	121.164808	120.977497	
10.37789	121.441551	121.352743	121.205931	121.02113	
10.38808	121.483566	121.396376	121.247946	121.056037	
10.39819	121.525921	121.440009	121.290301	121.090944	
10.40828	121.568764	121.483643	121.333144	121.134577	
10.41846	121.612635	121.527276	121.377016	121.17821	
10.4286	121.65695	121.562182	121.421331	121.221843	
10.44864	121.747496	121.658176	121.511876	121.300383	
10.45302	121.767222	121.666902	121.531603	121.326563	
10.46333	121.814444	121.719262	121.578824	121.370196	
10.47324	121.860393	121.762895	121.624773	121.413829	
10.48339	121.908042	121.806528	121.672422	121.457463	
10.49354	121.956327	121.858888	121.720708	121.501096	
10.5037	122.005339	121.911248	121.769719	121.544729	
10.5138	122.054607	121.954881	121.818988	121.597089	
10.52442	122.107202	122.007241	121.871583	121.649449	
10.53412	122.155659	122.050875	121.920039	121.693082	
10.54418	122.206569	122.103234	121.970949	121.745442	
10.5543	122.25845	122.155594	122.022831	121.789075	
10.56446	122.311122	122.207954	122.075502	121.841435	
10.5746	122.364332	122.260314	122.128712	121.893795	
10.58472	122.418019	122.312674	122.1824	121.937428	
10.59482	122.472222	122.365034	122.236603	121.989788	
10.60503	122.527617	122.417394	122.291998	122.042148	
10.61513	122.583029	122.469754	122.347409	122.094508	
10.62673	122.647628	122.53084	122.412009	122.146868	
10.6354	122.696237	122.5832	122.460617	122.207954	
10.64549	122.753425	122.644287	122.517806	122.260314	
10.6556	122.811329	122.696646	122.575709	122.312674	
10.6657	122.869845	122.757733	122.634225	122.373761	
10.67593	122.929769	122.818819	122.69415	122.42612	
10.68601	122.989302	122.879906	122.753683	122.487207	
10.69616	123.050013	122.940993	122.814394	122.539567	
10.70629	123.111111	123.002079	122.875491	122.600653	
10.71645	123.173039	123.063166	122.93742	122.66174	
10.73541	123.291346	123.176612	123.055726	122.76646	
10.73981	123.318705	123.202792	123.083086	122.801366	
10.74989	123.382128	123.272605	123.146509	122.853726	
10.76007	123.446901	123.324965	123.211282	122.923539	
10.77042	123.513352	123.394778	123.277733	122.975899	
10.78039	123.577948	123.455865	123.342329	123.045712	
10.79047	123.64385	123.525678	123.40823	123.106799	
10.8006	123.710708	123.586764	123.475089	123.167885	
10.81069	123.777987	123.656578	123.542367	123.237698	
10.82082	123.846027	123.726391	123.610407	123.298785	
10.83208	123.922599	123.796204	123.68698	123.368598	
10.85065	124.051263	123.866017	123.815644	123.429685	
10.85542	124.084154	123.96201	123.848535	123.516951	
10.86551	124.154698	124.023097	123.919078	123.578038	
10.87587	124.227795	124.101636	123.992176	123.647851	
10.88586	124.298814	124.17145	124.063194	123.708937	
10.89598	124.371455	124.241263	124.135835	123.778751	
10.90611	124.44474	124.319803	124.209121	123.839837	
10.91629	124.518959	124.389616	124.283339	123.90965	
10.92636	124.593091	124.459429	124.357471	123.970737	
10.93686	124.671054	124.529242	124.435435	124.04055	
10.94669	124.744501	124.607782	124.508882	124.101636	
10.9648	124.882375	124.677595	124.646756	124.162723	
10.96996	124.921582	124.773588	124.685963	124.249989	
10.98024	125.000499	124.852128	124.76488	124.319803	
10.99063	125.080935	124.930668	124.845315	124.380889	
11.00863	125.222725	125.017934	124.987105	124.441976	
11.01386	125.263818	125.122654	125.028199	124.537969	
11.02424	125.346269	125.201194	125.11065	124.599055	
11.03493	125.431935	125.279734	125.196315	124.668868	
11.05276	125.577035	125.436813	125.341416	124.782315	
11.05786	125.618432	125.47172	125.382813	124.817221	
11.06806	125.702129	125.558986	125.46651	124.878308	
11.07824	125.786342	125.646253	125.550722	124.948121	
11.08841	125.871025	125.724793	125.635405	125.009208	
11.09884	125.95856	125.812059	125.72294	125.079021	
11.10872	126.042014	125.890599	125.806395	125.140107	
11.11883	126.128024	125.977865	125.892404	125.209921	
11.12898	126.215018	126.065132	125.979399	125.279734	
11.13919	126.30318	126.152398	126.067561	125.34082	
11.14934	126.391432	126.239665	126.155813	125.401907	
11.15948	126.48017	126.318205	126.24455	125.47172	
11.16967	126.570352	126.414198	126.334733	125.532806	
11.18011	126.66275	126.492738	126.427131	125.60262	
11.19	126.751129	126.580004	126.51551	125.663706	
11.20048	126.845504	126.66727	126.609884	125.733519	
11.21033	126.93479	126.754537	126.69917	125.794606	
11.22049	127.027375	126.85053	126.791756	125.864419	
11.23877	127.196555	126.937796	126.960935	125.925506	
11.24396	127.244583	127.051243	127.008963	126.012772	
11.25407	127.338792	127.147236	127.103173	126.073859	
11.26452	127.436932	127.243229	127.201312	126.134945	
11.27442	127.530434	127.339222	127.294815	126.204758	
11.28464	127.627566	127.426489	127.391946	126.265845	
11.30291	127.803664	127.522482	127.568045	126.326931	
11.308	127.852665	127.653381	127.617046	126.414198	
11.31821	127.951826	127.749375	127.716206	126.475284	
11.33666	128.133425	127.845368	127.897806	126.545097	
11.34211	128.187054	127.984994	127.951434	126.632364	
11.35226	128.287555	128.089714	128.051936	126.69345	
11.36214	128.386078	128.194434	128.150459	126.754537	
11.37291	128.494959	128.290427	128.25934	126.815623	
11.38245	128.590456	128.395146	128.354836	126.885437	
11.39322	128.699931	128.499866	128.464311	126.95525	
11.40316	128.801398	128.613313	128.565778	127.016336	
11.4136	128.908818	128.709306	128.673198	127.077423	
11.42341	129.010207	128.822752	128.774587	127.147236	
11.4336	129.1162	128.927472	128.880581	127.208323	
11.44381	129.222996	129.032192	128.987376	127.269409	
11.45427	129.332986	129.136911	129.097367	127.339222	
11.46418	129.437942	129.241631	129.202322	127.400309	
11.47455	129.548286	129.355078	129.312666	127.470122	
11.48443	129.653973	129.468524	129.418354	127.531208	
11.49456	129.763111	129.573244	129.527491	127.592295	
11.51289	129.962937	129.677963	129.727318	127.653381	
11.51805	130.018994	129.835043	129.783374	127.740648	
11.52827	130.129294	129.939763	129.893674	127.810461	
11.53985	130.253381	130.044483	130.017761	127.871548	
11.55668	130.431758	130.253922	130.196138	127.984994	
11.5618	130.486011	130.306282	130.250391	128.011174	
11.57198	130.593222	130.411002	130.357603	128.072261	
11.58246	130.702894	130.524448	130.467274	128.142074	
11.60037	130.888004	130.725161	130.652385	128.246793	
11.60554	130.941464	130.777521	130.705845	128.272973	
11.61568	131.045642	130.882241	130.810023	128.33406	
11.62604	131.15138	130.995687	130.91576	128.395146	
11.63601	131.252551	131.100407	131.016932	128.456233	
11.64613	131.354688	131.213853	131.119068	128.517319	
11.65635	131.457125	131.318573	131.221506	128.578406	
11.66654	131.558819	131.423293	131.3232	128.630766	
11.67731	131.665446	131.536739	131.429826	128.700579	
11.68702	131.761146	131.632732	131.525526	128.752939	
11.69723	131.861054	131.737452	131.625435	128.814025	
11.70766	131.962556	131.842172	131.726936	128.875112	
11.71754	132.058119	131.946891	131.8225	128.927472	
11.72768	132.155564	132.042885	131.919945	128.979832	
11.7379	132.253142	132.147604	132.017522	129.040918	
11.74807	132.349662	132.243597	132.114043	129.102005	
11.7583	132.446153	132.348317	132.210533	129.154365	
11.76831	132.539929	132.435584	132.30431	129.215451	
11.77873	132.636915	132.531577	132.401295	129.276538	
11.78901	132.731942	132.62757	132.496323	129.328898	
11.79883	132.822217	132.723563	132.586597	129.389984	
11.80931	132.917845	132.810829	132.682226	129.442344	
11.81914	133.007063	132.898096	132.771444	129.50343	
11.8294	133.099558	132.994089	132.863939	129.55579	
11.8394	133.189031	133.081355	132.953412	129.60815	
11.84996	133.282889	133.168622	133.047269	129.66051	
11.85972	133.369115	133.255888	133.133496	129.71287	
11.86993	133.458699	133.343155	133.223079	129.773957	
11.88821	133.616675	133.430421	133.381056	129.81759	
11.89337	133.661246	133.552594	133.425626	129.887403	
11.90363	133.749249	133.639861	133.51363	129.948489	
11.91401	133.837636	133.727127	133.602016	129.992123	
11.92438	133.925246	133.814394	133.689627	130.053209	
11.93403	134.006286	133.90166	133.770667	130.105569	
11.94562	134.102835	133.988927	133.867215	130.157929	
11.95433	134.174924	134.076193	133.939305	130.210289	
11.96451	134.258542	134.154733	134.022923	130.271375	
11.97492	134.343398	134.233273	134.107779	130.315009	
11.98512	134.426041	134.320539	134.190421	130.376095	
11.99495	134.504987	134.407806	134.269368	130.419728	
12.00517	134.586516	134.495072	134.350896	130.480815	
12.01554	134.668612	134.573612	134.432993	130.533175	
12.02594	134.750294	134.652152	134.514675	130.585535	
12.03555	134.825305	134.739418	134.589685	130.637895	
12.04713	134.914767	134.817958	134.679147	130.690254	
12.05582	134.981513	134.896498	134.745894	130.742614	
12.06626	135.061059	134.975038	134.82544	130.794974	
12.07644	135.138032	135.053578	134.902412	130.847334	
12.09443	135.271697	135.140844	135.036078	130.899694	
12.09955	135.309773	135.245564	135.074154	130.969507	
12.11014	135.387671	135.315377	135.152052	131.021867	
12.12056	135.46376	135.393917	135.22814	131.074227	
12.13044	135.535371	135.472457	135.299751	131.11786	
12.14065	135.608664	135.54227	135.373045	131.17022	
12.15111	135.683168	135.62081	135.447549	131.22258	
12.16093	135.752526	135.699349	135.516907	131.27494	
12.17137	135.825572	135.769163	135.589953	131.3273	
12.18153	135.896144	135.838976	135.660524	131.379659	
12.19167	135.965906	135.908789	135.730287	131.423293	
12.20157	136.03351	135.978602	135.797891	131.475653	
12.21204	136.104305	136.048415	135.868686	131.528012	
12.22187	136.170277	136.109502	135.934658	131.580372	
12.23199	136.237507	136.179315	136.001887	131.624006	
12.24218	136.304638	136.240401	136.069018	131.667639	
12.25243	136.371515	136.301488	136.135895	131.719999	
12.26249	136.43698	136.362574	136.20136	131.772359	
12.27265	136.501719	136.432388	136.266099	131.815992	
12.28291	136.567369	136.493474	136.33175	131.868352	
12.29296	136.630057	136.563287	136.394437	131.911985	
12.3031	136.693232	136.624374	136.457613	131.964345	
12.31323	136.755813	136.68546	136.520193	132.007978	
12.32371	136.819821	136.746547	136.584201	132.051611	
12.34201	136.929298	136.81636	136.693679	132.103971	
12.34795	136.964783	136.8949	136.729164	132.165058	
12.35744	137.020895	136.955986	136.785275	132.208691	
12.36789	137.08207	137.0258	136.84645	132.261051	
12.37775	137.139155	137.078159	136.903536	132.304684	
12.38791	137.19746	137.139246	136.96184	132.348317	
12.39808	137.255189	137.200332	137.019569	132.400677	
12.40828	137.312491	137.270146	137.076871	132.44431	
12.41846	137.369049	137.322506	137.133429	132.487944	
12.42862	137.424872	137.383592	137.189253	132.540303	
12.44916	137.534764	137.488312	137.299145	132.62757	
12.45482	137.565059	137.531945	137.329439	132.65375	
12.47283	137.659009	137.584305	137.423389	132.70611	
12.47804	137.686257	137.654118	137.450638	132.75847	
12.4883	137.739082	137.706478	137.503463	132.810829	
12.49839	137.79045	137.758838	137.55483	132.854463	
12.50902	137.843878	137.819924	137.608258	132.898096	
12.5187	137.89207	137.863558	137.656451	132.941729	
12.52911	137.943178	137.924644	137.707558	132.994089	
12.53916	137.99197	137.968277	137.75635	133.037722	
12.55034	138.045479	138.020637	137.80986	133.081355	
12.5598	138.090307	138.072997	137.854688	133.124989	
12.56954	138.135829	138.125357	137.900209	133.168622	
12.57976	138.183067	138.177717	137.947448	133.220982	
12.59024	138.230788	138.212623	137.995169	133.264615	
12.60008	138.275134	138.264983	138.039515	133.308248	
12.61027	138.32035	138.308617	138.084731	133.351881	
12.62049	138.365142	138.35225	138.129522	133.395515	
12.63091	138.410178	138.387156	138.174558	133.447875	
12.64069	138.4519	138.439516	138.21628	133.482781	
12.65156	138.497549	138.483149	138.26193	133.535141	
12.66125	138.537724	138.526783	138.302105	133.578774	
12.6715	138.579621	138.561689	138.344002	133.622408	
12.68163	138.620426	138.605323	138.384806	133.666041	
12.69144	138.659398	138.648956	138.423778	133.709674	
12.70198	138.700598	138.692589	138.464978	133.753307	
12.71183	138.73854	138.727496	138.502921	133.79694	
12.72203	138.777259	138.771129	138.54164	133.8493	
12.73257	138.816594	138.806035	138.580974	133.892934	
12.74225	138.852224	138.840942	138.616605	133.936567	
12.75292	138.890791	138.875849	138.655172	133.9802	
12.76263	138.925372	138.910755	138.689753	134.023833	
12.7731	138.962003	138.945662	138.726383	134.076193	
12.7829	138.995775	138.980568	138.760155	134.119826	
12.79324	139.030766	139.015475	138.795146	134.16346	
12.80353	139.064973	139.050382	138.829354	134.207093	
12.81331	139.09695	139.085288	138.861331	134.250726	
12.82352	139.129722	139.120195	138.894103	134.303086	
12.83393	139.162524	139.155101	138.926905	134.346719	
12.84432	139.194638	139.181281	138.959018	134.390352	
12.85517	139.227484	139.216188	138.991864	134.442712	
12.86417	139.254273	139.242368	139.018654	134.486346	
12.87454	139.284529	139.277274	139.048909	134.529979	
12.8845	139.313019	139.303454	139.077399	134.573612	
12.89458	139.341293	139.338361	139.105673	134.617245	
12.9047	139.369064	139.364541	139.133444	134.669605	
12.91487	139.396397	139.399447	139.160777	134.704512	
12.92511	139.423326	139.425627	139.187706	134.756872	
12.93521	139.449298	139.451807	139.213678	134.800505	
12.94568	139.475594	139.469261	139.239975	134.844138	
12.95678	139.50277	139.504167	139.26715	134.887771	
12.96578	139.524369	139.52162	139.288749	134.940131	
12.98401	139.565805	139.5478	139.330186	134.983764	
12.98914	139.577473	139.57398	139.341853	135.044851	
12.99935	139.60004	139.608887	139.36442	135.088484	
13.00969	139.622263	139.62634	139.386644	135.132117	
13.01967	139.643149	139.643793	139.40753	135.175751	
13.03018	139.664541	139.669973	139.428921	135.22811	
13.03996	139.683922	139.696153	139.448303	135.263017	
13.05037	139.703919	139.713607	139.4683	135.315377	
13.06105	139.723787	139.73106	139.488168	135.35901	
13.07089	139.741567	139.748513	139.505947	135.402643	
13.08103	139.759322	139.774693	139.523702	135.455003	
13.09123	139.77659	139.792146	139.540971	135.498636	
13.10164	139.793622	139.8096	139.558002	135.54227	
13.11152	139.809247	139.827053	139.573628	135.585903	
13.12193	139.825111	139.844506	139.589491	135.638263	
13.1319	139.839764	139.86196	139.604145	135.681896	
13.14204	139.854096	139.879413	139.618476	135.725529	
13.15218	139.867863	139.88814	139.632243	135.769163	
13.16236	139.881136	139.905593	139.645516	135.821522	
13.17295	139.894311	139.923046	139.658691	135.856429	
13.18272	139.905975	139.940499	139.670355	135.908789	
13.19305	139.917699	139.949226	139.682079	135.961149	
13.20307	139.928558	139.957953	139.692938	135.996055	
13.21347	139.939235	139.957953	139.703616	136.048415	
13.2236	139.949093	139.966679	139.713473	136.092048	
13.23387	139.958567	139.975406	139.722948	136.135682	
13.24386	139.967204	139.984133	139.731585	136.179315	
13.25414	139.975563	139.992859	139.739944	136.231675	
13.26464	139.983533	139.992859	139.747913	136.275308	
13.28257	139.995145	140.010313	139.759525	136.362574	
13.28766	139.998483	140.010313	139.762864	136.380028	
13.29793	140.004575	140.019039	139.768955	136.432388	
13.30802	140.010065	140.019039	139.774445	136.476021	
13.3182	140.015106	140.027766	139.779487	136.519654	
13.32874	140.019801	140.027766	139.784182	136.572014	
13.3388	140.023829	140.027766	139.788209	136.615647	
13.35079	140.027938	140.027766	139.792318	136.676734	
13.36207	140.031283	140.027766	139.795664	136.720367	
13.37095	140.033644	140.027766	139.798024	136.764	
13.38119	140.035925	140.027766	139.800306	136.81636	
13.39936	140.038472	140.027766	139.802852	136.859993	
13.40459	140.039265	140.027766	139.803646	136.92108	
13.41471	140.043746	140.027766	139.808127	136.964713	
13.42516	140.043746	140.027766	139.808127	137.008346	
13.43541	140.043746	140.027766	139.808127	137.060706	
13.44586	140.043746	140.027766	139.808127	137.113066	
13.45537	140.043746	140.027766	139.808127	137.147973	
13.46607	140.043746	140.027766	139.808127	137.200332	
13.47654	140.043746	140.027766	139.808127	137.252692	
13.48691	140.043746	140.027766	139.808127	137.296326	
13.49739	140.043746	140.027766	139.808127	137.339959	
13.50722	140.043746	140.027766	139.808127	137.392319	
13.51766	140.043746	140.027766	139.808127	137.435952	
13.52765	140.043746	140.027766	139.808127	137.479585	
13.53991	140.043746	140.027766	139.808127	137.531945	
13.54779	140.043746	140.027766	139.808127	137.575578	
13.55805	140.043746	140.027766	139.808127	137.619212	
13.56848	140.043746	140.027766	139.808127	137.671571	
13.57832	140.043746	140.027766	139.808127	137.715205	
13.58881	140.043746	140.027766	139.808127	137.758838	
13.59862	140.043746	140.027766	139.808127	137.802471	
13.60912	140.043746	140.027766	139.808127	137.846104	
13.61897	140.043746	140.027766	139.808127	137.889738	
13.62945	140.043746	140.027766	139.808127	137.933371	
13.63937	140.043746	140.027766	139.808127	137.977004	
13.64969	140.043746	140.027766	139.808127	138.020637	
13.65964	140.043746	140.027766	139.808127	138.06427	
13.67011	140.043746	140.027766	139.808127	138.107904	
13.68804	140.043746	140.027766	139.808127	138.160264	
13.69316	140.043746	140.027766	139.808127	138.212623	
13.7034	140.043746	140.027766	139.808127	138.256257	
13.72169	140.043746	140.027766	139.808127	138.29989	
13.72752	140.043746	140.027766	139.808127	138.360976	
13.73804	140.043746	140.027766	139.808127	138.40461	
13.74778	140.043746	140.027766	139.808127	138.439516	
13.76698	140.043746	140.027766	139.808127	138.518056	
13.77249	140.043746	140.027766	139.808127	138.544236	
13.78228	140.043746	140.027766	139.808127	138.587869	
13.79293	140.043746	140.027766	139.808127	138.631502	
13.80263	140.043746	140.027766	139.808127	138.683862	
13.81298	140.043746	140.027766	139.808127	138.718769	
13.82294	140.043746	140.027766	139.808127	138.771129	
13.8333	140.043746	140.027766	139.808127	138.814762	
13.84322	140.043746	140.027766	139.808127	138.858395	
13.85367	140.043746	140.027766	139.808127	138.893302	
13.86353	140.043746	140.027766	139.808127	138.936935	
13.87414	140.043746	140.027766	139.808127	138.980568	
13.88388	140.043746	140.027766	139.808127	139.024202	
13.89441	140.043746	140.027766	139.808127	139.067835	
13.90417	140.043746	140.027766	139.808127	139.111468	
13.91431	140.043746	140.027766	139.808127	139.155101	
13.92479	140.043746	140.027766	139.808127	139.190008	
13.9346	140.043746	140.027766	139.808127	139.242368	
13.94507	140.043746	140.027766	139.808127	139.277274	
13.95492	140.043746	140.027766	139.808127	139.320908	
13.97397	140.043746	140.027766	139.808127	139.364541	
13.97948	140.043746	140.027766	139.808127	139.416901	
13.98952	140.043746	140.027766	139.808127	139.460534	
13.99969	140.043746	140.027766	139.808127	139.504167	
14.00981	140.043746	140.027766	139.808127	139.5478	
14.01997	140.043746	140.027766	139.808127	139.591434	
14.03014	140.043746	140.027766	139.808127	139.62634	
14.04025	140.043746	140.027766	139.808127	139.65252	
14.05068	140.043746	140.027766	139.808127	139.687427	
14.06081	140.043746	140.027766	139.808127	139.713607	
14.07209	140.043746	140.027766	139.808127	139.73106	
14.08111	140.043746	140.027766	139.808127	139.748513	
14.09125	140.043746	140.027766	139.808127	139.765966	
14.1014	140.043746	140.027766	139.808127	139.774693	
14.11154	140.043746	140.027766	139.808127	139.78342	
14.12164	140.043746	140.027766	139.808127	139.792146	
14.13181	140.043746	140.027766	139.808127	139.800873	
14.14196	140.043746	140.027766	139.808127	139.800873	
14.16005	140.043746	140.027766	139.808127	139.800873	
14.16443	140.043746	140.027766	139.808127	139.800873	
14.17515	140.043746	140.027766	139.808127	139.800873	
14.18522	140.043746	140.027766	139.808127	139.800873	
14.19571	140.043746	140.027766	139.808127	139.800873	
14.20549	140.043746	140.027766	139.808127	139.800873	
14.21561	140.043746	140.027766	139.808127	139.800873	
14.22575	140.043746	140.027766	139.808127	139.800873	
14.23583	140.043746	140.027766	139.808127	139.800873	
14.24607	140.043746	140.027766	139.808127	139.800873	
14.25612	140.043746	140.027766	139.808127	139.800873	
14.26624	140.043746	140.027766	139.808127	139.800873	
14.27639	140.043746	140.027766	139.808127	139.800873	
14.29435	140.043746	140.027766	139.808127	139.800873	
14.2987	140.043746	140.027766	139.808127	139.800873	
14.30883	140.043746	140.027766	139.808127	139.800873	
14.31898	140.043746	140.027766	139.808127	139.800873	
14.3291	140.043746	140.027766	139.808127	139.800873	
14.33928	140.043746	140.027766	139.808127	139.800873	
14.34948	140.043746	140.027766	139.808127	139.800873	
14.35954	140.043746	140.027766	139.808127	139.800873	
14.36969	140.043746	140.027766	139.808127	139.800873	
14.37982	140.043746	140.027766	139.808127	139.800873	
14.38997	140.043746	140.027766	139.808127	139.800873	
14.40006	140.043746	140.027766	139.808127	139.800873	
14.41022	140.043746	140.027766	139.808127	139.800873	
14.42037	140.043746	140.027766	139.808127	139.800873	
14.43045	140.043746	140.027766	139.808127	139.800873	
14.4501	140.043746	140.027766	139.808127	139.800873	
14.4545	140.043746	140.027766	139.808127	139.800873	
14.46462	140.043746	140.027766	139.808127	139.800873	
14.47475	140.043746	140.027766	139.808127	139.800873	
14.48497	140.043746	140.027766	139.808127	139.800873	
14.50289	140.043746	140.027766	139.808127	139.800873	
14.50723	140.043746	140.027766	139.808127	139.800873	
14.51737	140.043746	140.027766	139.808127	139.800873	
14.52751	140.043746	140.027766	139.808127	139.800873	
14.53837	140.043746	140.027766	139.808127	139.800873	
14.5478	140.043746	140.027766	139.808127	139.800873	
14.5583	140.043746	140.027766	139.808127	139.800873	
14.56803	140.043746	140.027766	139.808127	139.800873	
14.57821	140.043746	140.027766	139.808127	139.800873	
14.58834	140.043746	140.027766	139.808127	139.800873	
14.59843	140.043746	140.027766	139.808127	139.800873	
14.60861	140.043746	140.027766	139.808127	139.800873	
14.61874	140.043746	140.027766	139.808127	139.800873	
14.62894	140.043746	140.027766	139.808127	139.800873	
14.63901	140.043746	140.027766	139.808127	139.800873	
14.64912	140.043746	140.027766	139.808127	139.800873	
14.65933	140.043746	140.027766	139.808127	139.800873	
14.66947	140.043746	140.027766	139.808127	139.800873	
14.67958	140.043746	140.027766	139.808127	139.800873	
14.6897	140.043746	140.027766	139.808127	139.800873	
14.70003	140.043746	140.027766	139.808127	139.800873	
14.71021	140.043746	140.027766	139.808127	139.800873	
14.72029	140.043746	140.027766	139.808127	139.800873	
14.73044	140.043746	140.027766	139.808127	139.800873	
14.74065	140.043746	140.027766	139.808127	139.800873	
14.75068	140.043746	140.027766	139.808127	139.800873	
14.76086	140.043746	140.027766	139.808127	139.800873	
14.771	140.043746	140.027766	139.808127	139.800873	
14.78114	140.043746	140.027766	139.808127	139.800873	
14.79129	140.043746	140.027766	139.808127	139.800873	
14.80144	140.043746	140.027766	139.808127	139.800873	
14.81154	140.043746	140.027766	139.808127	139.800873	
14.82172	140.043746	140.027766	139.808127	139.800873	
14.83182	140.043746	140.027766	139.808127	139.800873	
14.84195	140.043746	140.027766	139.808127	139.800873	
14.85211	140.043746	140.027766	139.808127	139.800873	
14.86223	140.043746	140.027766	139.808127	139.800873	
14.87256	140.043746	140.027766	139.808127	139.800873	
14.88267	140.043746	140.027766	139.808127	139.800873	
14.89286	140.043746	140.027766	139.808127	139.800873	
14.90293	140.043746	140.027766	139.808127	139.800873	
14.91305	140.043746	140.027766	139.808127	139.800873	
14.92322	140.043746	140.027766	139.808127	139.800873	
14.93332	140.043746	140.027766	139.808127	139.800873	
14.94344	140.043746	140.027766	139.808127	139.800873	
14.95353	140.043746	140.027766	139.808127	139.800873	
14.96373	140.043746	140.027766	139.808127	139.800873	
14.97389	140.043746	140.027766	139.808127	139.800873	
14.98396	140.043746	140.027766	139.808127	139.800873	
14.99412	140.043746	140.027766	139.808127	139.800873	
15.00421	140.043746	140.027766	139.808127	139.800873	
15.0144	140.043746	140.027766	139.808127	139.800873	
15.02447	140.043746	140.027766	139.808127	139.800873	
15.0346	140.043746	140.027766	139.808127	139.800873	
15.04478	140.043746	140.027766	139.808127	139.800873	
15.05484	140.043746	140.027766	139.808127	139.800873	
15.07325	140.043746	140.027766	139.808127	139.800873	
15.07762	140.043746	140.027766	139.808127	139.800873	
15.08776	140.043746	140.027766	139.808127	139.800873	
15.09788	140.043746	140.027766	139.808127	139.800873	
15.10803	140.043746	140.027766	139.808127	139.800873	
15.11828	140.043746	140.027766	139.808127	139.800873	
15.12834	140.043746	140.027766	139.808127	139.800873	
15.13849	140.043746	140.027766	139.808127	139.800873	
15.14868	140.043746	140.027766	139.808127	139.800873	
15.15877	140.043746	140.027766	139.808127	139.800873	
15.16891	140.043746	140.027766	139.808127	139.800873	
15.1791	140.043746	140.027766	139.808127	139.800873	
15.18924	140.043746	140.027766	139.808127	139.800873	
15.19952	140.043746	140.027766	139.808127	139.800873	
15.20947	140.043746	140.027766	139.808127	139.800873	
15.21965	140.043746	140.027766	139.808127	139.800873	
15.22978	140.043746	140.027766	139.808127	139.800873	
15.23991	140.043746	140.027766	139.808127	139.800873	
15.25004	140.043746	140.027766	139.808127	139.800873	
15.26016	140.043746	140.027766	139.808127	139.800873	
15.27035	140.043746	140.027766	139.808127	139.800873	
15.28051	140.043746	140.027766	139.808127	139.800873	
15.29063	140.043746	140.027766	139.808127	139.800873	
15.30083	140.043746	140.027766	139.808127	139.800873	
15.31087	140.043746	140.027766	139.808127	139.800873	
15.321	140.043746	140.027766	139.808127	139.800873	
15.33117	140.043746	140.027766	139.808127	139.800873	
15.34129	140.043746	140.027766	139.808127	139.800873	
15.35151	140.043746	140.027766	139.808127	139.800873	
15.36158	140.043746	140.027766	139.808127	139.800873	
15.37169	140.043746	140.027766	139.808127	139.800873	
15.38187	140.043746	140.027766	139.808127	139.800873	
15.39197	140.043746	140.027766	139.808127	139.800873	
15.40215	140.043746	140.027766	139.808127	139.800873	
15.41225	140.043746	140.027766	139.808127	139.800873	
15.42237	140.043746	140.027766	139.808127	139.800873	
15.43254	140.043746	140.027766	139.808127	139.800873	
15.44263	140.043746	140.027766	139.808127	139.800873	
15.45282	140.043746	140.027766	139.808127	139.800873	
15.46288	140.043746	140.027766	139.808127	139.800873	
15.473	140.043746	140.027766	139.808127	139.800873	
15.48316	140.043746	140.027766	139.808127	139.800873	
15.49326	140.043746	140.027766	139.808127	139.800873	
15.5034	140.043746	140.027766	139.808127	139.800873	
15.51351	140.043746	140.027766	139.808127	139.800873	
15.52369	140.043746	140.027766	139.808127	139.800873	
15.53377	140.043746	140.027766	139.808127	139.800873	
15.55383	140.043746	140.027766	139.808127	139.800873	
15.55828	140.043746	140.027766	139.808127	139.800873	
15.56834	140.043746	140.027766	139.808127	139.800873	
15.57847	140.043746	140.027766	139.808127	139.800873	
15.58878	140.043746	140.027766	139.808127	139.800873	
15.59878	140.043746	140.027766	139.808127	139.800873	
15.60893	140.043746	140.027766	139.808127	139.800873	
15.61907	140.043746	140.027766	139.808127	139.800873	
15.6292	140.043746	140.027766	139.808127	139.800873	
15.63935	140.043746	140.027766	139.808127	139.800873	
15.64946	140.043746	140.027766	139.808127	139.800873	
15.65964	140.043746	140.027766	139.808127	139.800873	
15.66977	140.043746	140.027766	139.808127	139.800873	
15.67988	140.043746	140.027766	139.808127	139.800873	
15.69005	140.043746	140.027766	139.808127	139.800873	
15.70025	140.043746	140.027766	139.808127	139.800873	
15.71034	140.043746	140.027766	139.808127	139.800873	
15.72048	140.043746	140.027766	139.808127	139.800873	
15.73078	140.043746	140.027766	139.808127	139.800873	
15.74084	140.043746	140.027766	139.808127	139.800873	
15.75085	140.043746	140.027766	139.808127	139.800873	
15.76102	140.043746	140.027766	139.808127	139.800873	
15.77117	140.043746	140.027766	139.808127	139.800873	
15.78132	140.043746	140.027766	139.808127	139.800873	
15.79147	140.043746	140.027766	139.808127	139.800873	
15.80158	140.043746	140.027766	139.808127	139.800873	
15.81169	140.043746	140.027766	139.808127	139.800873	
15.82186	140.043746	140.027766	139.808127	139.800873	
15.83198	140.043746	140.027766	139.808127	139.800873	
15.84212	140.043746	140.027766	139.808127	139.800873	
15.85226	140.043746	140.027766	139.808127	139.800873	
15.8624	140.043746	140.027766	139.808127	139.800873	
15.87249	140.043746	140.027766	139.808127	139.800873	
15.88268	140.043746	140.027766	139.808127	139.800873	
15.90088	140.043746	140.027766	139.808127	139.800873	
15.90524	140.043746	140.027766	139.808127	139.800873	
15.91537	140.043746	140.027766	139.808127	139.800873	
15.9255	140.043746	140.027766	139.808127	139.800873	
15.93563	140.043746	140.027766	139.808127	139.800873	
15.94571	140.043746	140.027766	139.808127	139.800873	
15.95607	140.043746	140.027766	139.808127	139.800873	
15.96601	140.043746	140.027766	139.808127	139.800873	
15.97612	140.043746	140.027766	139.808127	139.800873	
15.98623	140.043746	140.027766	139.808127	139.800873	
15.99682	140.043746	140.027766	139.808127	139.800873	
16.00689	140.043746	140.027766	139.808127	139.800873	
16.01698	140.043746	140.027766	139.808127	139.800873	
16.02708	140.043746	140.027766	139.808127	139.800873	
16.03727	140.043746	140.027766	139.808127	139.800873	
16.04739	140.043746	140.027766	139.808127	139.800873	
16.05749	140.043746	140.027766	139.808127	139.800873	
16.06768	140.043746	140.027766	139.808127	139.800873	
16.07779	140.043746	140.027766	139.808127	139.800873	
16.08796	140.043746	140.027766	139.808127	139.800873	
16.09811	140.043746	140.027766	139.808127	139.800873	
16.10825	140.043746	140.027766	139.808127	139.800873	
16.1184	140.043746	140.027766	139.808127	139.800873	
16.12854	140.043746	140.027766	139.808127	139.800873	
16.13864	140.043746	140.027766	139.808127	139.800873	
16.14885	140.043746	140.027766	139.808127	139.800873	
16.15894	140.043746	140.027766	139.808127	139.800873	
16.16906	140.043746	140.027766	139.808127	139.800873	
16.17921	140.043746	140.027766	139.808127	139.800873	
16.18933	140.043746	140.027766	139.808127	139.800873	
16.19955	140.043746	140.027766	139.808127	139.800873	
16.20963	140.043746	140.027766	139.808127	139.800873	
16.21978	140.043746	140.027766	139.808127	139.800873	
16.23001	140.043746	140.027766	139.808127	139.800873	
16.24004	140.043746	140.027766	139.808127	139.800873	
16.25022	140.043746	140.027766	139.808127	139.800873	
16.26033	140.043746	140.027766	139.808127	139.800873	
16.27046	140.043746	140.027766	139.808127	139.800873	
16.28059	140.043746	140.027766	139.808127	139.800873	
16.29071	140.043746	140.027766	139.808127	139.800873	
16.30127	140.043746	140.027766	139.808127	139.800873	
16.31098	140.043746	140.027766	139.808127	139.800873	
16.32114	140.043746	140.027766	139.808127	139.800873	
16.33125	140.043746	140.027766	139.808127	139.800873	
16.34137	140.043746	140.027766	139.808127	139.800873	
16.35163	140.043746	140.027766	139.808127	139.800873	
16.36166	140.043746	140.027766	139.808127	139.800873	
16.3718	140.043746	140.027766	139.808127	139.800873	
16.38195	140.043746	140.027766	139.808127	139.800873	
16.39205	140.043746	140.027766	139.808127	139.800873	
16.40247	140.043746	140.027766	139.808127	139.800873	
16.41236	140.043746	140.027766	139.808127	139.800873	
16.42257	140.043746	140.027766	139.808127	139.800873	
16.43294	140.043746	140.027766	139.808127	139.800873	
16.443	140.043746	140.027766	139.808127	139.800873	
16.45314	140.043746	140.027766	139.808127	139.800873	
16.4632	140.043746	140.027766	139.808127	139.800873	
16.47329	140.043746	140.027766	139.808127	139.800873	
16.48349	140.043746	140.027766	139.808127	139.800873	
16.49354	140.043746	140.027766	139.808127	139.800873	
16.50371	140.043746	140.027766	139.808127	139.800873	
16.5138	140.043746	140.027766	139.808127	139.800873	
16.52395	140.043746	140.027766	139.808127	139.800873	
16.53408	140.043746	140.027766	139.808127	139.800873	
16.54639	140.043746	140.027766	139.808127	139.800873	
16.5543	140.043746	140.027766	139.808127	139.800873	
16.56443	140.043746	140.027766	139.808127	139.800873	
16.57453	140.043746	140.027766	139.808127	139.800873	
16.58468	140.043746	140.027766	139.808127	139.800873	
16.5948	140.043746	140.027766	139.808127	139.800873	
16.60527	140.043746	140.027766	139.808127	139.800873	
16.61514	140.043746	140.027766	139.808127	139.800873	
16.62519	140.043746	140.027766	139.808127	139.800873	
16.63545	140.043746	140.027766	139.808127	139.800873	
16.64542	140.043746	140.027766	139.808127	139.800873	
16.65581	140.043746	140.027766	139.808127	139.800873	
16.6657	140.043746	140.027766	139.808127	139.800873	
16.67581	140.043746	140.027766	139.808127	139.800873	
16.68595	140.043746	140.027766	139.808127	139.800873	
16.69604	140.043746	140.027766	139.808127	139.800873	
16.70626	140.043746	140.027766	139.808127	139.800873	
16.71638	140.043746	140.027766	139.808127	139.800873	
16.73451	140.043746	140.027766	139.808127	139.800873	
16.73885	140.043746	140.027766	139.808127	139.800873	
16.74901	140.043746	140.027766	139.808127	139.800873	
16.75915	140.043746	140.027766	139.808127	139.800873	
16.76928	140.043746	140.027766	139.808127	139.800873	
16.77948	140.043746	140.027766	139.808127	139.800873	
16.78956	140.043746	140.027766	139.808127	139.800873	
16.79968	140.043746	140.027766	139.808127	139.800873	
16.8098	140.043746	140.027766	139.808127	139.800873	
16.81998	140.043746	140.027766	139.808127	139.800873	
16.83008	140.043746	140.027766	139.808127	139.800873	
16.84028	140.043746	140.027766	139.808127	139.800873	
16.85043	140.043746	140.027766	139.808127	139.800873	
16.86054	140.043746	140.027766	139.808127	139.800873	
16.87066	140.043746	140.027766	139.808127	139.800873	
16.8808	140.043746	140.027766	139.808127	139.800873	
16.89094	140.043746	140.027766	139.808127	139.800873	
16.90113	140.043746	140.027766	139.808127	139.800873	
16.91122	140.043746	140.027766	139.808127	139.800873	
16.92138	140.043746	140.027766	139.808127	139.800873	
16.93155	140.043746	140.027766	139.808127	139.800873	
16.94165	140.043746	140.027766	139.808127	139.800873	
16.95175	140.043746	140.027766	139.808127	139.800873	
16.96191	140.043746	140.027766	139.808127	139.800873	
16.97208	140.043746	140.027766	139.808127	139.800873	
16.9822	140.043746	140.027766	139.808127	139.800873	
16.99232	140.043746	140.027766	139.808127	139.800873	
17.00246	140.043746	140.027766	139.808127	139.800873	
17.01285	140.043746	140.027766	139.808127	139.800873	
17.02274	140.043746	140.027766	139.808127	139.800873	
17.03286	140.043746	140.027766	139.808127	139.800873	
17.04298	140.043746	140.027766	139.808127	139.800873	
17.0532	140.043746	140.027766	139.808127	139.800873	
17.0632	140.043746	140.027766	139.808127	139.800873	
17.07336	140.043746	140.027766	139.808127	139.800873	
17.0835	140.043746	140.027766	139.808127	139.800873	
17.09368	140.043746	140.027766	139.808127	139.800873	
17.10377	140.043746	140.027766	139.808127	139.800873	
17.11389	140.043746	140.027766	139.808127	139.800873	
17.124	140.043746	140.027766	139.808127	139.800873	
17.13413	140.043746	140.027766	139.808127	139.800873	
17.27378	140.043746	140.027766	139.808127	139.800873	
17.27818	140.043746	140.027766	139.808127	139.800873	
17.2883	140.043746	140.027766	139.808127	139.800873	
17.29847	140.043746	140.027766	139.808127	139.800873	
17.30857	140.043746	140.027766	139.808127	139.800873	
17.31873	140.043746	140.027766	139.808127	139.800873	
17.32888	140.043746	140.027766	139.808127	139.800873	
17.33899	140.043746	140.027766	139.808127	139.800873	
17.34926	140.043746	140.027766	139.808127	139.800873	
17.35929	140.043746	140.027766	139.808127	139.800873	
17.36939	140.043746	140.027766	139.808127	139.800873	
17.37959	140.043746	140.027766	139.808127	139.800873	
17.3897	140.043746	140.027766	139.808127	139.800873	
17.39983	140.043746	140.027766	139.808127	139.800873	
17.40996	140.043746	140.027766	139.808127	139.800873	
17.42008	140.043746	140.027766	139.808127	139.800873	
17.43034	140.043746	140.027766	139.808127	139.800873	
17.44039	140.043746	140.027766	139.808127	139.800873	
17.45052	140.043746	140.027766	139.808127	139.800873	
17.46067	140.043746	140.027766	139.808127	139.800873	
17.47077	140.043746	140.027766	139.808127	139.800873	
17.48688	140.043746	140.027766	139.808127	139.800873	
17.49702	140.043746	140.027766	139.808127	139.800873	
