20.88687	540.738941	540.737909	377.35867	377.357638	
20.89656	540.74039	540.737909	377.360118	377.357638	
20.90678	540.742576	540.737909	377.362305	377.357638	
20.9168	540.745315	540.746635	377.365044	377.357638	
20.92695	540.748713	540.746635	377.368441	377.357638	
20.93705	540.752705	540.755362	377.372434	377.366364	
20.94721	540.75734	540.755362	377.377068	377.366364	
20.95735	540.762583	540.755362	377.382312	377.366364	
20.96744	540.768411	540.755362	377.388139	377.366364	
20.97766	540.774938	540.764089	377.394667	377.366364	
20.9881	540.782286	540.772815	377.402015	377.366364	
20.9979	540.78972	540.772815	377.409448	377.366364	
21.00803	540.798035	540.772815	377.417764	377.375091	
21.01815	540.806961	540.781542	377.42669	377.375091	
21.0283	540.816523	540.790269	377.436252	377.375091	
21.0384	540.826661	540.790269	377.44639	377.375091	
21.04854	540.837451	540.790269	377.45718	377.383818	
21.05873	540.848925	540.798995	377.468654	377.392544	
21.06877	540.860818	540.798995	377.480547	377.401271	
21.07899	540.873573	540.807722	377.493302	377.409997	
21.08956	540.887436	540.807722	377.507165	377.418724	
21.09959	540.901185	540.807722	377.520914	377.427451	
21.10946	540.915275	540.816449	377.535004	377.444904	
21.11957	540.93034	540.816449	377.550069	377.453631	
21.12971	540.946066	540.825175	377.565795	377.471084	
21.13979	540.962319	540.825175	377.582048	377.479811	
21.14996	540.979337	540.833902	377.599065	377.497264	
21.16006	540.996828	540.842629	377.616557	377.514717	
21.17021	541.015049	540.851355	377.634777	377.53217	
21.18034	541.033838	540.860082	377.653566	377.549624	
21.19055	541.053413	540.868809	377.673142	377.567077	
21.20099	541.074082	540.886262	377.693811	377.58453	
21.21114	541.094781	540.894988	377.714509	377.601984	
21.22121	541.115926	540.912442	377.735654	377.619437	
21.23136	541.137855	540.929895	377.757583	377.645617	
21.24151	541.160418	540.947348	377.780146	377.66307	
21.25165	541.183552	540.964802	377.80328	377.68925	
21.26177	541.207287	540.982255	377.827016	377.706703	
21.27189	541.231601	540.999708	377.85133	377.732883	
21.28208	541.256741	541.017162	377.876469	377.759063	
21.2923	541.282577	541.043341	377.902306	377.776517	
21.30273	541.309591	541.069521	377.92932	377.802697	
21.31271	541.336026	541.086975	377.955754	377.828876	
21.32281	541.36338	541.113155	377.983109	377.855056	
21.33285	541.391194	541.139335	378.010923	377.881236	
21.34296	541.419798	541.174241	378.039526	377.907416	
21.35313	541.449201	541.200421	378.06893	377.933596	
21.36324	541.479079	541.226601	378.098808	377.968503	
21.38335	541.541488	541.287688	378.161216	378.020863	
21.38829	541.556744	541.305141	378.176473	378.038316	
21.39837	541.588608	541.340047	378.208337	378.073223	
21.40799	541.619582	541.366227	378.239311	378.099403	
21.41817	541.652987	541.401134	378.272716	378.134309	
21.4285	541.687537	541.436041	378.307265	378.160489	
21.43853	541.721691	541.470947	378.34142	378.195396	
21.44866	541.756773	541.505854	378.376502	378.230302	
21.45888	541.792839	541.54076	378.412568	378.265209	
21.469	541.829117	541.56694	378.448846	378.300115	
21.47918	541.866267	541.601847	378.485995	378.335022	
21.48952	541.904639	541.636753	378.524368	378.369929	
21.5074	541.973342	541.67166	378.59307	378.404835	
21.5121	541.991309	541.715293	378.611037	378.448468	
21.52192	542.029634	541.7502	378.649362	378.483375	
21.53208	542.069887	541.785106	378.689616	378.527008	
21.54219	542.110619	541.82874	378.730347	378.561915	
21.55232	542.152031	541.863646	378.77176	378.596821	
21.5625	542.194233	541.898553	378.813962	378.640455	
21.57261	542.236769	541.942186	378.856498	378.684088	
21.58276	542.2801	541.977093	378.899829	378.718994	
21.59374	542.327806	542.011999	378.947534	378.762628	
21.6033	542.369731	542.055632	378.98946	378.806261	
21.61366	542.41595	542.099266	379.035679	378.849894	
21.62362	542.460861	542.134172	379.08059	378.893527	
21.63376	542.507271	542.177805	379.127	378.937161	
21.64388	542.554156	542.221439	379.173885	378.980794	
21.654	542.60167	542.265072	379.221399	379.0157	
21.66413	542.649909	542.308705	379.269638	379.06806	
21.67425	542.698661	542.352338	379.31839	379.111693	
21.6844	542.748187	542.395972	379.367916	379.155327	
21.69494	542.800336	542.439605	379.420064	379.207687	
21.70471	542.849136	542.483238	379.468865	379.25132	
21.71491	542.90078	542.526871	379.520509	379.294953	
21.72504	542.952662	542.570505	379.572391	379.347313	
21.73514	543.005038	542.622864	379.624767	379.399673	
21.74529	543.058262	542.666498	379.677991	379.443306	
21.75542	543.11199	542.718858	379.731719	379.495666	
21.76557	543.166492	542.762491	379.78622	379.548026	
21.77568	543.221336	542.814851	379.841065	379.600386	
21.7858	543.276922	542.867211	379.896651	379.652746	
21.79632	543.335335	542.91957	379.955064	379.705105	
21.80606	543.389908	542.97193	380.009636	379.757465	
21.81626	543.447749	543.02429	380.067477	379.818552	
21.82637	543.505702	543.07665	380.12543	379.870912	
21.8365	543.564356	543.12901	380.184085	379.923272	
21.84663	543.623627	543.18137	380.243355	379.984358	
21.85891	543.69656	543.23373	380.316289	380.036718	
21.86698	543.744715	543.294816	380.364444	380.097804	
21.87698	543.805042	543.347176	380.42477	380.150164	
21.88709	543.866629	543.408263	380.486358	380.211251	
21.89769	543.932012	543.460622	380.55174	380.272337	
21.90744	543.992578	543.521709	380.612307	380.333424	
21.91753	544.05593	543.582796	380.675659	380.385784	
21.92768	544.120291	543.635155	380.74002	380.44687	
21.93784	544.185271	543.696242	380.805	380.516684	
21.94792	544.250423	543.757328	380.870152	380.569043	
21.95806	544.316557	543.809688	380.936285	380.63013	
21.96817	544.383073	543.879502	381.002802	380.691216	
21.97833	544.450553	543.931861	381.070282	380.76103	
21.98847	544.518557	543.992948	381.138285	380.813389	
21.99901	544.589908	544.054034	381.209636	380.883203	
22.00873	544.656169	544.115121	381.275898	380.935563	
22.01902	544.72709	544.176207	381.346819	381.005376	
22.0291	544.797078	544.246021	381.416807	381.066462	
22.03956	544.870437	544.307107	381.490166	381.127549	
22.0493	544.939261	544.368194	381.55899	381.188635	
22.05946	545.011714	544.42928	381.631443	381.249722	
22.06959	545.084561	544.490367	381.704289	381.319535	
22.07975	545.158222	544.56018	381.77795	381.380621	
22.09024	545.234983	544.621266	381.854712	381.441708	
22.10051	545.310814	544.69108	381.930542	381.502795	
22.11041	545.384335	544.760893	382.004064	381.563881	
22.12043	545.459445	544.821979	382.079173	381.633694	
22.13062	545.536495	544.891792	382.156224	381.694781	
22.14111	545.616452	544.961606	382.23618	381.755867	
22.15125	545.694262	545.031419	382.313991	381.816954	
22.16139	545.772767	545.109959	382.392496	381.87804	
22.17162	545.852544	545.179772	382.472273	381.947854	
22.18183	545.9329	545.249585	382.552629	382.00894	
22.19192	546.012801	545.319398	382.63253	382.070027	
22.20292	546.100789	545.397938	382.720518	382.13984	
22.21331	546.184393	545.476478	382.804122	382.200926	
22.22352	546.267232	545.555018	382.88696	382.262013	
22.2337	546.350489	545.633557	382.970218	382.331826	
22.24385	546.434127	545.712097	383.053856	382.392912	
22.25399	546.518241	545.78191	383.13797	382.453999	
22.2642	546.603656	545.86045	383.223385	382.523812	
22.27431	546.688634	545.93899	383.308363	382.584899	
22.28448	546.774943	546.01753	383.394672	382.645985	
22.29469	546.862099	546.09607	383.481827	382.715798	
22.30525	546.953045	546.183336	383.572773	382.776885	
22.31513	547.038617	546.261876	383.658346	382.837971	
22.32523	547.126759	546.340416	383.746487	382.899058	
22.33535	547.215681	546.427682	383.83541	382.960144	
22.34563	547.306613	546.514949	383.926341	383.029958	
22.35787	547.415918	546.619668	384.035647	383.099771	
22.3679	547.505862	546.698208	384.125591	383.169584	
22.37798	547.597065	546.785475	384.216793	383.230671	
22.38854	547.693283	546.872741	384.313012	383.300484	
22.39834	547.782979	546.960008	384.402708	383.36157	
22.40848	547.876546	547.047274	384.496275	383.422657	
22.41871	547.971528	547.134541	384.591256	383.483743	
22.42882	548.06592	547.221807	384.685648	383.553556	
22.43959	548.167386	547.3178	384.787115	383.62337	
22.44933	548.259659	547.405067	384.879388	383.684456	
22.45939	548.355455	547.492333	384.975184	383.745543	
22.4698	548.455285	547.588326	385.075014	383.815356	
22.47968	548.550601	547.675593	385.170329	383.876442	
22.48985	548.649393	547.771586	385.269121	383.937529	
22.5	548.748618	547.858852	385.368347	384.007342	
22.51023	548.849217	547.946119	385.468945	384.068429	
22.52036	548.949444	548.042112	385.569173	384.129515	
22.53055	549.05093	548.138105	385.670659	384.199328	
22.541	549.155699	548.234098	385.775428	384.260415	
22.55127	549.261277	548.330091	385.881005	384.321501	
22.56154	549.363284	548.426084	385.983013	384.391314	
22.57163	549.466301	548.522077	386.086029	384.452401	
22.58181	549.570747	548.61807	386.190475	384.513488	
22.59195	549.67547	548.714064	386.295199	384.583301	
22.60214	549.781261	548.818783	386.40099	384.644387	
22.62016	549.970756	548.993316	386.590485	384.757834	
22.62549	550.026856	549.045676	386.646585	384.79274	
22.63566	550.134505	549.150396	386.754234	384.853827	
22.64565	550.240831	549.246389	386.860559	384.914913	
22.65578	550.349288	549.351109	386.969017	384.984726	
22.66594	550.458741	549.455828	387.07847	385.045813	
22.67607	550.568443	549.560548	387.188171	385.106899	
22.6862	550.678716	549.665268	387.298445	385.176713	
22.69638	550.790565	549.769988	387.410294	385.229073	
22.70696	550.906884	549.883434	387.526613	385.298886	
22.71675	551.015283	549.988154	387.635012	385.368699	
22.72688	551.127917	550.092874	387.747645	385.429785	
22.737	551.241277	550.20632	387.861005	385.490872	
22.74737	551.358044	550.319766	387.977772	385.551958	
22.75752	551.4729	550.424486	388.092629	385.613045	
22.76771	551.588868	550.529206	388.208596	385.682858	
22.77782	551.704524	550.651379	388.324253	385.743945	
22.78828	551.824806	550.756099	388.444534	385.805031	
22.79814	551.938843	550.869545	388.558572	385.866118	
22.80952	552.07133	550.982992	388.691059	385.927204	
22.81845	552.175516	551.105165	388.795245	385.997017	
22.82861	552.294783	551.218611	388.914512	386.058104	
22.83876	552.414681	551.332057	389.034409	386.11919	
22.84898	552.535951	551.445504	389.155679	386.189004	
22.86122	552.682298	551.567677	389.302026	386.241363	
22.86917	552.777418	551.681123	389.397147	386.311177	
22.87941	552.900298	551.803296	389.520027	386.372263	
22.88985	553.02559	551.925469	389.645319	386.43335	
22.89966	553.143346	552.038916	389.763075	386.503163	
22.91095	553.278802	552.161089	389.898531	386.555523	
22.91996	553.38691	552.283262	390.006639	386.625336	
22.9301	553.508554	552.405435	390.128283	386.686422	
22.94029	553.63093	552.518881	390.250659	386.747509	
22.95053	553.753846	552.649781	390.373575	386.817322	
22.96062	553.874782	552.763227	390.494511	386.869682	
22.97089	553.998046	552.8854	390.617775	386.939495	
22.98096	554.11897	553.007573	390.738699	387.000582	
22.99111	554.240722	553.129747	390.860451	387.061668	
23.00127	554.362582	553.25192	390.982311	387.114028	
23.01235	554.49565	553.374093	391.115379	387.175115	
23.02163	554.606878	553.496266	391.226607	387.236201	
23.03176	554.728486	553.618439	391.348215	387.288561	
23.04195	554.850814	553.740612	391.470543	387.358374	
23.05212	554.972746	553.862785	391.592475	387.410734	
23.06227	555.094666	553.984958	391.714395	387.463094	
23.07244	555.216994	554.115858	391.836723	387.532907	
23.08295	555.34279	554.229304	391.962519	387.585267	
23.09275	555.460342	554.360204	392.080071	387.637627	
23.10291	555.582262	554.482377	392.201991	387.70744	
23.1137	555.71179	554.613276	392.331519	387.7598	
23.12334	555.827446	554.735449	392.447175	387.81216	
23.13339	555.948118	554.857623	392.567847	387.873246	
23.1436	556.070674	554.979796	392.690403	387.934333	
23.15383	556.193434	555.101969	392.813163	387.986693	
23.16392	556.314502	555.224142	392.934231	388.047779	
23.17406	556.436134	555.346315	393.055863	388.108866	
23.18421	556.557934	555.468488	393.177663	388.161226	
23.19467	556.683586	555.590661	393.303315	388.222312	
23.20457	556.80217	555.72156	393.421899	388.283399	
23.21492	556.92643	555.843734	393.546159	388.335759	
23.22493	557.046574	555.974633	393.666303	388.396845	
23.23513	557.168974	556.096806	393.788703	388.457932	
23.24527	557.290642	556.218979	393.910371	388.510291	
23.25543	557.412502	556.341152	394.032231	388.580105	
23.26575	557.53645	556.463325	394.156179	388.632465	
23.27584	557.65753	556.602952	394.277259	388.693551	
23.28601	557.779546	556.716398	394.399275	388.754638	
23.29618	557.901502	556.847298	394.521231	388.806997	
23.30634	558.023398	556.969471	394.643127	388.868084	
23.32567	558.255514	557.109097	394.875243	388.929171	
23.33099	558.319234	557.266177	394.938963	389.016437	
23.34114	558.441034	557.397077	395.060763	389.068797	
23.35135	558.56365	557.51925	395.183379	389.129883	
23.36154	558.68587	557.650149	395.305599	389.19097	
23.38183	558.929398	557.894495	395.549127	389.313143	
23.38706	558.992134	557.964309	395.611863	389.339323	
23.39729	559.114882	558.086482	395.734611	389.400409	
23.40739	559.236094	558.217381	395.855823	389.461496	
23.41898	559.375174	558.348281	395.994903	389.522582	
23.42905	559.496038	558.479181	396.115767	389.592396	
23.44733	559.715446	558.61008	396.335175	389.653482	
23.45256	559.778086	558.775887	396.397815	389.732022	
23.46268	559.899598	558.906786	396.519327	389.793108	
23.47284	560.021566	559.028959	396.641295	389.854195	
23.48303	560.143738	559.151132	396.763467	389.906555	
23.49314	560.265094	559.282032	396.884823	389.976368	
23.50329	560.38687	559.404205	397.006599	390.028728	
23.51344	560.508634	559.535105	397.128363	390.089814	
23.52358	560.63041	559.648551	397.250139	390.150901	
23.53379	560.752822	559.779451	397.372551	390.211988	
23.5443	560.879074	559.901624	397.498803	390.273074	
23.55413	560.996902	560.023797	397.616631	390.334161	
23.56434	561.119494	560.14597	397.739223	390.395247	
23.57448	561.24121	560.268143	397.860939	390.46506	
23.58466	561.363334	560.399043	397.983063	390.51742	
23.595	561.487438	560.512489	398.107167	390.578507	
23.605	561.60745	560.643389	398.227179	390.639593	
23.61511	561.728698	560.756835	398.348427	390.709406	
23.6253	561.850906	560.879008	398.470635	390.761766	
23.64375	562.072414	561.105901	398.692143	390.875213	
23.65711	562.232782	561.166988	398.852511	390.910119	
23.66264	562.29913	561.324067	398.918859	390.988659	
23.67246	562.41691	561.44624	399.036639	391.049746	
23.68264	562.539106	561.568413	399.158835	391.102105	
23.69308	562.664326	561.690587	399.284055	391.163192	
23.70297	562.782982	561.804033	399.402711	391.224278	
23.7131	562.90453	561.934933	399.524259	391.285365	
23.72341	563.028346	562.057106	399.648075	391.346452	
23.73349	563.149366	562.179279	399.769095	391.407538	
23.74364	563.271034	562.310178	399.890763	391.468625	
23.75386	563.393758	562.432351	400.013487	391.529711	
23.76403	563.515738	562.554525	400.135467	391.590798	
23.7742	563.637754	562.676698	400.257483	391.651884	
23.7843	563.759002	562.798871	400.378731	391.712971	
23.79491	563.886334	562.921044	400.506063	391.774057	
23.80472	564.00409	563.043217	400.623819	391.826417	
23.81486	564.125638	563.16539	400.745367	391.89623	
23.82539	564.25207	563.278836	400.871799	391.94859	
23.83541	564.372322	563.409736	400.992051	392.009677	
23.84534	564.491494	563.523182	401.111223	392.070763	
23.85546	564.612886	563.645355	401.232615	392.13185	
23.86708	564.752482	563.784982	401.372211	392.201663	
23.87597	564.859018	563.889701	401.478747	392.254023	
23.88613	564.98089	564.011874	401.600619	392.315109	
23.89633	565.103386	564.134047	401.723115	392.376196	
23.90652	565.225642	564.256221	401.845371	392.437282	
23.91672	565.348078	564.378394	401.967807	392.489642	
23.92689	565.470118	564.500567	402.089847	392.559455	
23.93701	565.591606	564.62274	402.211335	392.611815	
23.94721	565.714102	564.744913	402.333831	392.672902	
23.95741	565.836382	564.867086	402.456111	392.733988	
23.96748	565.957174	564.989259	402.576903	392.795075	
23.97771	566.07991	565.120159	402.699639	392.856161	
23.98816	566.205358	565.233605	402.825087	392.908521	
23.99796	566.322862	565.364505	402.942591	392.969608	
24.00814	566.445046	565.477951	403.064775	393.030694	
24.01826	566.566486	565.608851	403.186215	393.083054	
24.0285	566.689414	565.731024	403.309143	393.144141	
24.03857	566.810218	565.853197	403.429947	393.205227	
24.04875	566.932366	565.966643	403.552095	393.257587	
24.05903	567.055762	566.097543	403.675491	393.3274	
24.06922	567.178078	566.219716	403.797807	393.37976	
24.07922	567.297958	566.341889	403.917687	393.440847	
24.08982	567.425218	566.464062	404.044947	393.501933	
24.09955	567.542002	566.586235	404.161731	393.554293	
24.10965	567.663178	566.708408	404.282907	393.61538	
24.12016	567.789358	566.830581	404.409087	393.676466	
24.1305	567.913474	566.952754	404.533203	393.737553	
24.14913	568.136962	567.179647	404.756691	393.850999	
24.15431	568.199134	567.240734	404.818863	393.877179	
24.16455	568.321942	567.362907	404.941671	393.929539	
24.17493	568.446538	567.48508	405.066267	393.990625	
24.18476	568.564438	567.598526	405.184167	394.051712	
24.1952	568.689826	567.720699	405.309555	394.112798	
24.20508	568.808254	567.842872	405.427983	394.165158	
24.21573	568.936222	567.973772	405.555951	394.226245	
24.22614	569.061166	568.095945	405.680895	394.287331	
24.23583	569.177446	568.226845	405.797175	394.339691	
24.24601	569.299618	568.340291	405.919347	394.409504	
24.25615	569.421106	568.462464	406.040835	394.461864	
24.26635	569.543614	568.584637	406.163343	394.514224	
24.28432	569.75929	568.802803	406.379019	394.618944	
24.28983	569.82541	568.86389	406.445139	394.65385	
24.29963	569.942866	568.986063	406.562595	394.714937	
24.30976	570.064474	569.116962	406.684203	394.776024	
24.31997	570.187042	569.239136	406.806771	394.828383	
24.33012	570.30883	569.352582	406.928559	394.88947	
24.3403	570.431038	569.483482	407.050767	394.950556	
24.35049	570.553246	569.605655	407.172975	395.011643	
24.36097	570.67903	569.727828	407.298759	395.072729	
24.37081	570.797098	569.850001	407.416827	395.125089	
24.38098	570.91921	569.972174	407.538939	395.186176	
24.39114	571.041154	570.094347	407.660883	395.247262	
24.40132	571.163314	570.21652	407.783043	395.308349	
24.41146	571.284934	570.338693	407.904663	395.360709	
24.42161	571.406722	570.460866	408.026451	395.421795	
24.43174	571.528294	570.583039	408.148023	395.482882	
24.44199	571.651354	570.713939	408.271083	395.543968	
24.45241	571.776298	570.836112	408.396027	395.596328	
24.46228	571.894762	570.958285	408.514491	395.657415	
24.47238	572.015866	571.089185	408.635595	395.718501	
24.48324	572.146378	571.211358	408.766107	395.779588	
24.49315	572.265166	571.333531	408.884895	395.840674	
24.50327	572.386654	571.455704	409.006383	395.901761	
24.51346	572.509006	571.577877	409.128735	395.962847	
24.52361	572.63065	571.708776	409.250379	396.015207	
24.53376	572.752558	571.830949	409.372287	396.076294	
24.54395	572.874814	571.953123	409.494543	396.13738	
24.55414	572.997034	572.084022	409.616763	396.198467	
24.5643	573.118954	572.197469	409.738683	396.259553	
24.57451	573.24163	572.319642	409.861359	396.32064	
24.58466	573.363346	572.450541	409.983075	396.381726	
24.59497	573.487054	572.572714	410.106783	396.434086	
24.60491	573.606298	572.694887	410.226027	396.503899	
24.61542	573.73249	572.817061	410.352219	396.556259	
24.62527	573.850666	572.939234	410.470395	396.617346	
24.63543	573.97261	573.061407	410.592339	396.678432	
24.6457	574.095826	573.18358	410.715555	396.739519	
24.65618	574.221634	573.305753	410.841363	396.800605	
24.666	574.339342	573.427926	410.959071	396.861692	
24.6761	574.460578	573.541372	411.080307	396.922778	
24.6863	574.583062	573.663545	411.202791	396.983865	
24.69645	574.705726	573.785718	411.325455	397.044952	
24.70664	574.82713	573.907891	411.446859	397.097311	
24.7168	574.948978	574.030064	411.568707	397.158398	
24.72718	575.073574	574.160964	411.693303	397.219484	
24.73736	575.195794	574.27441	411.815523	397.280571	
24.74755	575.318026	574.396583	411.937755	397.341658	
24.75776	575.440606	574.518757	412.060335	397.402744	
24.76788	575.561878	574.649656	412.181607	397.455104	
24.77824	575.686354	574.763103	412.306083	397.51619	
24.78838	575.807974	574.894002	412.427703	397.577277	
24.79838	575.927986	575.016175	412.547715	397.638363	
24.80876	576.052582	575.138348	412.672311	397.690723	
24.81885	576.173662	575.260521	412.793391	397.75181	
24.82877	576.292582	575.382695	412.912311	397.812896	
24.83959	576.422554	575.504868	413.042283	397.865256	
24.84929	576.538858	575.627041	413.158587	397.935069	
24.85944	576.660718	575.740487	413.280447	397.987429	
24.86997	576.78703	575.871387	413.406759	398.048516	
24.88013	576.908974	575.99356	413.528703	398.109602	
24.89029	577.030942	576.115733	413.650671	398.170689	
24.90841	577.248262	576.333899	413.867991	398.284135	
24.91355	577.309942	576.394985	413.929671	398.310315	
24.92376	577.432606	576.517159	414.052335	398.371402	
24.93465	577.563286	576.639332	414.183015	398.423762	
24.9441	577.676722	576.761505	414.296451	398.493575	
24.95426	577.798594	576.883678	414.418323	398.545935	
24.96458	577.922362	577.005851	414.542091	398.607021	
24.97457	578.04217	577.128024	414.661899	398.668108	
24.9847	578.163718	577.250197	414.783447	398.729194	
24.99485	578.285614	577.37237	414.905343	398.790281	
25.00536	578.411746	577.494543	415.031475	398.842641	
25.01518	578.529598	577.616716	415.149327	398.912454	
25.02564	578.655094	577.738889	415.274823	398.964814	
25.03623	578.782174	577.861062	415.401903	399.0259	
25.0459	578.898166	577.991962	415.517895	399.086987	
25.05608	579.020374	578.105408	415.640103	399.148073	
25.06621	579.141874	578.236308	415.761603	399.200433	
25.07636	579.26371	578.358481	415.883439	399.26152	
25.08697	579.391066	578.480654	416.010795	399.322606	
25.0972	579.513802	578.602827	416.133531	399.383693	
25.10751	579.637498	578.725	416.257227	399.436053	
25.11728	579.754702	578.847173	416.374431	399.505866	
25.12752	579.877582	578.969346	416.497311	399.558226	
25.14742	580.11649	579.091519	416.736219	399.619312	
25.15262	580.179214	579.274779	416.798943	399.706579	
25.16283	580.301434	579.388225	416.921163	399.767665	
25.17297	580.423054	579.519125	417.042783	399.820025	
25.18306	580.544038	579.641298	417.163767	399.889838	
25.19327	580.666726	579.763471	417.286455	399.942198	
25.20349	580.789282	579.876917	417.409011	400.003285	
25.21389	580.914106	579.99909	417.533835	400.064371	
25.22405	581.03599	580.121263	417.655719	400.125458	
25.23393	581.154538	580.243436	417.774267	400.186544	
25.24411	581.276698	580.374336	417.896427	400.238904	
25.25421	581.397922	580.496509	418.017651	400.308717	
25.26437	581.519734	580.609956	418.139463	400.361077	
25.27459	581.642434	580.732129	418.262163	400.422164	
25.28469	581.76367	580.863028	418.383399	400.48325	
25.29483	581.885302	580.985201	418.505031	400.544337	
25.30497	582.00703	581.107374	418.626759	400.596697	
25.31524	582.130366	581.229547	418.750095	400.657783	
25.32536	582.251626	581.351721	418.871355	400.71887	
25.33548	582.373258	581.465167	418.992987	400.779956	
25.34581	582.49711	581.596067	419.116839	400.841043	
25.35622	582.622114	581.71824	419.241843	400.902129	
25.36605	582.739966	581.840413	419.359695	400.963216	
25.38687	582.99073	582.084759	419.610459	401.076662	
25.39212	583.052842	582.154572	419.672571	401.111569	
25.40232	583.175254	582.276745	419.794983	401.172655	
25.41253	583.297798	582.398918	419.917527	401.233742	
25.42278	583.420798	582.521091	420.040527	401.294828	
25.43281	583.541062	582.643264	420.160791	401.355915	
25.44335	583.667638	582.765437	420.287367	401.417001	
25.45328	583.786774	582.88761	420.406503	401.478088	
25.46334	583.907446	583.009783	420.527175	401.539174	
25.47349	584.029222	583.131956	420.648951	401.600261	
25.48393	584.154562	583.254129	420.774291	401.661347	
25.49409	584.276578	583.376302	420.896307	401.722434	
25.50397	584.395042	583.498476	421.014771	401.774794	
25.51412	584.516878	583.620649	421.136607	401.844607	
25.52453	584.641774	583.751548	421.261503	401.896967	
25.53439	584.760058	583.864995	421.379787	401.958053	
25.54582	584.89729	584.004621	421.517019	402.027867	
25.55481	585.005146	584.109341	421.624875	402.088953	
25.56492	585.126442	584.24024	421.746171	402.141313	
25.5751	585.248614	584.362414	421.868343	402.202399	
25.58524	585.370306	584.484587	421.990035	402.263486	
25.59553	585.493822	584.60676	422.113551	402.333299	
25.6056	585.614566	584.728933	422.234295	402.385659	
25.61577	585.736654	584.851106	422.356383	402.446746	
25.62631	585.863146	584.973279	422.482875	402.507832	
25.63624	585.982318	585.095452	422.602047	402.577645	
25.64737	586.115902	585.226351	422.735631	402.647458	
25.6574	586.236154	585.348525	422.855883	402.708545	
25.66792	586.36255	585.470698	422.982279	402.769631	
25.67785	586.481602	585.592871	423.101331	402.821991	
25.68827	586.606702	585.715044	423.226431	402.891805	
25.69801	586.723438	585.837217	423.343167	402.952891	
25.70812	586.844854	585.95939	423.464583	403.013978	
25.71835	586.967614	586.081563	423.587343	403.075064	
25.72851	587.089486	586.203736	423.709215	403.136151	
25.73886	587.213782	586.325909	423.833511	403.205964	
25.74884	587.333542	586.448082	423.953271	403.26705	
25.75941	587.46031	586.561528	424.080039	403.328137	
25.76917	587.577442	586.692428	424.197171	403.389223	
25.7796	587.702674	586.805874	424.322403	403.45031	
25.79006	587.82817	586.928048	424.447899	403.511396	
25.79984	587.945542	587.050221	424.565271	403.572483	
25.80984	588.065446	587.18112	424.685175	403.633569	
25.81996	588.186922	587.303293	424.806651	403.694656	
25.83038	588.311962	587.425466	424.931691	403.755743	
25.84026	588.430522	587.547639	425.050251	403.816829	
25.85078	588.55681	587.669812	425.176539	403.877916	
25.87083	588.79741	587.887979	425.417139	403.982635	
25.87599	588.859222	587.983972	425.478951	404.026269	
25.88619	588.981778	588.097418	425.601507	404.087355	
25.8964	589.104202	588.219591	425.723931	404.148442	
25.90684	589.229518	588.350491	425.849247	404.209528	
25.91713	589.353046	588.472664	425.972775	404.270615	
25.92685	589.469686	588.58611	426.089415	404.331701	
25.94504	589.687906	588.71701	426.307635	404.392788	
25.95148	589.765198	588.891543	426.384927	404.480054	
25.96166	589.88731	589.013716	426.507039	404.541141	
25.97991	590.10637	589.135889	426.726099	404.602227	
25.98505	590.16793	589.292969	426.787659	404.680767	
25.99534	590.29153	589.415142	426.911259	404.741854	
26.00576	590.41657	589.546041	427.036299	404.80294	
26.01561	590.53471	589.668214	427.154439	404.864027	
26.02573	590.65615	589.790387	427.275879	404.916386	
26.03587	590.777854	589.921287	427.397583	404.977473	
26.04602	590.899546	590.04346	427.519275	405.03856	
26.05621	591.021922	590.165633	427.641651	405.099646	
26.06636	591.14371	590.287806	427.763439	405.160733	
26.07684	591.269458	590.427433	427.889187	405.221819	
26.08731	591.395158	590.549606	428.014887	405.282906	
26.0972	591.513826	590.671779	428.133555	405.335265	
26.1074	591.636262	590.793952	428.255991	405.396352	
26.11747	591.757018	590.916125	428.376747	405.457439	
26.12788	591.88195	591.047025	428.501679	405.518525	
26.13813	592.00501	591.160471	428.624739	405.579612	
26.14798	592.123198	591.282644	428.742927	405.640698	
26.15812	592.24489	591.404817	428.864619	405.701785	
26.16845	592.368778	591.52699	428.988507	405.754145	
26.17867	592.491514	591.649163	429.111243	405.823958	
26.18856	592.610062	591.780063	429.229791	405.876318	
26.19905	592.736002	591.902236	429.355731	405.937404	
26.20917	592.857454	592.024409	429.477183	405.998491	
26.2198	592.985062	592.146582	429.604791	406.059577	
26.22945	593.100826	592.268755	429.720555	406.120664	
26.23984	593.225518	592.382201	429.845247	406.18175	
26.24996	593.34697	592.504374	429.966699	406.242837	
26.25991	593.466286	592.626548	430.086015	406.303923	
26.27033	593.591434	592.748721	430.211163	406.36501	
26.2802	593.709766	592.870894	430.329495	406.41737	
26.29038	593.831998	592.993067	430.451727	406.487183	
26.30844	594.048682	593.211233	430.668411	406.591903	
26.31361	594.110722	593.272319	430.730451	406.626809	
26.32386	594.233782	593.394492	430.853511	406.679169	
26.33394	594.354682	593.516665	430.974411	406.740256	
26.34411	594.47671	593.638838	431.096439	406.801342	
26.35543	594.61261	593.761012	431.232339	406.862429	
26.36454	594.72187	593.883185	431.341599	406.923515	
26.3746	594.84259	594.005358	431.462319	406.984602	
26.38498	594.96727	594.127531	431.586999	407.045688	
26.39494	595.086706	594.240977	431.706435	407.106775	
26.40509	595.20841	594.36315	431.828139	407.167861	
26.41553	595.333822	594.485323	431.953551	407.220221	
26.42543	595.452538	594.607496	432.072267	407.290034	
26.43561	595.574746	594.729669	432.194475	407.351121	
26.44587	595.697914	594.851842	432.317643	407.412207	
26.45675	595.828834	594.974015	432.448563	407.464567	
26.46628	595.94275	595.096188	432.562479	407.53438	
26.47641	596.064226	595.218361	432.683955	407.595467	
26.48687	596.19067	595.340535	432.810399	407.656553	
26.49681	596.309146	595.462708	432.928875	407.71764	
26.50694	596.430598	595.584881	433.050327	407.778726	
26.52554	596.65393	595.698327	433.273659	407.839813	
26.53101	596.719606	595.87286	433.339335	407.918353	
26.54144	596.84473	595.995033	433.464459	407.979439	
26.55129	596.962954	596.117206	433.582683	408.040526	
26.56151	597.085558	596.239379	433.705287	408.101612	
26.57201	597.21163	596.361552	433.831359	408.162699	
26.58182	597.329266	596.492452	433.948995	408.223785	
26.59198	597.451174	596.605898	434.070903	408.284872	
26.6022	597.57385	596.736798	434.193579	408.345958	
26.61263	597.699022	596.858971	434.318751	408.407045	
26.62248	597.817138	596.981144	434.436867	408.468131	
26.63276	597.940942	597.112044	434.560671	408.529218	
26.64326	598.06657	597.234217	434.686299	408.590305	
26.65311	598.184686	597.35639	434.804415	408.651391	
26.66337	598.307962	597.478563	434.927691	408.721204	
26.67342	598.428442	597.600736	435.048171	408.773564	
26.68366	598.551346	597.722909	435.171075	408.843377	
26.69378	598.672714	597.845082	435.292443	408.904464	
26.70396	598.794874	597.967255	435.414603	408.96555	
26.72228	599.014786	598.089428	435.634515	409.026637	
26.72747	599.076958	598.246508	435.696687	409.105177	
26.7381	599.204638	598.368681	435.824367	409.17499	
26.74788	599.322082	598.490854	435.941811	409.236076	
26.7668	599.54911	598.613027	436.168839	409.297163	
26.772	599.611342	598.778833	436.231071	409.384429	
26.78216	599.73337	598.909733	436.353099	409.445516	
26.79231	599.855086	599.023179	436.474815	409.506602	
26.80247	599.976994	599.145352	436.596723	409.567689	
26.81275	600.100426	599.267525	436.720155	409.628775	
26.82283	600.221386	599.389698	436.841115	409.698589	
26.83308	600.34435	599.511871	436.964079	409.759675	
26.8432	600.465838	599.634044	437.085567	409.820762	
26.85332	600.587314	599.756218	437.207043	409.873122	
26.86352	600.709666	599.878391	437.329395	409.942935	
26.87483	600.845434	600.018017	437.465163	410.012748	
26.88404	600.95587	600.131463	437.575599	410.065108	
26.89437	601.07983	600.253636	437.699559	410.126194	
26.90437	601.199878	600.375809	437.819607	410.187281	
26.91453	601.321762	600.497982	437.941491	410.248367	
26.9248	601.44505	600.620155	438.064779	410.309454	
26.93482	601.565218	600.733602	438.184947	410.361814	
26.94538	601.69195	600.864502	438.311679	410.431627	
26.96391	601.914382	600.986675	438.534111	410.492713	
26.96916	601.977322	601.143754	438.597051	410.571253	
26.97937	602.099794	601.265927	438.719523	410.63234	
26.98976	602.224558	601.3881	438.844287	410.693426	
26.99956	602.342074	601.510273	438.961803	410.745786	
27.00972	602.463994	601.632446	439.083723	410.815599	
27.01985	602.585518	601.75462	439.205247	410.867959	
27.03001	602.707426	601.876793	439.327155	410.929046	
27.04022	602.830018	601.998966	439.449747	410.990132	
27.05038	602.951986	602.121139	439.571715	411.051219	
27.06886	603.173722	602.348031	439.793451	411.155939	
27.07408	603.236338	602.400391	439.856067	411.190845	
27.08416	603.35737	602.531291	439.977099	411.251932	
27.09447	603.481126	602.653464	440.100855	411.304292	
27.10479	603.60487	602.775637	440.224599	411.365378	
27.11466	603.723286	602.89781	440.343015	411.426465	
27.12506	603.84811	603.019983	440.467839	411.478824	
27.13502	603.967618	603.142156	440.587347	411.548638	
27.14519	604.08979	603.264329	440.709519	411.600997	
27.15541	604.212322	603.377776	440.832051	411.662084	
27.17444	604.440754	603.613395	441.060483	411.77553	
27.17959	604.502422	603.674482	441.122151	411.80171	
27.19017	604.62949	603.796655	441.249219	411.862797	
27.1999	604.746214	603.918828	441.365943	411.923883	
27.21011	604.86871	604.041001	441.488439	411.98497	
27.22029	604.990822	604.154447	441.610551	412.03733	
27.23041	605.112322	604.285347	441.732051	412.098416	
27.24912	605.336818	604.503513	441.956547	412.211863	
27.25454	605.401942	604.5646	442.021671	412.246769	
27.26549	605.533378	604.695499	442.153107	412.299129	
27.27479	605.64487	604.808946	442.264599	412.360216	
27.28496	605.766922	604.931119	442.386651	412.421302	
27.29545	605.89285	605.053292	442.512579	412.482389	
27.30558	606.014398	605.175465	442.634127	412.543475	
27.31576	606.136438	605.297638	442.756167	412.595835	
27.32612	606.260854	605.419811	442.880583	412.665648	
27.33621	606.381862	605.533257	443.001591	412.726735	
27.34653	606.505846	605.65543	443.125575	412.779095	
27.35898	606.655234	605.777603	443.274963	412.840181	
27.36923	606.781318	605.899776	443.401047	412.901268	
27.37843	606.888526	606.039403	443.508255	412.971081	
27.38878	607.012834	606.170303	443.632563	413.032167	
27.39875	607.132378	606.283749	443.752107	413.084527	
27.40898	607.255102	606.414649	443.874831	413.154341	
27.41914	607.377046	606.528095	443.996775	413.2067	
27.4293	607.499026	606.650268	444.118755	413.267787	
27.4399	607.626202	606.772441	444.245931	413.328873	
27.44973	607.744162	606.894614	444.363891	413.38996	
27.4602	607.869862	607.016787	444.489591	413.451047	
27.47067	607.995526	607.147687	444.615255	413.52086	
27.48081	608.117098	607.26986	444.736827	413.581946	
27.49111	608.240758	607.392033	444.860487	413.643033	
27.50126	608.362522	607.514206	444.982251	413.704119	
27.51143	608.48449	607.636379	445.104219	413.765206	
27.5218	608.609026	607.767279	445.228755	413.826292	
27.53173	608.728174	607.880725	445.347903	413.887379	
27.54193	608.850538	608.011625	445.470267	413.957192	
27.55215	608.97325	608.133798	445.592979	414.018279	
27.56257	609.09829	608.255971	445.718019	414.079365	
27.57301	609.223594	608.378144	445.843323	414.140452	
27.58257	609.338242	608.500317	445.957971	414.201538	
27.5928	609.461098	608.62249	446.080827	414.262625	
27.60299	609.583282	608.744663	446.203011	414.323711	
27.61343	609.708574	608.866836	446.328303	414.384798	
27.62325	609.826366	608.997736	446.446095	414.445884	
27.63339	609.94801	609.119909	446.567739	414.515697	
27.64365	610.071202	609.242082	446.690931	414.576784	
27.66194	610.290682	609.364255	446.910411	414.63787	
27.66714	610.353106	609.521335	446.972835	414.725137	
27.67724	610.474354	609.643508	447.094083	414.786223	
27.68737	610.595842	609.774407	447.215571	414.84731	
27.69767	610.719454	609.89658	447.339183	414.917123	
27.70785	610.841614	610.018754	447.461343	414.97821	
27.71795	610.962934	610.140927	447.582663	415.039296	
27.72807	611.084278	610.2631	447.704007	415.109109	
27.7384	611.208274	610.385273	447.828003	415.170196	
27.75658	611.426338	610.507446	448.046067	415.240009	
27.76221	611.49391	610.673252	448.113639	415.327275	
27.77341	611.628406	610.795425	448.248135	415.388362	
27.78246	611.736922	610.917598	448.356651	415.458175	
27.79263	611.859034	611.048498	448.478763	415.519262	
27.80283	611.981326	611.161944	448.601055	415.589075	
27.81301	612.103474	611.292844	448.723203	415.650161	
27.82334	612.227494	611.415017	448.847223	415.719975	
27.83355	612.349978	611.53719	448.969707	415.781061	
27.84368	612.471502	611.659363	449.091231	415.842148	
27.85377	612.59263	611.790263	449.212359	415.911961	
27.86398	612.715126	611.912436	449.334855	415.973047	
27.87696	612.870982	612.034609	449.490711	416.034134	
27.88424	612.95833	612.156782	449.578059	416.103947	
27.8944	613.080118	612.278955	449.699847	416.165033	
27.90455	613.201966	612.401128	449.821695	416.22612	
27.91478	613.324786	612.523301	449.944515	416.295933	
27.92505	613.44799	612.654201	450.067719	416.35702	
27.93541	613.572322	612.767647	450.192051	416.418106	
27.94539	613.692178	612.898547	450.311907	416.479193	
27.95555	613.814038	613.011993	450.433767	416.540279	
27.9657	613.935886	613.142893	450.555615	416.610092	
27.97676	614.068978	613.265066	450.688707	416.671179	
27.986	614.17939	613.387239	450.799119	416.732265	
27.99652	614.305714	613.509412	450.925443	416.793352	
28.00627	614.422582	613.640312	451.042311	416.854439	
28.0166	614.546578	613.753758	451.166307	416.924252	
28.02661	614.666734	613.884658	451.286463	416.985338	
28.03691	614.79121	614.006831	451.410939	417.046425	
28.04694	614.910742	614.129004	451.530471	417.116238	
28.05708	615.032362	614.251177	451.652091	417.177324	
28.06736	615.155722	614.37335	451.775451	417.238411	
28.07872	615.292066	614.495523	451.911795	417.308224	
28.08752	615.397654	614.617696	452.017383	417.360584	
28.0977	615.519718	614.739869	452.139447	417.430397	
28.10789	615.642022	614.862042	452.261751	417.482757	
28.11805	615.763978	614.992942	452.383707	417.55257	
28.12824	615.886342	615.115115	452.506071	417.613657	
28.13837	616.007866	615.237288	452.627595	417.674743	
28.14852	616.129714	615.359461	452.749443	417.73583	
28.15867	616.251406	615.490361	452.871135	417.796916	
28.16887	616.373878	615.612534	452.993607	417.86673	
28.17992	616.506466	615.734707	453.126195	417.927816	
28.18954	616.621918	615.85688	453.241647	417.988903	
28.19931	616.73905	615.979053	453.358779	418.049989	
28.20951	616.861498	616.101226	453.481227	418.111076	
28.21968	616.983466	616.223399	453.603195	418.180889	
28.22977	617.104738	616.345572	453.724467	418.241975	
28.23998	617.227174	616.467745	453.846903	418.303062	
28.25011	617.348626	616.589918	453.968355	418.364148	
28.26029	617.47093	616.712091	454.090659	418.425235	
28.27049	617.593234	616.842991	454.212963	418.495048	
28.28119	617.721706	616.956437	454.341435	418.556135	
28.29104	617.839846	617.087337	454.459575	418.625948	
28.30126	617.962486	617.200783	454.582215	418.687034	
28.3117	618.08785	617.331683	454.707579	418.748121	
28.32161	618.206794	617.445129	454.826523	418.809207	
28.33177	618.32857	617.567303	454.948299	418.87902	
28.34222	618.454114	617.689476	455.073843	418.940107	
28.35211	618.572734	617.811649	455.192463	419.001194	
28.36231	618.695086	617.933822	455.314815	419.071007	
28.37251	618.8166	618.055995	455.436329	419.132093	
28.38376	618.949837	618.178168	455.569566	419.19318	
28.39285	619.056999	618.300341	455.676727	419.262993	
28.40299	619.175754	618.422514	455.795482	419.324079	
28.4131	619.293745	618.544687	455.913474	419.385166	
28.42326	619.411712	618.66686	456.031441	419.454979	
28.43342	619.529005	618.789033	456.148734	419.516066	
28.44378	619.647947	618.911206	456.267676	419.577152	
28.45373	619.761569	619.042106	456.381298	419.646965	
28.46407	619.879051	619.164279	456.49878	419.708052	
28.47441	619.996007	619.286452	456.615736	419.769138	
28.48504	620.11542	619.408625	456.735149	419.838952	
28.49451	620.221221	619.530798	456.840949	419.900038	
28.51281	620.42373	619.748964	457.043459	420.013484	
28.51808	620.481562	619.810051	457.10129	420.048391	
28.53638	620.681157	620.028217	457.300886	420.161837	
28.54209	620.743446	620.09803	457.363174	420.196744	
28.55227	620.85374	620.211476	457.473469	420.266557	
28.57057	621.049631	620.429642	457.66936	420.380004	
28.57576	621.105115	620.490729	457.724844	420.41491	
28.58635	621.217769	620.612902	457.837497	420.475997	
28.60416	621.404786	620.813615	458.024515	420.589443	
28.60936	621.459378	620.883428	458.079107	420.62435	
28.62771	621.649571	621.092868	458.2693	420.746523	
28.63289	621.703247	621.145227	458.322976	420.781429	
28.64326	621.810013	621.267401	458.429742	420.842516	
28.65349	621.914566	621.389574	458.534294	420.903602	
28.66365	622.017921	621.494293	458.637649	420.973416	
28.67378	622.120379	621.616466	458.740108	421.043229	
28.68476	622.230653	621.721186	458.850382	421.113042	
28.69439	622.326827	621.843359	458.946555	421.174128	
28.7043	622.425193	621.948079	459.044922	421.243942	
28.71443	622.525057	622.052799	459.144786	421.305028	
28.72463	622.625107	622.166245	459.244836	421.374841	
28.73502	622.726399	622.270965	459.346128	421.435928	
28.74523	622.825291	622.384411	459.44502	421.497014	
28.75511	622.920321	622.489131	459.540049	421.566828	
28.76523	623.017119	622.593851	459.636847	421.636641	
28.77544	623.114191	622.698571	459.73392	421.706454	
28.78605	623.214361	622.794564	459.83409	421.76754	
28.79576	623.305371	622.899283	459.9251	421.837354	
28.80593	623.400197	623.004003	460.019926	421.89844	
28.81607	623.494095	623.099996	460.113823	421.968253	
28.82626	623.587844	623.204716	460.207573	422.02934	
28.8364	623.680568	623.300709	460.300297	422.099153	
28.84684	623.775941	623.396702	460.395669	422.160239	
28.85664	623.863639	623.501422	460.483368	422.230053	
28.86686	623.955263	623.588688	460.574992	422.291139	
28.88741	624.136207	623.780675	460.755935	422.413312	
28.89256	624.181596	623.833035	460.801325	422.448219	
28.9027	624.270253	623.920301	460.889982	422.509305	
28.91296	624.359365	624.016294	460.979093	422.579118	
28.92309	624.446697	624.103561	461.066426	422.640205	
28.93322	624.53347	624.199554	461.153199	422.701292	
28.94373	624.622861	624.28682	461.24259	422.762378	
28.95353	624.705582	624.374087	461.325311	422.823465	
28.96384	624.791962	624.461353	461.411691	422.884551	
28.97384	624.875134	624.557346	461.494862	422.945638	
28.98407	624.959656	624.644613	461.579385	423.006724	
28.99448	625.045096	624.731879	461.664825	423.067811	
29.0044	625.125761	624.819146	461.74549	423.128897	
29.01483	625.210029	624.906412	461.829758	423.189984	
29.02496	625.291248	624.984952	461.910977	423.25107	
29.03514	625.372211	625.072218	461.99194	423.312157	
29.0453	625.452465	625.159485	462.072194	423.38197	
29.05548	625.532307	625.246751	462.152035	423.443056	
29.0656	625.610901	625.325291	462.23063	423.504143	
29.07575	625.689247	625.403831	462.308975	423.56523	
29.08591	625.767033	625.491097	462.386761	423.626316	
29.09605	625.84407	625.569637	462.463799	423.696129	
29.10629	625.921204	625.648177	462.540932	423.757216	
29.11644	625.997538	625.726717	462.617266	423.818302	
29.12657	626.072153	625.805257	462.691882	423.879389	
29.13688	626.148237	625.883796	462.767966	423.940475	
29.14696	626.221511	625.962336	462.84124	424.010288	
29.15743	626.297184	626.040876	462.916913	424.071375	
29.16722	626.367343	626.119416	462.987072	424.132462	
29.17737	626.439575	626.189229	463.059304	424.193548	
29.18776	626.51288	626.267769	463.132609	424.254635	
29.19828	626.586377	626.346309	463.206106	424.324448	
29.20788	626.652892	626.416122	463.272621	424.385534	
29.21809	626.723068	626.494662	463.342796	424.446621	
29.22823	626.792094	626.564475	463.411823	424.507707	
29.23836	626.860484	626.643015	463.480213	424.568794	
29.24861	626.929111	626.712828	463.548839	424.62988	
29.25868	626.995832	626.782641	463.615561	424.690967	
29.26923	627.065126	626.852454	463.684855	424.76078	
29.28694	627.179189	626.930994	463.798917	424.81314	
29.29227	627.213548	627.026987	463.833277	424.900406	
29.30231	627.277516	627.0968	463.897245	424.961493	
29.31281	627.343735	627.166613	463.963464	425.022579	
29.32262	627.405071	627.236427	464.0248	425.092393	
29.33282	627.468187	627.30624	464.087916	425.153479	
29.34306	627.531026	627.367326	464.150755	425.214566	
29.35312	627.592065	627.437139	464.211794	425.275652	
29.36323	627.652844	627.498226	464.272573	425.336739	
29.38285	627.767978	627.629126	464.387707	425.458912	
29.38805	627.798484	627.664032	464.418213	425.493818	
29.39865	627.860059	627.725119	464.479788	425.554905	
29.4084	627.91603	627.794932	464.535758	425.615991	
29.41887	627.975535	627.856018	464.595264	425.677078	
29.43687	628.075462	627.917105	464.695191	425.738164	
29.44208	628.104434	627.995645	464.724163	425.825431	
29.45224	628.160126	628.056731	464.779855	425.886517	
29.46272	628.216964	628.117818	464.836693	425.947604	
29.48102	628.313998	628.178904	464.933726	426.00869	
29.48627	628.341585	628.257444	464.961314	426.095957	
29.49785	628.401988	628.309804	465.021717	426.16577	
29.5066	628.447211	628.370891	465.066939	426.226857	
29.51672	628.498856	628.42325	465.118585	426.287943	
29.5272	628.551746	628.484337	465.171475	426.34903	
29.5371	628.601092	628.536697	465.220821	426.418843	
29.54748	628.652217	628.597783	465.271945	426.479929	
29.55739	628.700425	628.650143	465.320153	426.541016	
29.56754	628.749197	628.702503	465.368926	426.610829	
29.5858	628.834557	628.754863	465.454286	426.671916	
29.59104	628.859089	628.824676	465.478817	426.759182	
29.60126	628.906199	628.868309	465.525927	426.820269	
29.61144	628.952485	628.929396	465.572214	426.881355	
29.62156	628.997901	628.973029	465.617629	426.942442	
29.63204	629.044337	629.016662	465.664066	427.012255	
29.64186	629.087245	629.069022	465.706974	427.073341	
29.65207	629.131239	629.121382	465.750968	427.134428	
29.66217	629.174152	629.165015	465.793881	427.204241	
29.67232	629.216703	629.208649	465.836431	427.265328	
29.68265	629.259385	629.252282	465.879114	427.326414	
29.69259	629.299865	629.295915	465.919594	427.396227	
29.70282	629.340894	629.348275	465.960623	427.457314	
29.71302	629.381226	629.383182	466.000955	427.5184	
29.72317	629.42076	629.426815	466.040489	427.579487	
29.73334	629.459744	629.470448	466.079473	427.640573	
29.74361	629.498508	629.514081	466.118237	427.710386	
29.75368	629.535931	629.557714	466.15566	427.7802	
29.76411	629.574049	629.592621	466.193778	427.841286	
29.774	629.609636	629.627528	466.229365	427.902373	
29.7844	629.646412	629.671161	466.266141	427.963459	
29.79435	629.68102	629.706067	466.300748	428.024546	
29.80494	629.717324	629.749701	466.337053	428.094359	
29.81486	629.750502	629.784607	466.370231	428.164172	
29.8253	629.784931	629.828241	466.404659	428.225259	
29.83521	629.817072	629.863147	466.436801	428.286345	
29.84531	629.84924	629.898054	466.468969	428.356158	
29.85547	629.880949	629.93296	466.500677	428.408518	
29.86563	629.912102	629.967867	466.53183	428.478331	
29.87735	629.947177	630.002773	466.566905	428.539418	
29.88586	629.972258	630.03768	466.591987	428.600504	
29.89605	630.001696	630.06386	466.621425	428.661591	
29.90624	630.030547	630.098767	466.650275	428.722677	
29.91639	630.058636	630.133673	466.678365	428.783764	
29.92678	630.08682	630.16858	466.706549	428.844851	
29.93691	630.113683	630.19476	466.733412	428.914664	
29.94705	630.140001	630.229666	466.75973	428.967024	
29.9573	630.16597	630.255846	466.785698	429.036837	
29.96776	630.191864	630.290753	466.811593	429.097923	
29.97765	630.215789	630.325659	466.835518	429.15901	
29.98803	630.240258	630.351839	466.859987	429.21137	
29.99821	630.263697	630.378019	466.883425	429.281183	
30.00824	630.286182	630.412926	466.90591	429.333543	
30.01828	630.308127	630.439106	466.927855	429.394629	
30.02841	630.329693	630.465286	466.949422	429.455716	
30.03854	630.350665	630.491466	466.970393	429.508076	
30.0487	630.371113	630.517646	466.990841	429.569162	
30.05883	630.390913	630.543826	467.010642	429.630249	
30.06911	630.410402	630.570005	467.03013	429.682609	
30.07927	630.429106	630.596185	467.048835	429.734968	
30.08932	630.447012	630.622365	467.066741	429.796055	
30.09983	630.465127	630.648545	467.084856	429.848415	
30.1097	630.481585	630.674725	467.101313	429.909501	
30.11988	630.497987	630.692179	467.117716	429.961861	
30.1303	630.514174	630.718358	467.133903	430.014221	
30.14013	630.528889	630.744538	467.148618	430.066581	
30.15058	630.543926	630.761992	467.163655	430.118941	
30.16083	630.558099	630.779445	467.177828	430.171301	
30.17065	630.571153	630.796898	467.190882	430.223661	
30.18108	630.584407	630.814352	467.204135	430.27602	
30.19093	630.596396	630.823078	467.216125	430.319654	
30.20137	630.608498	630.831805	467.228227	430.372014	
30.21129	630.619476	630.849258	467.239205	430.415647	
30.22148	630.630182	630.849258	467.249911	430.468007	
30.23192	630.64056	630.857985	467.260288	430.51164	
30.24177	630.649847	630.866711	467.269575	430.555273	
30.25225	630.659127	630.866711	467.278856	430.607633	
30.26224	630.667455	630.866711	467.287183	430.651266	
30.28032	630.680437	630.866711	467.300166	430.6949	
30.28553	630.684215	630.866711	467.303943	430.747259	
30.29568	630.690925	630.866711	467.310654	430.790893	
30.31523	630.701486	630.866711	467.321214	430.834526	
30.32861	630.708085	630.857985	467.327814	430.921792	
30.33418	630.710794	630.866711	467.330522	430.939246	
30.34399	630.715032	630.866711	467.334761	430.974152	
30.35453	630.719068	630.866711	467.338797	431.009059	
30.36458	630.722491	630.866711	467.342219	431.043965	
30.37486	630.725544	630.866711	467.345273	431.078872	
30.38471	630.728084	630.866711	467.347813	431.113779	
30.40295	630.731194	630.866711	467.350923	431.148685	
30.40909	630.732282	630.866711	467.352011	431.192318	
30.41831	630.737909	630.866711	467.357638	431.218498	
30.42865	630.737909	630.866711	467.357638	431.253405	
30.4386	630.737909	630.866711	467.357638	431.279585	
30.44875	630.737909	630.866711	467.357638	431.305765	
30.46705	630.737909	630.866711	467.357638	431.340671	
30.47258	630.737909	630.866711	467.357638	431.375578	
30.48255	630.737909	630.866711	467.357638	431.401758	
30.49296	630.737909	630.866711	467.357638	431.427938	
30.50307	630.737909	630.866711	467.357638	431.445391	
30.51341	630.737909	630.866711	467.357638	431.480298	
30.52321	630.737909	630.866711	467.357638	431.497751	
30.53366	630.737909	630.866711	467.357638	431.515204	
30.54348	630.737909	630.866711	467.357638	431.541384	
30.55368	630.737909	630.866711	467.357638	431.567564	
30.56419	630.737909	630.866711	467.357638	431.585017	
30.58214	630.737909	630.866711	467.357638	431.602471	
30.58735	630.737909	630.866711	467.357638	431.628651	
30.60555	630.737909	630.866711	467.357638	431.663557	
30.6118	630.737909	630.866711	467.357638	431.672284	
30.62933	630.737909	630.866711	467.357638	431.698464	
30.63456	630.737909	630.866711	467.357638	431.70719	
30.64468	630.737909	630.866711	467.357638	431.724644	
30.65485	630.737909	630.866711	467.357638	431.73337	
30.67313	630.737909	630.866711	467.357638	431.750824	
30.6783	630.737909	630.866711	467.357638	431.75955	
30.68849	630.737909	630.866711	467.357638	431.777004	
30.69866	630.737909	630.866711	467.357638	431.78573	
30.71014	630.737909	630.866711	467.357638	431.794457	
30.71937	630.737909	630.866711	467.357638	431.803184	
30.73745	630.737909	630.866711	467.357638	431.81191	
30.74259	630.737909	630.866711	467.357638	431.820637	
30.75281	630.737909	630.866711	467.357638	431.829364	
30.76295	630.737909	630.866711	467.357638	431.829364	
30.77316	630.737909	630.866711	467.357638	431.83809	
30.7833	630.737909	630.866711	467.357638	431.846817	
30.79345	630.737909	630.866711	467.357638	431.846817	
30.80372	630.737909	630.866711	467.357638	431.855543	
30.81425	630.737909	630.866711	467.357638	431.855543	
30.82395	630.737909	630.866711	467.357638	431.86427	
30.83411	630.737909	630.866711	467.357638	431.86427	
30.84424	630.737909	630.866711	467.357638	431.86427	
30.85439	630.737909	630.866711	467.357638	431.86427	
30.86489	630.737909	630.866711	467.357638	431.86427	
30.87472	630.737909	630.866711	467.357638	431.86427	
30.88494	630.737909	630.866711	467.357638	431.86427	
30.89534	630.737909	630.866711	467.357638	431.86427	
30.90523	630.737909	630.866711	467.357638	431.86427	
30.91556	630.737909	630.866711	467.357638	431.86427	
30.92555	630.737909	630.866711	467.357638	431.86427	
30.93588	630.737909	630.866711	467.357638	431.86427	
30.94635	630.737909	630.866711	467.357638	431.86427	
30.95616	630.737909	630.866711	467.357638	431.86427	
30.96642	630.737909	630.866711	467.357638	431.86427	
30.97655	630.737909	630.866711	467.357638	431.86427	
30.98674	630.737909	630.866711	467.357638	431.86427	
30.99698	630.737909	630.866711	467.357638	431.86427	
31.00733	630.737909	630.866711	467.357638	431.86427	
31.01804	630.737909	630.866711	467.357638	431.86427	
31.02819	630.737909	630.866711	467.357638	431.86427	
31.03832	630.737909	630.866711	467.357638	431.86427	
31.04862	630.737909	630.866711	467.357638	431.86427	
31.05867	630.737909	630.866711	467.357638	431.86427	
31.06912	630.737909	630.866711	467.357638	431.86427	
31.08714	630.737909	630.866711	467.357638	431.86427	
31.09229	630.737909	630.866711	467.357638	431.86427	
31.10246	630.737909	630.866711	467.357638	431.86427	
31.11258	630.737909	630.866711	467.357638	431.86427	
31.12283	630.737909	630.866711	467.357638	431.86427	
31.133	630.737909	630.866711	467.357638	431.86427	
31.1516	630.737909	630.866711	467.357638	431.86427	
31.15693	630.737909	630.866711	467.357638	431.86427	
31.16693	630.737909	630.866711	467.357638	431.86427	
31.17715	630.737909	630.866711	467.357638	431.86427	
31.18722	630.737909	630.866711	467.357638	431.86427	
31.19736	630.737909	630.866711	467.357638	431.86427	
31.20755	630.737909	630.866711	467.357638	431.86427	
31.21884	630.737909	630.866711	467.357638	431.86427	
31.22796	630.737909	630.866711	467.357638	431.86427	
31.2386	630.737909	630.866711	467.357638	431.86427	
31.24855	630.737909	630.866711	467.357638	431.86427	
31.26688	630.737909	630.866711	467.357638	431.86427	
31.27202	630.737909	630.866711	467.357638	431.86427	
31.28228	630.737909	630.866711	467.357638	431.86427	
31.29237	630.737909	630.866711	467.357638	431.86427	
31.30254	630.737909	630.866711	467.357638	431.86427	
31.31304	630.737909	630.866711	467.357638	431.86427	
31.32292	630.737909	630.866711	467.357638	431.86427	
31.33312	630.737909	630.866711	467.357638	431.86427	
31.35162	630.737909	630.866711	467.357638	431.86427	
31.35683	630.737909	630.866711	467.357638	431.86427	
31.36709	630.737909	630.866711	467.357638	431.86427	
31.38601	630.737909	630.866711	467.357638	431.86427	
31.39123	630.737909	630.866711	467.357638	431.86427	
31.40148	630.737909	630.866711	467.357638	431.86427	
31.41167	630.737909	630.866711	467.357638	431.86427	
31.42311	630.737909	630.866711	467.357638	431.86427	
31.43292	630.737909	630.866711	467.357638	431.86427	
31.44309	630.737909	630.866711	467.357638	431.86427	
31.45357	630.737909	630.866711	467.357638	431.86427	
31.46356	630.737909	630.866711	467.357638	431.86427	
31.47356	630.737909	630.866711	467.357638	431.86427	
31.4838	630.737909	630.866711	467.357638	431.86427	
31.49389	630.737909	630.866711	467.357638	431.86427	
31.50412	630.737909	630.866711	467.357638	431.86427	
31.51461	630.737909	630.866711	467.357638	431.86427	
31.5245	630.737909	630.866711	467.357638	431.86427	
31.53464	630.737909	630.866711	467.357638	431.86427	
31.54505	630.737909	630.866711	467.357638	431.86427	
31.56305	630.737909	630.866711	467.357638	431.86427	
31.56824	630.737909	630.866711	467.357638	431.86427	
31.57852	630.737909	630.866711	467.357638	431.86427	
31.58898	630.737909	630.866711	467.357638	431.86427	
31.59876	630.737909	630.866711	467.357638	431.86427	
31.61711	630.737909	630.866711	467.357638	431.86427	
31.63142	630.737909	630.866711	467.357638	431.86427	
31.63704	630.737909	630.866711	467.357638	431.86427	
31.64719	630.737909	630.866711	467.357638	431.86427	
31.65733	630.737909	630.866711	467.357638	431.86427	
31.66791	630.737909	630.866711	467.357638	431.86427	
31.68578	630.737909	630.866711	467.357638	431.86427	
31.69099	630.737909	630.866711	467.357638	431.86427	
31.70144	630.737909	630.866711	467.357638	431.86427	
31.71166	630.737909	630.866711	467.357638	431.86427	
31.72233	630.737909	630.866711	467.357638	431.86427	
31.73208	630.737909	630.866711	467.357638	431.86427	
31.74214	630.737909	630.866711	467.357638	431.86427	
31.75248	630.737909	630.866711	467.357638	431.86427	
31.76219	630.737909	630.866711	467.357638	431.86427	
31.77266	630.737909	630.866711	467.357638	431.86427	
31.78251	630.737909	630.866711	467.357638	431.86427	
31.80076	630.737909	630.866711	467.357638	431.86427	
31.80599	630.737909	630.866711	467.357638	431.86427	
31.81637	630.737909	630.866711	467.357638	431.86427	
31.83526	630.737909	630.866711	467.357638	431.86427	
31.84832	630.737909	630.866711	467.357638	431.86427	
31.85351	630.737909	630.866711	467.357638	431.86427	
31.86371	630.737909	630.866711	467.357638	431.86427	
31.87383	630.737909	630.866711	467.357638	431.86427	
31.89354	630.737909	630.866711	467.357638	431.86427	
31.89872	630.737909	630.866711	467.357638	431.86427	
31.90918	630.737909	630.866711	467.357638	431.86427	
31.91913	630.737909	630.866711	467.357638	431.86427	
31.92959	630.737909	630.866711	467.357638	431.86427	
31.93948	630.737909	630.866711	467.357638	431.86427	
31.95014	630.737909	630.866711	467.357638	431.86427	
31.9598	630.737909	630.866711	467.357638	431.86427	
31.96994	630.737909	630.866711	467.357638	431.86427	
31.98041	630.737909	630.866711	467.357638	431.86427	
31.99053	630.737909	630.866711	467.357638	431.86427	
32.00101	630.737909	630.866711	467.357638	431.86427	
32.01067	630.737909	630.866711	467.357638	431.86427	
32.02107	630.737909	630.866711	467.357638	431.86427	
32.03152	630.737909	630.866711	467.357638	431.86427	
32.04148	630.737909	630.866711	467.357638	431.86427	
32.05204	630.737909	630.866711	467.357638	431.86427	
32.06995	630.737909	630.866711	467.357638	431.86427	
32.07508	630.737909	630.866711	467.357638	431.86427	
32.08567	630.737909	630.866711	467.357638	431.86427	
32.09541	630.737909	630.866711	467.357638	431.86427	
32.10583	630.737909	630.866711	467.357638	431.86427	
32.11626	630.737909	630.866711	467.357638	431.86427	
32.12757	630.737909	630.866711	467.357638	431.86427	
32.13651	630.737909	630.866711	467.357638	431.86427	
32.14644	630.737909	630.866711	467.357638	431.86427	
32.15658	630.737909	630.866711	467.357638	431.86427	
32.16682	630.737909	630.866711	467.357638	431.86427	
32.17729	630.737909	630.866711	467.357638	431.86427	
32.18706	630.737909	630.866711	467.357638	431.86427	
32.19745	630.737909	630.866711	467.357638	431.86427	
32.20741	630.737909	630.866711	467.357638	431.86427	
32.21765	630.737909	630.866711	467.357638	431.86427	
32.22879	630.737909	630.866711	467.357638	431.86427	
32.23821	630.737909	630.866711	467.357638	431.86427	
32.24832	630.737909	630.866711	467.357638	431.86427	
32.25828	630.737909	630.866711	467.357638	431.86427	
32.26864	630.737909	630.866711	467.357638	431.86427	
32.27862	630.737909	630.866711	467.357638	431.86427	
32.28877	630.737909	630.866711	467.357638	431.86427	
32.29914	630.737909	630.866711	467.357638	431.86427	
32.30917	630.737909	630.866711	467.357638	431.86427	
32.31926	630.737909	630.866711	467.357638	431.86427	
32.33007	630.737909	630.866711	467.357638	431.86427	
32.33978	630.737909	630.866711	467.357638	431.86427	
32.35015	630.737909	630.866711	467.357638	431.86427	
32.36182	630.737909	630.866711	467.357638	431.86427	
32.37228	630.737909	630.866711	467.357638	431.86427	
32.38209	630.737909	630.866711	467.357638	431.86427	
32.39242	630.737909	630.866711	467.357638	431.86427	
32.4026	630.737909	630.866711	467.357638	431.86427	
32.41275	630.737909	630.866711	467.357638	431.86427	
32.42294	630.737909	630.866711	467.357638	431.86427	
32.43415	630.737909	630.866711	467.357638	431.86427	
32.44323	630.737909	630.866711	467.357638	431.86427	
32.4534	630.737909	630.866711	467.357638	431.86427	
32.46355	630.737909	630.866711	467.357638	431.86427	
32.47373	630.737909	630.866711	467.357638	431.86427	
32.48419	630.737909	630.866711	467.357638	431.86427	
32.49428	630.737909	630.866711	467.357638	431.86427	
32.50448	630.737909	630.866711	467.357638	431.86427	
32.51488	630.737909	630.866711	467.357638	431.86427	
32.5251	630.737909	630.866711	467.357638	431.86427	
32.53548	630.737909	630.866711	467.357638	431.86427	
32.54505	630.737909	630.866711	467.357638	431.86427	
32.5552	630.737909	630.866711	467.357638	431.86427	
32.56545	630.737909	630.866711	467.357638	431.86427	
32.57601	630.737909	630.866711	467.357638	431.86427	
32.58612	630.737909	630.866711	467.357638	431.86427	
32.59597	630.737909	630.866711	467.357638	431.86427	
32.60606	630.737909	630.866711	467.357638	431.86427	
32.6162	630.737909	630.866711	467.357638	431.86427	
32.62642	630.737909	630.866711	467.357638	431.86427	
32.63714	630.737909	630.866711	467.357638	431.86427	
32.65479	630.737909	630.866711	467.357638	431.86427	
32.66	630.737909	630.866711	467.357638	431.86427	
32.67014	630.737909	630.866711	467.357638	431.86427	
32.68029	630.737909	630.866711	467.357638	431.86427	
32.69839	630.737909	630.866711	467.357638	431.86427	
32.70356	630.737909	630.866711	467.357638	431.86427	
32.71374	630.737909	630.866711	467.357638	431.86427	
32.72426	630.737909	630.866711	467.357638	431.86427	
32.73515	630.737909	630.866711	467.357638	431.86427	
32.75239	630.737909	630.866711	467.357638	431.86427	
32.75768	630.737909	630.866711	467.357638	431.86427	
32.76784	630.737909	630.866711	467.357638	431.86427	
32.77801	630.737909	630.866711	467.357638	431.86427	
32.78843	630.737909	630.866711	467.357638	431.86427	
32.79836	630.737909	630.866711	467.357638	431.86427	
32.80874	630.737909	630.866711	467.357638	431.86427	
32.8188	630.737909	630.866711	467.357638	431.86427	
32.82874	630.737909	630.866711	467.357638	431.86427	
32.83958	630.737909	630.866711	467.357638	431.86427	
32.8497	630.737909	630.866711	467.357638	431.86427	
32.85919	630.737909	630.866711	467.357638	431.86427	
32.8694	630.737909	630.866711	467.357638	431.86427	
32.87953	630.737909	630.866711	467.357638	431.86427	
32.88978	630.737909	630.866711	467.357638	431.86427	
32.89991	630.737909	630.866711	467.357638	431.86427	
32.90995	630.737909	630.866711	467.357638	431.86427	
32.9204	630.737909	630.866711	467.357638	431.86427	
32.93027	630.737909	630.866711	467.357638	431.86427	
32.9498	630.737909	630.866711	467.357638	431.86427	
32.95502	630.737909	630.866711	467.357638	431.86427	
32.96536	630.737909	630.866711	467.357638	431.86427	
32.97545	630.737909	630.866711	467.357638	431.86427	
32.98569	630.737909	630.866711	467.357638	431.86427	
32.99562	630.737909	630.866711	467.357638	431.86427	
33.00579	630.737909	630.866711	467.357638	431.86427	
33.01624	630.737909	630.866711	467.357638	431.86427	
33.02609	630.737909	630.866711	467.357638	431.86427	
33.0363	630.737909	630.866711	467.357638	431.86427	
33.0549	630.737909	630.866711	467.357638	431.86427	
33.06014	630.737909	630.866711	467.357638	431.86427	
33.07026	630.737909	630.866711	467.357638	431.86427	
33.08856	630.737909	630.866711	467.357638	431.86427	
33.09376	630.737909	630.866711	467.357638	431.86427	
33.10394	630.737909	630.866711	467.357638	431.86427	
33.11431	630.737909	630.866711	467.357638	431.86427	
33.12442	630.737909	630.866711	467.357638	431.86427	
33.14261	630.737909	630.866711	467.357638	431.86427	
33.14857	630.737909	630.866711	467.357638	431.86427	
33.15797	630.737909	630.866711	467.357638	431.86427	
33.17624	630.737909	630.866711	467.357638	431.86427	
33.18151	630.737909	630.866711	467.357638	431.86427	
33.19172	630.737909	630.866711	467.357638	431.86427	
33.20187	630.737909	630.866711	467.357638	431.86427	
33.21234	630.737909	630.866711	467.357638	431.86427	
33.22249	630.737909	630.866711	467.357638	431.86427	
33.23237	630.737909	630.866711	467.357638	431.86427	
33.24301	630.737909	630.866711	467.357638	431.86427	
33.25272	630.737909	630.866711	467.357638	431.86427	
33.26304	630.737909	630.866711	467.357638	431.86427	
33.27301	630.737909	630.866711	467.357638	431.86427	
33.28343	630.737909	630.866711	467.357638	431.86427	
33.29383	630.737909	630.866711	467.357638	431.86427	
33.30344	630.737909	630.866711	467.357638	431.86427	
33.31361	630.737909	630.866711	467.357638	431.86427	
33.32392	630.737909	630.866711	467.357638	431.86427	
33.33423	630.737909	630.866711	467.357638	431.86427	
33.35312	630.737909	630.866711	467.357638	431.86427	
33.35838	630.737909	630.866711	467.357638	431.86427	
33.37013	630.737909	630.866711	467.357638	431.86427	
33.37969	630.737909	630.866711	467.357638	431.86427	
33.38956	630.737909	630.866711	467.357638	431.86427	
33.39984	630.737909	630.866711	467.357638	431.86427	
33.40993	630.737909	630.866711	467.357638	431.86427	
33.42045	630.737909	630.866711	467.357638	431.86427	
33.43024	630.737909	630.866711	467.357638	431.86427	
33.44071	630.737909	630.866711	467.357638	431.86427	
33.45106	630.737909	630.866711	467.357638	431.86427	
33.46116	630.737909	630.866711	467.357638	431.86427	
33.47132	630.737909	630.866711	467.357638	431.86427	
33.48152	630.737909	630.866711	467.357638	431.86427	
33.49168	630.737909	630.866711	467.357638	431.86427	
33.50185	630.737909	630.866711	467.357638	431.86427	
33.512	630.737909	630.866711	467.357638	431.86427	
33.52229	630.737909	630.866711	467.357638	431.86427	
33.53265	630.737909	630.866711	467.357638	431.86427	
33.54247	630.737909	630.866711	467.357638	431.86427	
33.55301	630.737909	630.866711	467.357638	431.86427	
33.56285	630.737909	630.866711	467.357638	431.86427	
33.57328	630.737909	630.866711	467.357638	431.86427	
33.58313	630.737909	630.866711	467.357638	431.86427	
33.59377	630.737909	630.866711	467.357638	431.86427	
33.60377	630.737909	630.866711	467.357638	431.86427	
33.61363	630.737909	630.866711	467.357638	431.86427	
33.62411	630.737909	630.866711	467.357638	431.86427	
33.63394	630.737909	630.866711	467.357638	431.86427	
33.64415	630.737909	630.866711	467.357638	431.86427	
33.65428	630.737909	630.866711	467.357638	431.86427	
33.66452	630.737909	630.866711	467.357638	431.86427	
33.67468	630.737909	630.866711	467.357638	431.86427	
33.68483	630.737909	630.866711	467.357638	431.86427	
33.69497	630.737909	630.866711	467.357638	431.86427	
33.70521	630.737909	630.866711	467.357638	431.86427	
33.71537	630.737909	630.866711	467.357638	431.86427	
33.72576	630.737909	630.866711	467.357638	431.86427	
33.73572	630.737909	630.866711	467.357638	431.86427	
33.74617	630.737909	630.866711	467.357638	431.86427	
33.75619	630.737909	630.866711	467.357638	431.86427	
33.76621	630.737909	630.866711	467.357638	431.86427	
33.77667	630.737909	630.866711	467.357638	431.86427	
33.78655	630.737909	630.866711	467.357638	431.86427	
33.79671	630.737909	630.866711	467.357638	431.86427	
33.80687	630.737909	630.866711	467.357638	431.86427	
33.81698	630.737909	630.866711	467.357638	431.86427	
33.82718	630.737909	630.866711	467.357638	431.86427	
33.83763	630.737909	630.866711	467.357638	431.86427	
33.84924	630.737909	630.866711	467.357638	431.86427	
33.85822	630.737909	630.866711	467.357638	431.86427	
33.86809	630.737909	630.866711	467.357638	431.86427	
33.87818	630.737909	630.866711	467.357638	431.86427	
33.89836	630.737909	630.866711	467.357638	431.86427	
33.90354	630.737909	630.866711	467.357638	431.86427	
33.91368	630.737909	630.866711	467.357638	431.86427	
33.92423	630.737909	630.866711	467.357638	431.86427	
33.93395	630.737909	630.866711	467.357638	431.86427	
33.94414	630.737909	630.866711	467.357638	431.86427	
33.95462	630.737909	630.866711	467.357638	431.86427	
33.96473	630.737909	630.866711	467.357638	431.86427	
33.97494	630.737909	630.866711	467.357638	431.86427	
33.98503	630.737909	630.866711	467.357638	431.86427	
33.99516	630.737909	630.866711	467.357638	431.86427	
34.00537	630.737909	630.866711	467.357638	431.86427	
34.01551	630.737909	630.866711	467.357638	431.86427	
34.02569	630.737909	630.866711	467.357638	431.86427	
34.03587	630.737909	630.866711	467.357638	431.86427	
34.04594	630.737909	630.866711	467.357638	431.86427	
34.05617	630.737909	630.866711	467.357638	431.86427	
34.06675	630.737909	630.866711	467.357638	431.86427	
34.07661	630.737909	630.866711	467.357638	431.86427	
34.08664	630.737909	630.866711	467.357638	431.86427	
34.0969	630.737909	630.866711	467.357638	431.86427	
34.10725	630.737909	630.866711	467.357638	431.86427	
34.11739	630.737909	630.866711	467.357638	431.86427	
34.12726	630.737909	630.866711	467.357638	431.86427	
34.13766	630.737909	630.866711	467.357638	431.86427	
34.1482	630.737909	630.866711	467.357638	431.86427	
34.15772	630.737909	630.866711	467.357638	431.86427	
34.16798	630.737909	630.866711	467.357638	431.86427	
34.17813	630.737909	630.866711	467.357638	431.86427	
34.18831	630.737909	630.866711	467.357638	431.86427	
34.19841	630.737909	630.866711	467.357638	431.86427	
34.20856	630.737909	630.866711	467.357638	431.86427	
34.21876	630.737909	630.866711	467.357638	431.86427	
34.22923	630.737909	630.866711	467.357638	431.86427	
34.23932	630.737909	630.866711	467.357638	431.86427	
34.24984	630.737909	630.866711	467.357638	431.86427	
34.25968	630.737909	630.866711	467.357638	431.86427	
34.26981	630.737909	630.866711	467.357638	431.86427	
34.27998	630.737909	630.866711	467.357638	431.86427	
34.29009	630.737909	630.866711	467.357638	431.86427	
34.30886	630.737909	630.866711	467.357638	431.86427	
34.31408	630.737909	630.866711	467.357638	431.86427	
34.32449	630.737909	630.866711	467.357638	431.86427	
34.33435	630.737909	630.866711	467.357638	431.86427	
34.34452	630.737909	630.866711	467.357638	431.86427	
34.35533	630.737909	630.866711	467.357638	431.86427	
34.36486	630.737909	630.866711	467.357638	431.86427	
34.37535	630.737909	630.866711	467.357638	431.86427	
34.38515	630.737909	630.866711	467.357638	431.86427	
34.39535	630.737909	630.866711	467.357638	431.86427	
34.40555	630.737909	630.866711	467.357638	431.86427	
34.41566	630.737909	630.866711	467.357638	431.86427	
34.42593	630.737909	630.866711	467.357638	431.86427	
34.43604	630.737909	630.866711	467.357638	431.86427	
34.44616	630.737909	630.866711	467.357638	431.86427	
34.45699	630.737909	630.866711	467.357638	431.86427	
34.46653	630.737909	630.866711	467.357638	431.86427	
34.47662	630.737909	630.866711	467.357638	431.86427	
34.4872	630.737909	630.866711	467.357638	431.86427	
34.49766	630.737909	630.866711	467.357638	431.86427	
34.50809	630.737909	630.866711	467.357638	431.86427	
34.51845	630.737909	630.866711	467.357638	431.86427	
34.52808	630.737909	630.866711	467.357638	431.86427	
34.53828	630.737909	630.866711	467.357638	431.86427	
34.54873	630.737909	630.866711	467.357638	431.86427	
34.55979	630.737909	630.866711	467.357638	431.86427	
34.56873	630.737909	630.866711	467.357638	431.86427	
34.57897	630.737909	630.866711	467.357638	431.86427	
34.58935	630.737909	630.866711	467.357638	431.86427	
34.5992	630.737909	630.866711	467.357638	431.86427	
34.61	630.737909	630.866711	467.357638	431.86427	
34.6195	630.737909	630.866711	467.357638	431.86427	
34.62996	630.737909	630.866711	467.357638	431.86427	
34.63984	630.737909	630.866711	467.357638	431.86427	
34.65022	630.737909	630.866711	467.357638	431.86427	
34.66884	630.737909	630.866711	467.357638	431.86427	
34.67406	630.737909	630.866711	467.357638	431.86427	
34.68427	630.737909	630.866711	467.357638	431.86427	
34.69435	630.737909	630.866711	467.357638	431.86427	
34.7045	630.737909	630.866711	467.357638	431.86427	
34.7147	630.737909	630.866711	467.357638	431.86427	
34.72483	630.737909	630.866711	467.357638	431.86427	
34.73496	630.737909	630.866711	467.357638	431.86427	
34.74512	630.737909	630.866711	467.357638	431.86427	
34.7553	630.737909	630.866711	467.357638	431.86427	
34.7656	630.737909	630.866711	467.357638	431.86427	
34.77569	630.737909	630.866711	467.357638	431.86427	
34.78585	630.737909	630.866711	467.357638	431.86427	
34.79611	630.737909	630.866711	467.357638	431.86427	
34.80615	630.737909	630.866711	467.357638	431.86427	
34.81635	630.737909	630.866711	467.357638	431.86427	
34.83469	630.737909	630.866711	467.357638	431.86427	
34.83986	630.737909	630.866711	467.357638	431.86427	
34.85005	630.737909	630.866711	467.357638	431.86427	
34.86025	630.737909	630.866711	467.357638	431.86427	
34.8704	630.737909	630.866711	467.357638	431.86427	
34.88101	630.737909	630.866711	467.357638	431.86427	
34.90088	630.737909	630.866711	467.357638	431.86427	
34.90604	630.737909	630.866711	467.357638	431.86427	
34.91636	630.737909	630.866711	467.357638	431.86427	
34.92643	630.737909	630.866711	467.357638	431.86427	
34.93691	630.737909	630.866711	467.357638	431.86427	
34.94685	630.737909	630.866711	467.357638	431.86427	
34.95721	630.737909	630.866711	467.357638	431.86427	
34.96777	630.737909	630.866711	467.357638	431.86427	
34.97792	630.737909	630.866711	467.357638	431.86427	
34.98842	630.737909	630.866711	467.357638	431.86427	
35.00627	630.737909	630.866711	467.357638	431.86427	
35.01204	630.737909	630.866711	467.357638	431.86427	
35.02213	630.737909	630.866711	467.357638	431.86427	
35.0323	630.737909	630.866711	467.357638	431.86427	
35.04251	630.737909	630.866711	467.357638	431.86427	
35.05264	630.737909	630.866711	467.357638	431.86427	
35.06278	630.737909	630.866711	467.357638	431.86427	
35.07294	630.737909	630.866711	467.357638	431.86427	
35.08324	630.737909	630.866711	467.357638	431.86427	
35.09329	630.737909	630.866711	467.357638	431.86427	
35.10355	630.737909	630.866711	467.357638	431.86427	
35.11361	630.737909	630.866711	467.357638	431.86427	
35.12378	630.737909	630.866711	467.357638	431.86427	
35.13396	630.737909	630.866711	467.357638	431.86427	
35.14447	630.737909	630.866711	467.357638	431.86427	
35.15427	630.737909	630.866711	467.357638	431.86427	
35.16447	630.737909	630.866711	467.357638	431.86427	
35.17466	630.737909	630.866711	467.357638	431.86427	
35.18478	630.737909	630.866711	467.357638	431.86427	
35.195	630.737909	630.866711	467.357638	431.86427	
35.2054	630.737909	630.866711	467.357638	431.86427	
35.21534	630.737909	630.866711	467.357638	431.86427	
35.23375	630.737909	630.866711	467.357638	431.86427	
35.23902	630.737909	630.866711	467.357638	431.86427	
35.2492	630.737909	630.866711	467.357638	431.86427	
35.25966	630.737909	630.866711	467.357638	431.86427	
35.27092	630.737909	630.866711	467.357638	431.86427	
35.27968	630.737909	630.866711	467.357638	431.86427	
35.29016	630.737909	630.866711	467.357638	431.86427	
35.3	630.737909	630.866711	467.357638	431.86427	
35.31045	630.737909	630.866711	467.357638	431.86427	
35.32029	630.737909	630.866711	467.357638	431.86427	
35.33084	630.737909	630.866711	467.357638	431.86427	
35.34078	630.737909	630.866711	467.357638	431.86427	
35.35125	630.737909	630.866711	467.357638	431.86427	
35.36108	630.737909	630.866711	467.357638	431.86427	
35.38627	630.737909	630.866711	467.357638	431.86427	
35.39157	630.737909	630.866711	467.357638	431.86427	
35.40175	630.737909	630.866711	467.357638	431.86427	
35.42015	630.737909	630.866711	467.357638	431.86427	
35.42533	630.737909	630.866711	467.357638	431.86427	
35.43567	630.737909	630.866711	467.357638	431.86427	
35.44575	630.737909	630.866711	467.357638	431.86427	
35.45585	630.737909	630.866711	467.357638	431.86427	
35.46602	630.737909	630.866711	467.357638	431.86427	
35.47701	630.737909	630.866711	467.357638	431.86427	
35.48636	630.737909	630.866711	467.357638	431.86427	
35.50458	630.737909	630.866711	467.357638	431.86427	
35.51011	630.737909	630.866711	467.357638	431.86427	
35.52069	630.737909	630.866711	467.357638	431.86427	
35.53052	630.737909	630.866711	467.357638	431.86427	
35.54104	630.737909	630.866711	467.357638	431.86427	
35.55078	630.737909	630.866711	467.357638	431.86427	
35.56137	630.737909	630.866711	467.357638	431.86427	
35.57125	630.737909	630.866711	467.357638	431.86427	
35.5816	630.737909	630.866711	467.357638	431.86427	
35.59178	630.737909	630.866711	467.357638	431.86427	
35.60226	630.737909	630.866711	467.357638	431.86427	
35.62032	630.737909	630.866711	467.357638	431.86427	
35.62549	630.737909	630.866711	467.357638	431.86427	
35.63572	630.737909	630.866711	467.357638	431.86427	
35.64585	630.737909	630.866711	467.357638	431.86427	
35.65624	630.737909	630.866711	467.357638	431.86427	
35.66619	630.737909	630.866711	467.357638	431.86427	
35.67628	630.737909	630.866711	467.357638	431.86427	
35.68638	630.737909	630.866711	467.357638	431.86427	
35.69663	630.737909	630.866711	467.357638	431.86427	
35.7069	630.737909	630.866711	467.357638	431.86427	
35.71721	630.737909	630.866711	467.357638	431.86427	
35.72712	630.737909	630.866711	467.357638	431.86427	
35.74537	630.737909	630.866711	467.357638	431.86427	
35.75068	630.737909	630.866711	467.357638	431.86427	
35.76101	630.737909	630.866711	467.357638	431.86427	
35.77116	630.737909	630.866711	467.357638	431.86427	
35.78263	630.737909	630.866711	467.357638	431.86427	
35.79153	630.737909	630.866711	467.357638	431.86427	
35.80194	630.737909	630.866711	467.357638	431.86427	
35.81185	630.737909	630.866711	467.357638	431.86427	
35.82198	630.737909	630.866711	467.357638	431.86427	
35.83211	630.737909	630.866711	467.357638	431.86427	
35.84235	630.737909	630.866711	467.357638	431.86427	
35.85251	630.737909	630.866711	467.357638	431.86427	
35.86264	630.737909	630.866711	467.357638	431.86427	
35.87311	630.737909	630.866711	467.357638	431.86427	
35.88407	630.737909	630.866711	467.357638	431.86427	
35.9031	630.737909	630.866711	467.357638	431.86427	
35.9084	630.737909	630.866711	467.357638	431.86427	
35.91845	630.737909	630.866711	467.357638	431.86427	
35.92862	630.737909	630.866711	467.357638	431.86427	
35.94705	630.737909	630.866711	467.357638	431.86427	
35.95225	630.737909	630.866711	467.357638	431.86427	
35.96239	630.737909	630.866711	467.357638	431.86427	
35.97309	630.737909	630.866711	467.357638	431.86427	
35.98376	630.737909	630.866711	467.357638	431.86427	
35.99293	630.737909	630.866711	467.357638	431.86427	
36.00336	630.737909	630.866711	467.357638	431.86427	
36.01326	630.737909	630.866711	467.357638	431.86427	
36.02369	630.737909	630.866711	467.357638	431.86427	
36.0336	630.737909	630.866711	467.357638	431.86427	
36.04375	630.737909	630.866711	467.357638	431.86427	
36.05443	630.737909	630.866711	467.357638	431.86427	
36.06406	630.737909	630.866711	467.357638	431.86427	
36.07451	630.737909	630.866711	467.357638	431.86427	
36.08506	630.737909	630.866711	467.357638	431.86427	
36.09455	630.737909	630.866711	467.357638	431.86427	
36.10489	630.737909	630.866711	467.357638	431.86427	
36.11511	630.737909	630.866711	467.357638	431.86427	
36.12545	630.737909	630.866711	467.357638	431.86427	
36.13528	630.737909	630.866711	467.357638	431.86427	
36.14576	630.737909	630.866711	467.357638	431.86427	
36.15555	630.737909	630.866711	467.357638	431.86427	
36.1661	630.737909	630.866711	467.357638	431.86427	
36.17587	630.737909	630.866711	467.357638	431.86427	
36.18628	630.737909	630.866711	467.357638	431.86427	
36.19628	630.737909	630.866711	467.357638	431.86427	
36.20631	630.737909	630.866711	467.357638	431.86427	
36.21652	630.737909	630.866711	467.357638	431.86427	
36.22663	630.737909	630.866711	467.357638	431.86427	
36.23682	630.737909	630.866711	467.357638	431.86427	
36.24698	630.737909	630.866711	467.357638	431.86427	
36.25711	630.737909	630.866711	467.357638	431.86427	
36.26727	630.737909	630.866711	467.357638	431.86427	
36.27741	630.737909	630.866711	467.357638	431.86427	
36.28911	630.737909	630.866711	467.357638	431.86427	
36.29777	630.737909	630.866711	467.357638	431.86427	
36.30817	630.737909	630.866711	467.357638	431.86427	
36.31806	630.737909	630.866711	467.357638	431.86427	
36.33634	630.737909	630.866711	467.357638	431.86427	
36.34164	630.737909	630.866711	467.357638	431.86427	
36.35178	630.737909	630.866711	467.357638	431.86427	
36.36196	630.737909	630.866711	467.357638	431.86427	
36.38031	630.737909	630.866711	467.357638	431.86427	
36.38545	630.737909	630.866711	467.357638	431.86427	
36.39568	630.737909	630.866711	467.357638	431.86427	
36.4061	630.737909	630.866711	467.357638	431.86427	
36.41599	630.737909	630.866711	467.357638	431.86427	
36.42645	630.737909	630.866711	467.357638	431.86427	
36.4366	630.737909	630.866711	467.357638	431.86427	
36.4464	630.737909	630.866711	467.357638	431.86427	
36.45683	630.737909	630.866711	467.357638	431.86427	
36.46682	630.737909	630.866711	467.357638	431.86427	
36.4771	630.737909	630.866711	467.357638	431.86427	
36.48707	630.737909	630.866711	467.357638	431.86427	
36.49754	630.737909	630.866711	467.357638	431.86427	
36.50736	630.737909	630.866711	467.357638	431.86427	
36.51757	630.737909	630.866711	467.357638	431.86427	
36.52769	630.737909	630.866711	467.357638	431.86427	
36.53786	630.737909	630.866711	467.357638	431.86427	
36.54805	630.737909	630.866711	467.357638	431.86427	
36.55864	630.737909	630.866711	467.357638	431.86427	
36.56833	630.737909	630.866711	467.357638	431.86427	
36.57846	630.737909	630.866711	467.357638	431.86427	
36.58866	630.737909	630.866711	467.357638	431.86427	
36.59881	630.737909	630.866711	467.357638	431.86427	
36.62097	630.737909	630.866711	467.357638	431.86427	
