4.937095	
4.944556	
4.954697	
4.964808	
4.975189	
4.985198	
4.995268	
5.005363	
5.015557	
5.02561	
5.035777	
5.045875	
5.056067	
5.066223	
5.076298	
5.086433	
5.096552	
5.106735	
5.116789	
5.126911	
5.137073	
5.147143	
5.157888	
5.167482	
5.177524	
5.187684	
5.197742	
5.208208	
5.218017	
5.22815	
5.238318	
5.248371	
5.258544	
5.268693	
5.286677	
5.290837	
5.300952	
5.311122	
5.321275	
5.331368	
5.341505	
5.351681	
5.361789	
5.371944	
5.382059	
5.392203	
5.402273	
5.412408	
5.422611	
5.432704	
5.442837	
5.452964	
5.46311	
5.473341	
5.483579	
5.493527	
5.503691	
5.513815	
5.523914	
5.534057	
5.544192	
5.554298	
5.56442	
5.583257	
5.587477	
5.59762	
5.607814	
5.617817	
5.627953	
5.638066	
5.648195	
5.658301	
5.668449	
5.678542	
5.688696	
5.708875	
5.713079	
5.723149	
5.733276	
5.743436	
5.753564	
5.76369	
5.773991	
5.784036	
5.794113	
5.804204	
5.814368	
5.824507	
5.834628	
5.844746	
5.8549	
5.865214	
5.875186	
5.885326	
5.895415	
5.90555	
5.915606	
5.925766	
5.936038	
5.946064	
5.95622	
5.966332	
5.976772	
5.986572	
5.996657	
6.006787	
6.016917	
6.027028	
6.037164	
6.047328	
6.057476	
6.06756	
6.077872	
6.087879	
6.097949	
6.1088	
6.118494	
6.128287	
6.138422	
6.148541	
6.158685	
6.176721	
6.180921	
6.191041	
6.20121	
6.211292	
6.221405	
6.231577	
6.241691	
6.251812	
6.261935	
6.272055	
6.282223	
6.292342	
6.302511	
6.312607	
6.322727	
6.332851	
6.342954	
6.353153	
6.363239	
6.373383	
6.383502	
6.393626	
6.403721	
6.413866	
6.424045	
6.434266	
6.444263	
6.454433	
6.464528	
6.474654	
6.484783	
6.494951	
6.505069	
6.51517	
6.52533	
6.535431	
6.545545	
6.555683	
6.565785	
6.576013	
6.586126	
6.596252	
6.606412	
6.616456	
6.626752	
6.636732	
6.646859	
6.656952	
6.668993	
6.677482	
6.695319	
6.70184	
6.709833	
6.719746	
6.729827	
6.739941	
6.750125	
6.760247	
6.770368	
6.7805	
6.790632	
6.800753	
6.810844	
6.821016	
6.831146	
6.841346	
6.851396	
6.86153	
6.871668	
6.881789	
6.891924	
6.902109	
6.912229	
6.92234	
6.932457	
6.942601	
6.952779	
6.962876	
6.972989	
6.983159	
6.994316	0.0185736004	0.0174532925	99.92122	99.9200997	
7.004461	0.0201782676	0.0174532925	99.9228247	99.9200997	
7.014629	0.0224078602	0.0174532925	99.9250542	99.9200997	
7.024693	0.02521946	0.0174532925	99.9278658	99.9200997	
7.034866	0.0286862098	0.0174532925	99.9313326	99.9200997	
7.04516	0.0329128666	0.0174532925	99.9355593	99.9200997	
7.055183	0.0374673121	0.0174532925	99.9401137	99.9200997	
7.065398	0.0428206565	0.0174532925	99.945467	99.9200997	
7.075492	0.0487169075	0.0174532925	99.9513633	99.9200997	
7.085608	0.0552411735	0.0174532925	99.9578876	99.9200997	
7.095822	0.0624646725	0.0174532925	99.9651111	99.9200997	
7.105912	0.0701983147	0.0174532925	99.9728447	99.9288263	
7.11605	0.07858549	0.0174532925	99.9812319	99.9288263	
7.126506	0.0879149852	0.0261799388	99.9905614	99.937553	
7.1363	0.0971958885	0.0261799388	99.9998423	99.9462796	
7.146406	0.107400745	0.034906585	100.010047	99.9550063	
7.156514	0.11821839	0.0436332313	100.020865	99.9637329	
7.166673	0.129719728	0.0523598776	100.032366	99.9724596	
7.176795	0.141786994	0.0698131701	100.044433	99.9899128	
7.186921	0.154471678	0.0872664626	100.057118	99.9986395	
7.197087	0.167830351	0.113446401	100.070477	100.007366	
7.207203	0.181734339	0.130899694	100.084381	100.024819	
7.21747	0.196485943	0.157079633	100.099132	100.033546	
7.227919	0.212161534	0.174532925	100.114808	100.050999	
7.237662	0.227319117	0.200712864	100.129966	100.059726	
7.247807	0.24374195	0.226892803	100.146388	100.077179	
7.25791	0.260694169	0.244346095	100.163341	100.094633	
7.268028	0.278296645	0.270526034	100.180943	100.103359	
7.278157	0.296532401	0.287979327	100.199179	100.129539	
7.288295	0.31540326	0.305432619	100.21805	100.146992	
7.298481	0.334991602	0.322885912	100.237638	100.164446	
7.308664	0.355202839	0.34906585	100.257849	100.190626	
7.318854	0.376022015	0.366519143	100.278668	100.208079	
7.328856	0.397063595	0.383972435	100.29971	100.234259	
7.33934	0.419798295	0.401425728	100.322445	100.260439	
7.349495	0.442430596	0.41887902	100.345077	100.286619	
7.359602	0.465565125	0.445058959	100.368212	100.304072	
7.369736	0.489378464	0.462512252	100.392025	100.338979	
7.379836	0.513720438	0.488692191	100.416367	100.356432	
7.390018	0.538892169	0.506145483	100.441539	100.382612	
7.400161	0.564583844	0.523598776	100.46723	100.408792	
7.410571	0.591621239	0.549778714	100.494268	100.434972	
7.420453	0.617823396	0.567232007	100.52047	100.452425	
7.430544	0.645213387	0.593411946	100.54786	100.478605	
7.440724	0.673472232	0.610865238	100.576119	100.504785	
7.450827	0.702130349	0.637045177	100.604777	100.522238	
7.460968	0.731502608	0.663225116	100.634149	100.548418	
7.471116	0.761525086	0.698131701	100.664171	100.574598	
7.481242	0.792097152	0.72431164	100.694744	100.600778	
7.491394	0.823360659	0.759218225	100.726007	100.626958	
7.501573	0.855355557	0.79412481	100.758002	100.653138	
7.511706	0.887788555	0.829031395	100.790435	100.688045	
7.521875	0.920957997	0.86393798	100.823604	100.722951	
7.531981	0.95454264	0.907571211	100.857189	100.749131	
7.542073	0.988698374	0.942477796	100.891345	100.784038	
7.552309	1.02396408	0.977384381	100.92661	100.818944	
7.562341	1.05912087	1.01229097	100.961767	100.853851	
7.582305	1.13210348	1.08210414	101.03475	100.932391	
7.586621	1.1477683	1.09955743	101.050415	100.941117	
7.597682	1.18894913	1.14319066	101.091596	100.984751	
7.607134	1.22460045	1.17809725	101.127247	101.019657	
7.617085	1.26273517	1.22173048	101.165382	101.06329	
7.627184	1.3020533	1.25663706	101.2047	101.106924	
7.637388	1.34241601	1.30027029	101.245062	101.14183	
7.647949	1.3849002	1.33517688	101.287547	101.176737	
7.657631	1.42434221	1.37881011	101.326989	101.22037	
7.667716	1.46606975	1.41371669	101.368716	101.264003	
7.677801	1.50840325	1.45734993	101.41105	101.29891	
7.688021	1.55195161	1.49225651	101.454598	101.342543	
7.698889	1.59899939	1.53588974	101.501646	101.386176	
7.708246	1.63994785	1.57952297	101.542594	101.429809	
7.718394	1.68502379	1.6231562	101.58767	101.473443	
7.728489	1.73046497	1.65806279	101.633111	101.517076	
7.738602	1.77661509	1.71042267	101.679261	101.560709	
7.757052	1.86331101	1.78896248	101.765957	101.630522	
7.761445	1.88387352	1.80641578	101.78652	101.656702	
7.7715	1.93173732	1.85004901	101.834384	101.700336	
7.781644	1.98063998	1.89368224	101.883286	101.743969	
7.791753	2.02998586	1.94604212	101.932632	101.787602	
7.802978	2.08562388	1.99840199	101.98827	101.839962	
7.812067	2.13102991	2.05076187	102.033676	101.883595	
7.822351	2.18318004	2.10312175	102.085826	101.935955	
7.832693	2.23619568	2.15548163	102.138842	101.979588	
7.842444	2.28672274	2.2078415	102.189369	102.031948	
7.852635	2.34021506	2.26020138	102.242861	102.084308	
7.862787	2.39408249	2.31256126	102.296729	102.136668	
7.872892	2.44834395	2.36492114	102.35099	102.189028	
7.883029	2.50338394	2.42600766	102.40603	102.241388	
7.893109	2.55872235	2.47836754	102.461369	102.293747	
7.9044	2.62155464	2.53945406	102.524201	102.354834	
7.913493	2.6725373	2.60054059	102.575184	102.407194	
7.923642	2.73010455	2.65290046	102.632751	102.46828	
7.933752	2.78808569	2.71398699	102.690732	102.52064	
7.943895	2.84683926	2.76634686	102.749486	102.573	
7.954059	2.9063702	2.82743339	102.809017	102.634087	
7.964159	2.9661247	2.89724656	102.868771	102.695173	
7.974296	3.02671579	2.94960644	102.929362	102.747533	
7.984439	3.08794795	3.01069296	102.990594	102.80862	
7.994533	3.14950623	3.07177948	103.052153	102.869706	
8.005667	3.21823564	3.13286601	103.120882	102.939519	
8.014941	3.27586855	3.19395253	103.178515	102.991879	
8.025018	3.33917869	3.25503905	103.241825	103.052966	
8.035124	3.40325273	3.31612558	103.305899	103.114052	
8.04533	3.46863412	3.38593875	103.371281	103.175139	
8.055351	3.53338895	3.44702527	103.436035	103.236225	
8.065558	3.59996325	3.5081118	103.50261	103.306038	
8.075655	3.66645439	3.57792497	103.569101	103.367125	
8.085778	3.73374586	3.63901149	103.636392	103.428211	
8.09645	3.80541444	3.70882466	103.708061	103.498025	
8.107026	3.87705942	3.77863783	103.779706	103.567838	
8.11622	3.93978966	3.83972435	103.842436	103.620198	
8.126349	4.00960148	3.90953752	103.912248	103.690011	
8.136439	4.07969843	3.97935069	103.982345	103.759824	
8.146726	4.15186188	4.04916386	104.054508	103.829637	
8.156723	4.22251873	4.11897703	104.125165	103.89945	
8.166823	4.29455461	4.19751685	104.197201	103.969264	
8.176983	4.36763962	4.26733002	104.270286	104.039077	
8.18708	4.44085919	4.33714319	104.343506	104.10889	
8.197196	4.51488264	4.41568301	104.417529	104.18743	
8.208554	4.59880769	4.48549618	104.501454	104.26597	
8.217603	4.66604629	4.56403599	104.568693	104.335783	
8.227671	4.74152116	4.64257581	104.644168	104.405596	
8.237782	4.81794828	4.71238898	104.720595	104.484136	
8.247923	4.89518938	4.7909288	104.797836	104.553949	
8.258193	4.97410418	4.86946861	104.876751	104.632489	
8.268167	5.05127909	4.94800843	104.953925	104.702302	
8.278285	5.13022626	5.02654825	105.032873	104.780842	
8.288466	5.2103049	5.10508806	105.112951	104.859381	
8.298504	5.28977983	5.18362788	105.192426	104.929195	
8.309802	5.38015773	5.27089434	105.282804	105.016461	
8.318941	5.45362229	5.34943416	105.356269	105.086274	
8.328956	5.53478393	5.43670062	105.43743	105.156087	
8.339095	5.61755451	5.51524044	105.520201	105.225901	
8.349192	5.70061713	5.6025069	105.603264	105.30444	
8.359437	5.78553995	5.68104672	105.688186	105.38298	
8.36959	5.87029918	5.76831318	105.772946	105.46152	
8.379705	5.95537076	5.85557964	105.858017	105.531333	
8.389841	6.04122756	5.9428461	105.943874	105.609873	
8.400026	6.12812332	6.03011257	106.03077	105.688413	
8.411072	6.22317773	6.10865238	106.125824	105.766953	
8.420251	6.3025334	6.19591884	106.20518	105.836766	
8.438697	6.46470079	6.35299848	106.367347	105.976392	
8.443813	6.50956272	6.40535835	106.412209	106.020025	
8.453918	6.59906789	6.49262482	106.501714	106.098565	
8.46415	6.69030303	6.57989128	106.592949	106.168378	
8.474241	6.78085135	6.67588439	106.683498	106.246918	
8.484425	6.87293219	6.76315085	106.775579	106.325458	
8.494878	6.96809043	6.85041731	106.870737	106.403998	
8.504711	7.05809371	6.94641042	106.96074	106.482538	
8.515052	7.15351806	7.03367689	107.056164	106.561077	
8.525224	7.24789709	7.12094335	107.150543	106.639617	
8.535357	7.34257554	7.2256631	107.245222	106.718157	
8.553387	7.51344674	7.38274274	107.416093	106.857783	
8.558614	7.56295719	7.43510261	107.465604	106.89269	
8.56866	7.65877963	7.52236908	107.561426	106.97123	
8.586652	7.83285082	7.696902	107.735497	107.110856	
8.59216	7.88613548	7.74926188	107.788782	107.154489	
8.601847	7.98049838	7.83652834	107.883145	107.224303	
8.613173	8.09170202	7.93252145	107.994348	107.320296	
8.630661	8.26548913	8.11578102	108.168136	107.451195	
8.635809	8.31656595	8.1681409	108.219212	107.494829	
8.645977	8.41831122	8.27286065	108.320958	107.564642	
8.656481	8.52411177	8.36885376	108.426758	107.651908	
8.666244	8.62297926	8.47357352	108.525626	107.721721	
8.67669	8.72946058	8.57829327	108.632107	107.808988	
8.686877	8.83391691	8.68301303	108.736563	107.878801	
8.697024	8.93854857	8.78773278	108.841195	107.957341	
8.71687	9.14626918	8.98844565	109.048916	108.114421	
8.722023	9.20002732	9.04080553	109.102674	108.158054	
8.732483	9.31016437	9.15425193	109.212811	108.227867	
8.742388	9.4150098	9.25897168	109.317656	108.306407	
8.752528	9.52293458	9.36369144	109.425581	108.384947	
8.762706	9.63194027	9.47713784	109.534587	108.463486	
8.772844	9.7410899	9.58185759	109.643736	108.542026	
8.783042	9.85153308	9.69530399	109.754179	108.611839	
8.793186	9.96198524	9.8087504	109.864632	108.690379	
8.803291	10.072646	9.91347015	109.975292	108.768919	
8.814409	10.1930264	10.0269166	110.095673	108.847459	
8.823639	10.2923684	10.1316363	110.195015	108.925999	
8.8338	10.4011768	10.2450827	110.303823	109.004538	
8.843965	10.5094189	10.3672558	110.412065	109.083078	
8.854064	10.6162857	10.4719755	110.518932	109.161618	
8.864432	10.7254522	10.5854219	110.628099	109.240158	
8.874461	10.8304374	10.6988683	110.733084	109.309971	
8.884613	10.9359536	10.8123147	110.8386	109.388511	
8.894779	11.0411095	10.9257611	110.943756	109.467051	
8.905207	11.1490787	11.0392075	111.051725	109.545591	
8.915641	11.2549292	11.1439273	111.157576	109.62413	
8.92521	11.3521322	11.2573737	111.254779	109.70267	
8.935363	11.4546444	11.3708201	111.357291	109.78121	
8.945569	11.5570864	11.4755398	111.459733	109.85975	
8.955667	11.6579159	11.5802596	111.560562	109.93829	
8.965854	11.7589392	11.693706	111.661586	110.008103	
8.976034	11.8591847	11.7984257	111.761831	110.095369	
8.986137	11.9581313	11.9031455	111.860778	110.173909	
8.996269	12.0567464	11.9991386	111.959393	110.243722	
9.006785	12.1584922	12.1038584	112.061139	110.322262	
9.016993	12.2565873	12.2085781	112.159234	110.392075	
9.026758	12.3498107	12.3045712	112.252457	110.470615	
9.03694	12.4464506	12.3918377	112.349097	110.540428	
9.047092	12.5422364	12.4965574	112.444883	110.618968	
9.057499	12.6397141	12.5925506	112.54236	110.688781	
9.075534	12.8062541	12.679817	112.708901	110.810954	
9.080845	12.8553389	12.8019901	112.757985	110.845861	
9.090821	12.946758	12.8979832	112.849404	110.915674	
9.109384	13.1144672	13.0725161	113.017114	111.0553	
9.11463	13.161838	13.1161493	113.064484	111.090207	
9.12477	13.2527511	13.2034158	113.155397	111.16002	
9.134968	13.3435515	13.2994089	113.246198	111.229833	
9.145148	13.4336249	13.3866754	113.336271	111.299646	
9.155326	13.5230085	13.4826685	113.425655	111.36946	
9.165395	13.6108234	13.5699349	113.51347	111.439273	
9.175556	13.6987865	13.6484748	113.601433	111.509086	
9.185787	13.7868308	13.7357412	113.689477	111.578899	
9.195885	13.8729983	13.8230077	113.775645	111.648712	
9.20649	13.9629257	13.9015475	113.865572	111.718525	
9.216261	14.0451549	13.988814	113.947801	111.788339	
9.226767	14.1329395	14.0673538	114.035586	111.858152	
9.236514	14.2137967	14.1546202	114.116443	111.927965	
9.246719	14.2978512	14.2418867	114.200498	111.997778	
9.257032	14.3821646	14.3204265	114.284811	112.067591	
9.267019	14.463203	14.3989663	114.365849	112.137404	
9.277466	14.5473084	14.4862328	114.449955	112.207218	
9.287546	14.6278634	14.5647726	114.53051	112.285757	
9.298029	14.7110177	14.6520391	114.613664	112.355571	
9.308441	14.7929169	14.7305789	114.695563	112.43411	
9.317987	14.8674613	14.8091187	114.770108	112.495197	
9.328202	14.946643	14.8876585	114.849289	112.56501	
9.338283	15.0241456	14.9661983	114.926792	112.634823	
9.348431	15.1015546	15.0447382	115.004201	112.713363	
9.358698	15.1792764	15.1320046	115.081923	112.783176	
9.369047	15.2569249	15.2105444	115.159571	112.852989	
9.379597	15.3354635	15.2890842	115.23811	112.922803	
9.389732	15.4102551	15.3588974	115.312901	112.992616	
9.39989	15.484666	15.4461639	115.387312	113.062429	
9.410015	15.5581959	15.5247037	115.460842	113.140969	
9.420301	15.6322519	15.6032435	115.534898	113.210782	
9.430358	15.704021	15.6730567	115.606667	113.280595	
9.440562	15.7762783	15.7428699	115.678925	113.350408	
9.450647	15.8470627	15.8214097	115.749709	113.420221	
9.460969	15.9188756	15.8912228	115.821522	113.490035	
9.471066	15.9885159	15.9697627	115.891162	113.568574	
9.481208	16.0578661	16.0395758	115.960513	113.638388	
9.491674	16.1287892	16.1006623	116.031436	113.708201	
9.501488	16.1946745	16.1704755	116.097321	113.778014	
9.511679	16.262529	16.231562	116.165175	113.847827	
9.522743	16.3354295	16.3013752	116.238076	113.926367	
9.532057	16.3963021	16.3711884	116.298948	113.99618	
9.542185	16.4618356	16.4322749	116.364482	114.065993	
9.552368	16.5271517	16.5020881	116.429798	114.144533	
9.562512	16.591638	16.5631746	116.494284	114.214346	
9.582418	16.7151793	16.6853476	116.617826	114.353973	
9.587587	16.7472823	16.7202542	116.649929	114.388879	
9.597929	16.8108358	16.7813408	116.713482	114.458692	
9.608287	16.873837	16.8424273	116.776483	114.528506	
9.618214	16.9336148	16.9035138	116.836261	114.598319	
9.628357	16.9940822	16.9646003	116.896729	114.668132	
9.638366	17.0531366	17.0256869	116.955783	114.737945	
9.648532	17.1125463	17.0867734	117.015193	114.807758	
9.658864	17.1722924	17.1478599	117.074939	114.877571	
9.668912	17.2297607	17.2089464	117.132407	114.947385	
9.687119	17.3315274	17.2613063	117.234174	115.069558	
9.69227	17.3603441	17.3398461	117.262991	115.104464	
9.70241	17.4163611	17.4009326	117.319007	115.174277	
9.712632	17.4721927	17.4532925	117.374839	115.244091	
9.722757	17.5268687	17.514379	117.429515	115.313904	
9.733313	17.5832631	17.5667389	117.485909	115.383717	
9.743198	17.6354636	17.6278254	117.53811	115.45353	
9.753326	17.6883127	17.6801853	117.590959	115.514617	
9.763719	17.7419645	17.7325452	117.644611	115.58443	
9.773966	17.7942004	17.7849051	117.696847	115.654243	
9.784109	17.8453157	17.837265	117.747962	115.715329	
9.793959	17.8943549	17.8896248	117.797001	115.785143	
9.804088	17.9442037	17.9419847	117.84685	115.854956	
9.814615	17.9953577	17.9943446	117.898004	115.924769	
9.824494	18.0427871	18.0467045	117.945433	115.985855	
9.835089	18.0929732	18.0990643	117.99562	116.064395	
9.845066	18.1396672	18.1426976	118.042314	116.125482	
9.855319	18.1870326	18.1863308	118.089679	116.195295	
9.865072	18.2314881	18.2386907	118.134134	116.256381	
9.875243	18.2772506	18.2823239	118.179897	116.326195	
9.885385	18.3222903	18.3259571	118.224937	116.396008	
9.895597	18.3670413	18.3695904	118.269688	116.465821	
9.905744	18.4108854	18.4132236	118.313532	116.535634	
9.915844	18.4539144	18.4568568	118.356561	116.605447	
9.926299	18.497835	18.5004901	118.400481	116.67526	
9.93626	18.5390707	18.5441233	118.441717	116.745074	
9.946541	18.5810289	18.5790299	118.483675	116.814887	
9.956784	18.6222198	18.6226631	118.524866	116.8847	
9.966695	18.6614809	18.6575697	118.564127	116.954513	
9.977144	18.7022242	18.7012029	118.604871	117.024326	
9.995523	18.7715049	18.7448362	118.674151	117.146499	
10.00062	18.7907533	18.797196	118.6934	117.181406	
10.01081	18.8284855	18.8321026	118.731132	117.242493	
10.02157	18.8677776	18.8757359	118.770424	117.321032	
10.0326	18.9070615	18.9106424	118.809708	117.390845	
10.04168	18.9390782	18.9542757	118.841725	117.451932	
10.05177	18.9739933	18.9891823	118.87664	117.521745	
10.06194	19.0086327	19.0240888	118.911279	117.591558	
10.07211	19.0426281	19.0589954	118.945274	117.652645	
10.08225	19.0759691	19.093902	118.978616	117.722458	
10.09241	19.1087313	19.1288086	119.011378	117.792271	
10.10252	19.1407691	19.1637152	119.043415	117.862084	
10.11272	19.1724703	19.1898951	119.075117	117.931898	
10.12285	19.2033496	19.2248017	119.105996	118.001711	
10.134	19.2365884	19.2597083	119.139235	118.071524	
10.14318	19.2635145	19.2858882	119.166161	118.13261	
10.15332	19.2926144	19.3207948	119.195261	118.202424	
10.16347	19.3211893	19.3469748	119.223836	118.272237	
10.17397	19.350087	19.3731547	119.252733	118.34205	
10.18382	19.3766134	19.3993346	119.27926	118.411863	
10.194	19.4034414	19.4255146	119.306088	118.47295	
10.20417	19.4296655	19.4516945	119.332312	118.542763	
10.21472	19.4562111	19.4778745	119.358858	118.621303	
10.22456	19.4804061	19.5040544	119.383052	118.682389	
10.23517	19.5058538	19.5215077	119.4085	118.760929	
10.24482	19.5285719	19.5476876	119.431218	118.822015	
10.25534	19.5524617	19.5738676	119.455108	118.891829	
10.26513	19.5742475	19.5913209	119.476894	118.961642	
10.27573	19.5972046	19.6175008	119.499851	119.031455	
10.28572	19.6183253	19.6436807	119.520972	119.101268	
10.29587	19.6390706	19.661134	119.541717	119.171081	
10.30645	19.6601214	19.687314	119.562768	119.240894	
10.31613	19.6788361	19.7047673	119.581482	119.310708	
10.32625	19.6978392	19.7222205	119.600486	119.371794	
10.33758	19.7183453	19.7484005	119.620992	119.450334	
10.35579	19.7490586	19.7833071	119.651705	119.56378	
10.36022	19.7565916	19.7920337	119.659238	119.58996	
10.37025	19.7729224	19.809487	119.675569	119.64232	
10.38046	19.7889748	19.8182137	119.691621	119.69468	
10.39057	19.804279	19.8269403	119.706925	119.738313	
10.40068	19.8190152	19.8356669	119.721662	119.781947	
10.41079	19.8331969	19.8443936	119.735843	119.808127	
10.42092	19.846828	19.8618469	119.749474	119.834306	
10.43112	19.8599806	19.8705735	119.762627	119.85176	
10.44132	19.872564	19.8793002	119.77521	119.860486	
10.45142	19.8844577	19.8967535	119.787104	119.869213	
10.46156	19.8958444	19.9054801	119.798491	119.869213	
10.47166	19.9066302	19.9142068	119.809277	119.869213	
10.48991	19.9239202	19.9229334	119.826567	119.860486	
10.49427	19.9281078	19.9316601	119.830754	119.860486	
10.50447	19.9372134	19.9403867	119.83986	119.85176	
10.51455	19.9456722	19.9403867	119.848319	119.85176	
10.52463	19.953614	19.9491134	119.85626	119.843033	
10.53592	19.9618104	19.9491134	119.864457	119.843033	
10.545	19.9680298	19.95784	119.870676	119.85176	
10.55514	19.9744347	19.95784	119.877081	119.85176	
10.56524	19.9802991	19.95784	119.882945	119.85176	
10.57537	19.9856793	19.95784	119.888326	119.860486	
10.58546	19.9905506	19.95784	119.893197	119.869213	
10.59563	19.9949665	19.95784	119.897613	119.87794	
10.60574	19.9988873	19.95784	119.901534	119.886666	
10.61589	20.0023559	19.95784	119.905002	119.886666	
10.62603	20.0053767	19.95784	119.908023	119.886666	
10.63714	20.0081503	19.95784	119.910797	119.895393	
10.64656	20.0101883	19.95784	119.912835	119.90412	
10.65641	20.0119516	19.95784	119.914598	119.912846	
10.66651	20.0174533	19.95784	119.9201	119.912846	
10.67662	20.0174533	19.95784	119.9201	119.921573	
10.68723	20.0174533	19.95784	119.9201	119.921573	
10.69694	20.0174533	19.95784	119.9201	119.921573	
10.70742	20.0174533	19.95784	119.9201	119.921573	
10.71716	20.0174533	19.95784	119.9201	119.9303	
10.73534	20.0174533	19.95784	119.9201	119.921573	
10.74087	20.0174533	19.95784	119.9201	119.921573	
10.74987	20.0174533	19.95784	119.9201	119.921573	
10.75999	20.0174533	19.95784	119.9201	119.921573	
10.77016	20.0174533	19.95784	119.9201	119.921573	
10.78024	20.0174533	19.95784	119.9201	119.921573	
10.79042	20.0174533	19.95784	119.9201	119.921573	
10.80059	20.0174533	19.95784	119.9201	119.921573	
10.8107	20.0174533	19.95784	119.9201	119.921573	
10.82084	20.0174533	19.95784	119.9201	119.921573	
10.83098	20.0174533	19.95784	119.9201	119.921573	
10.84229	20.0174533	19.95784	119.9201	119.921573	
10.85131	20.0174533	19.95784	119.9201	119.921573	
10.86142	20.0174533	19.95784	119.9201	119.921573	
10.8716	20.0174533	19.95784	119.9201	119.921573	
10.88178	20.0174533	19.95784	119.9201	119.921573	
10.8921	20.0174533	19.95784	119.9201	119.921573	
10.90203	20.0174533	19.95784	119.9201	119.921573	
10.91225	20.0174533	19.95784	119.9201	119.921573	
10.92235	20.0174533	19.95784	119.9201	119.921573	
10.93242	20.0174533	19.95784	119.9201	119.921573	
10.94364	20.0174533	19.95784	119.9201	119.921573	
10.95277	20.0174533	19.95784	119.9201	119.921573	
10.96322	20.0174533	19.95784	119.9201	119.921573	
10.97301	20.0174533	19.95784	119.9201	119.921573	
10.98312	20.0174533	19.95784	119.9201	119.921573	
10.9933	20.0174533	19.95784	119.9201	119.921573	
11.0036	20.0174533	19.95784	119.9201	119.921573	
11.01356	20.0174533	19.95784	119.9201	119.921573	
11.0237	20.0174533	19.95784	119.9201	119.921573	
11.03385	20.0174533	19.95784	119.9201	119.921573	
11.04497	20.0174533	19.95784	119.9201	119.921573	
11.05407	20.0174533	19.95784	119.9201	119.921573	
11.06436	20.0174533	19.95784	119.9201	119.921573	
11.07435	20.0174533	19.95784	119.9201	119.921573	
11.08449	20.0174533	19.95784	119.9201	119.921573	
11.09466	20.0174533	19.95784	119.9201	119.921573	
11.10488	20.0174533	19.95784	119.9201	119.921573	
11.11493	20.0174533	19.95784	119.9201	119.921573	
11.12508	20.0174533	19.95784	119.9201	119.921573	
11.13533	20.0174533	19.95784	119.9201	119.921573	
11.14629	20.0174533	19.95784	119.9201	119.921573	
11.15548	20.0174533	19.95784	119.9201	119.921573	
11.16556	20.0174533	19.95784	119.9201	119.921573	
11.17572	20.0174533	19.95784	119.9201	119.921573	
11.18587	20.0174533	19.95784	119.9201	119.921573	
11.19601	20.0174533	19.95784	119.9201	119.921573	
11.20613	20.0174533	19.95784	119.9201	119.921573	
11.21631	20.0174533	19.95784	119.9201	119.921573	
11.22635	20.0174533	19.95784	119.9201	119.921573	
11.23669	20.0174533	19.95784	119.9201	119.921573	
11.24764	20.0174533	19.95784	119.9201	119.921573	
11.2568	20.0174533	19.95784	119.9201	119.921573	
11.26689	20.0174533	19.95784	119.9201	119.921573	
11.277	20.0174533	19.95784	119.9201	119.921573	
11.28715	20.0174533	19.95784	119.9201	119.921573	
11.29734	20.0174533	19.95784	119.9201	119.921573	
11.30751	20.0174533	19.95784	119.9201	119.921573	
11.31758	20.0174533	19.95784	119.9201	119.921573	
11.32768	20.0174533	19.95784	119.9201	119.921573	
11.33815	20.0174533	19.95784	119.9201	119.921573	
11.34899	20.0174533	19.95784	119.9201	119.921573	
11.35817	20.0174533	19.95784	119.9201	119.921573	
11.36836	20.0174533	19.95784	119.9201	119.921573	
11.37839	20.0174533	19.95784	119.9201	119.921573	
11.3885	20.0174533	19.95784	119.9201	119.921573	
11.39863	20.0174533	19.95784	119.9201	119.921573	
11.41673	20.0174533	19.95784	119.9201	119.921573	
11.42108	20.0174533	19.95784	119.9201	119.921573	
11.43127	20.0174533	19.95784	119.9201	119.921573	
11.44134	20.0174533	19.95784	119.9201	119.921573	
11.45156	20.0174533	19.95784	119.9201	119.921573	
11.4617	20.0174533	19.95784	119.9201	119.921573	
11.47187	20.0174533	19.95784	119.9201	119.921573	
11.48201	20.0174533	19.95784	119.9201	119.921573	
11.49209	20.0174533	19.95784	119.9201	119.921573	
11.50227	20.0174533	19.95784	119.9201	119.921573	
11.51247	20.0174533	19.95784	119.9201	119.921573	
11.52254	20.0174533	19.95784	119.9201	119.921573	
11.53268	20.0174533	19.95784	119.9201	119.921573	
11.54277	20.0174533	19.95784	119.9201	119.921573	
11.55301	20.0174533	19.95784	119.9201	119.921573	
11.56312	20.0174533	19.95784	119.9201	119.921573	
11.58302	20.0174533	19.95784	119.9201	119.921573	
11.58744	20.0174533	19.95784	119.9201	119.921573	
11.59793	20.0174533	19.95784	119.9201	119.921573	
11.60801	20.0174533	19.95784	119.9201	119.921573	
11.61785	20.0174533	19.95784	119.9201	119.921573	
11.62791	20.0174533	19.95784	119.9201	119.921573	
11.638	20.0174533	19.95784	119.9201	119.921573	
11.64823	20.0174533	19.95784	119.9201	119.921573	
11.65832	20.0174533	19.95784	119.9201	119.921573	
11.67045	20.0174533	19.95784	119.9201	119.921573	
11.67855	20.0174533	19.95784	119.9201	119.921573	
11.68871	20.0174533	19.95784	119.9201	119.921573	
11.70711	20.0174533	19.95784	119.9201	119.921573	
11.71363	20.0174533	19.95784	119.9201	119.921573	
11.72158	20.0174533	19.95784	119.9201	119.921573	
11.73169	20.0174533	19.95784	119.9201	119.921573	
11.74184	20.0174533	19.95784	119.9201	119.921573	
11.75245	20.0174533	19.95784	119.9201	119.921573	
11.76215	20.0174533	19.95784	119.9201	119.921573	
11.77227	20.0174533	19.95784	119.9201	119.921573	
11.78241	20.0174533	19.95784	119.9201	119.921573	
11.79254	20.0174533	19.95784	119.9201	119.921573	
11.80264	20.0174533	19.95784	119.9201	119.921573	
11.81282	20.0174533	19.95784	119.9201	119.921573	
11.82298	20.0174533	19.95784	119.9201	119.921573	
11.83309	20.0174533	19.95784	119.9201	119.921573	
11.84318	20.0174533	19.95784	119.9201	119.921573	
11.85373	20.0174533	19.95784	119.9201	119.921573	
11.86349	20.0174533	19.95784	119.9201	119.921573	
11.87375	20.0174533	19.95784	119.9201	119.921573	
11.88376	20.0174533	19.95784	119.9201	119.921573	
11.89386	20.0174533	19.95784	119.9201	119.921573	
11.90451	20.0174533	19.95784	119.9201	119.921573	
11.91449	20.0174533	19.95784	119.9201	119.921573	
11.92465	20.0174533	19.95784	119.9201	119.921573	
11.93481	20.0174533	19.95784	119.9201	119.921573	
11.94505	20.0174533	19.95784	119.9201	119.921573	
11.95624	20.0174533	19.95784	119.9201	119.921573	
11.96522	20.0174533	19.95784	119.9201	119.921573	
11.97533	20.0174533	19.95784	119.9201	119.921573	
11.98546	20.0174533	19.95784	119.9201	119.921573	
11.99558	20.0174533	19.95784	119.9201	119.921573	
12.0057	20.0174533	19.95784	119.9201	119.921573	
12.01586	20.0174533	19.95784	119.9201	119.921573	
12.02602	20.0174533	19.95784	119.9201	119.921573	
12.0362	20.0174533	19.95784	119.9201	119.921573	
12.04653	20.0174533	19.95784	119.9201	119.921573	
12.0577	20.0174533	19.95784	119.9201	119.921573	
12.0665	20.0174533	19.95784	119.9201	119.921573	
12.07665	20.0174533	19.95784	119.9201	119.921573	
12.08675	20.0174533	19.95784	119.9201	119.921573	
12.09707	20.0174533	19.95784	119.9201	119.921573	
12.10704	20.0174533	19.95784	119.9201	119.921573	
12.11716	20.0174533	19.95784	119.9201	119.921573	
12.12739	20.0174533	19.95784	119.9201	119.921573	
12.13749	20.0174533	19.95784	119.9201	119.921573	
12.14794	20.0174533	19.95784	119.9201	119.921573	
12.15883	20.0174533	19.95784	119.9201	119.921573	
12.16789	20.0174533	19.95784	119.9201	119.921573	
12.17801	20.0174533	19.95784	119.9201	119.921573	
12.18813	20.0174533	19.95784	119.9201	119.921573	
12.19823	20.0174533	19.95784	119.9201	119.921573	
12.20848	20.0174533	19.95784	119.9201	119.921573	
12.21852	20.0174533	19.95784	119.9201	119.921573	
12.22868	20.0174533	19.95784	119.9201	119.921573	
12.24665	20.0174533	19.95784	119.9201	119.921573	
12.25096	20.0174533	19.95784	119.9201	119.921573	
12.26133	20.0174533	19.95784	119.9201	119.921573	
12.27145	20.0174533	19.95784	119.9201	119.921573	
12.28159	20.0174533	19.95784	119.9201	119.921573	
12.29175	20.0174533	19.95784	119.9201	119.921573	
12.30188	20.0174533	19.95784	119.9201	119.921573	
12.31201	20.0174533	19.95784	119.9201	119.921573	
12.32215	20.0174533	19.95784	119.9201	119.921573	
12.3323	20.0174533	19.95784	119.9201	119.921573	
12.34245	20.0174533	19.95784	119.9201	119.921573	
12.3526	20.0174533	19.95784	119.9201	119.921573	
12.36278	20.0174533	19.95784	119.9201	119.921573	
12.37295	20.0174533	19.95784	119.9201	119.921573	
12.38309	20.0174533	19.95784	119.9201	119.921573	
12.3932	20.0174533	19.95784	119.9201	119.921573	
12.40363	20.0174533	19.95784	119.9201	119.921573	
12.41345	20.0174533	19.95784	119.9201	119.921573	
12.42358	20.0174533	19.95784	119.9201	119.921573	
12.43384	20.0174533	19.95784	119.9201	119.921573	
12.44386	20.0174533	19.95784	119.9201	119.921573	
12.45395	20.0174533	19.95784	119.9201	119.921573	
12.46419	20.0174533	19.95784	119.9201	119.921573	
12.47429	20.0174533	19.95784	119.9201	119.921573	
12.48444	20.0174533	19.95784	119.9201	119.921573	
12.49455	20.0174533	19.95784	119.9201	119.921573	
12.50467	20.0174533	19.95784	119.9201	119.921573	
12.51481	20.0174533	19.95784	119.9201	119.921573	
12.52494	20.0174533	19.95784	119.9201	119.921573	
12.53515	20.0174533	19.95784	119.9201	119.921573	
12.54522	20.0174533	19.95784	119.9201	119.921573	
12.55536	20.0174533	19.95784	119.9201	119.921573	
12.56556	20.0174533	19.95784	119.9201	119.921573	
12.57576	20.0174533	19.95784	119.9201	119.921573	
12.58591	20.0174533	19.95784	119.9201	119.921573	
12.59602	20.0174533	19.95784	119.9201	119.921573	
12.60653	20.0174533	19.95784	119.9201	119.921573	
12.61626	20.0174533	19.95784	119.9201	119.921573	
12.62639	20.0174533	19.95784	119.9201	119.921573	
12.63653	20.0174533	19.95784	119.9201	119.921573	
12.64661	20.0174533	19.95784	119.9201	119.921573	
12.65675	20.0174533	19.95784	119.9201	119.921573	
12.66693	20.0174533	19.95784	119.9201	119.921573	
12.67704	20.0174533	19.95784	119.9201	119.921573	
12.6875	20.0174533	19.95784	119.9201	119.921573	
12.69735	20.0174533	19.95784	119.9201	119.921573	
12.70789	20.0174533	19.95784	119.9201	119.921573	
12.71779	20.0174533	19.95784	119.9201	119.921573	
12.7279	20.0174533	19.95784	119.9201	119.921573	
12.73807	20.0174533	19.95784	119.9201	119.921573	
12.74817	20.0174533	19.95784	119.9201	119.921573	
12.75833	20.0174533	19.95784	119.9201	119.921573	
12.76861	20.0174533	19.95784	119.9201	119.921573	
12.77862	20.0174533	19.95784	119.9201	119.921573	
12.78886	20.0174533	19.95784	119.9201	119.921573	
12.7989	20.0174533	19.95784	119.9201	119.921573	
12.80941	20.0174533	19.95784	119.9201	119.921573	
12.81946	20.0174533	19.95784	119.9201	119.921573	
12.82959	20.0174533	19.95784	119.9201	119.921573	
12.83976	20.0174533	19.95784	119.9201	119.921573	
12.84993	20.0174533	19.95784	119.9201	119.921573	
12.86003	20.0174533	19.95784	119.9201	119.921573	
12.87022	20.0174533	19.95784	119.9201	119.921573	
12.88039	20.0174533	19.95784	119.9201	119.921573	
12.89053	20.0174533	19.95784	119.9201	119.921573	
12.90061	20.0174533	19.95784	119.9201	119.921573	
12.91075	20.0174533	19.95784	119.9201	119.921573	
12.92091	20.0174533	19.95784	119.9201	119.921573	
12.93102	20.0174533	19.95784	119.9201	119.921573	
12.94144	20.0174533	19.95784	119.9201	119.921573	
12.95131	20.0174533	19.95784	119.9201	119.921573	
12.96145	20.0174533	19.95784	119.9201	119.921573	
12.97162	20.0174533	19.95784	119.9201	119.921573	
12.98175	20.0174533	19.95784	119.9201	119.921573	
12.9919	20.0174533	19.95784	119.9201	119.921573	
13.00203	20.0174533	19.95784	119.9201	119.921573	
13.01213	20.0174533	19.95784	119.9201	119.921573	
13.02231	20.0174533	19.95784	119.9201	119.921573	
13.03251	20.0174533	19.95784	119.9201	119.921573	
13.04262	20.0174533	19.95784	119.9201	119.921573	
13.0608	20.0174533	19.95784	119.9201	119.921573	
13.06531	20.0174533	19.95784	119.9201	119.921573	
13.07535	20.0174533	19.95784	119.9201	119.921573	
13.08548	20.0174533	19.95784	119.9201	119.921573	
13.0956	20.0174533	19.95784	119.9201	119.921573	
13.10576	20.0174533	19.95784	119.9201	119.921573	
13.11582	20.0174533	19.95784	119.9201	119.921573	
13.12606	20.0174533	19.95784	119.9201	119.921573	
13.13612	20.0174533	19.95784	119.9201	119.921573	
13.14633	20.0174533	19.95784	119.9201	119.921573	
13.15642	20.0174533	19.95784	119.9201	119.921573	
13.16673	20.0174533	19.95784	119.9201	119.921573	
13.17682	20.0174533	19.95784	119.9201	119.921573	
13.18686	20.0174533	19.95784	119.9201	119.921573	
13.19697	20.0174533	19.95784	119.9201	119.921573	
13.20713	20.0174533	19.95784	119.9201	119.921573	
13.21723	20.0174533	19.95784	119.9201	119.921573	
13.22742	20.0174533	19.95784	119.9201	119.921573	
13.2375	20.0174533	19.95784	119.9201	119.921573	
13.2477	20.0174533	19.95784	119.9201	119.921573	
13.25774	20.0174533	19.95784	119.9201	119.921573	
13.26813	20.0174533	19.95784	119.9201	119.921573	
13.2781	20.0174533	19.95784	119.9201	119.921573	
13.28818	20.0174533	19.95784	119.9201	119.921573	
13.29828	20.0174533	19.95784	119.9201	119.921573	
13.30838	20.0174533	19.95784	119.9201	119.921573	
13.31855	20.0174533	19.95784	119.9201	119.921573	
13.3287	20.0174533	19.95784	119.9201	119.921573	
13.34687	20.0174533	19.95784	119.9201	119.921573	
13.35131	20.0174533	19.95784	119.9201	119.921573	
13.36135	20.0174533	19.95784	119.9201	119.921573	
13.37205	20.0174533	19.95784	119.9201	119.921573	
13.3817	20.0174533	19.95784	119.9201	119.921573	
13.39182	20.0174533	19.95784	119.9201	119.921573	
13.40197	20.0174533	19.95784	119.9201	119.921573	
13.41204	20.0174533	19.95784	119.9201	119.921573	
13.42221	20.0174533	19.95784	119.9201	119.921573	
13.4324	20.0174533	19.95784	119.9201	119.921573	
13.44251	20.0174533	19.95784	119.9201	119.921573	
13.45942	20.0174533	19.95784	119.9201	119.921573	
13.47023	20.0174533	19.95784	119.9201	119.921573	
