16.16029	3.00421649	3.00196631	3.12638954	3.12413936	
16.17067	3.00617237	3.00196631	3.12834541	3.12413936	
16.18049	3.00857945	3.00196631	3.13075249	3.12413936	
16.19067	3.01171366	3.00196631	3.13388671	3.12413936	
16.20086	3.01547408	3.00196631	3.13764713	3.13286601	
16.21088	3.0197649	3.00196631	3.14193795	3.13286601	
16.22106	3.02475731	3.00196631	3.14693036	3.14159265	
16.241	3.0374944	3.00196631	3.15966745	3.1503193	
16.24533	3.04016879	3.00196631	3.16234183	3.1503193	
16.25552	3.04727152	3.00196631	3.16944457	3.1503193	
16.26592	3.05517563	3.00196631	3.17734868	3.15904595	
16.27574	3.06319713	3.00196631	3.18537018	3.15904595	
16.28586	3.07208709	3.00196631	3.19426014	3.15904595	
16.29619	3.08181324	3.00196631	3.20398629	3.16777259	
16.30629	3.09192071	3.00196631	3.21409376	3.16777259	
16.31639	3.10264667	3.00196631	3.22481972	3.17649924	
16.33459	3.12440176	3.00196631	3.24657481	3.17649924	
16.33888	3.12945599	3.00196631	3.25162903	3.18522588	
16.34904	3.14224085	3.00196631	3.2644139	3.19395253	
16.36006	3.15686224	3.00196631	3.27903529	3.20267918	
16.36937	3.16967749	3.00196631	3.29185054	3.21140582	
16.37946	3.18421461	3.00196631	3.30638765	3.22885912	
16.3896	3.19943947	3.00196631	3.32161252	3.22885912	
16.39977	3.21531788	3.00196631	3.33749092	3.24631241	
16.40985	3.23166873	3.00196631	3.35384177	3.2637657	
16.42002	3.24879754	3.01069296	3.37097059	3.27249235	
16.4302	3.26657118	3.01069296	3.38874423	3.28994564	
16.44029	3.28477387	3.01941961	3.40694691	3.29867229	
16.45041	3.30367082	3.02814625	3.42584387	3.31612558	
16.46133	3.32479099	3.0368729	3.44696404	3.33357887	
16.47076	3.34350873	3.05432619	3.46568178	3.35975881	
16.48092	3.36432791	3.06305284	3.48650096	3.3772121	
16.49115	3.38591179	3.08050613	3.50808484	3.40339204	
16.50123	3.40779951	3.09795942	3.52997256	3.42084533	
16.51139	3.43047608	3.11541271	3.55264913	3.43829863	
16.52151	3.45367427	3.14159265	3.57584731	3.47320521	
16.53166	3.47756749	3.15904595	3.59974053	3.4906585	
16.54175	3.50191624	3.17649924	3.62408929	3.51683844	
16.55191	3.52707562	3.21140582	3.64924867	3.54301838	
16.5626	3.5542422	3.22885912	3.67641525	3.56919832	
16.57235	3.57955008	3.2637657	3.70172313	3.58665161	
16.58236	3.60613345	3.28994564	3.7283065	3.61283155	
16.59245	3.63357284	3.31612558	3.75574589	3.64773814	
16.60258	3.66171552	3.35103216	3.78388857	3.66519143	
16.61267	3.69035632	3.38593875	3.81252936	3.70009801	
16.62286	3.7199277	3.41211869	3.84210075	3.72627795	
16.63303	3.75005847	3.44702527	3.87223152	3.75245789	
16.64311	3.78051128	3.47320521	3.90268432	3.78736448	
16.6532	3.80982635	3.5081118	3.93199939	3.82227106	
16.66388	3.84023845	3.54301838	3.9624115	3.85717765	
16.67347	3.86698916	3.57792497	3.98916221	3.89208423	
16.68365	3.89481981	3.6215582	4.01699286	3.91826417	
16.69374	3.92185682	3.65646478	4.04402986	3.95317076	
16.70391	3.94847954	3.69137137	4.07065259	3.98807734	
16.71431	3.97513549	3.71755131	4.09730854	4.01425728	
16.72446	4.00073822	3.75245789	4.12291127	4.04916386	
16.73433	4.02474244	3.78736448	4.14691549	4.0753438	
16.74438	4.04877007	3.82227106	4.17094312	4.11025039	
16.75457	4.07258667	3.85717765	4.19475972	4.13643033	
16.76515	4.09667788	3.89208423	4.21885093	4.17133691	
16.77486	4.11826002	3.92699082	4.24043307	4.19751685	
16.78501	4.14022332	3.95317076	4.26239637	4.22369679	
16.79531	4.16193736	3.98807734	4.2841104	4.24987673	
16.80569	4.18322213	4.01425728	4.30539518	4.27605667	
16.81546	4.20273295	4.04916386	4.324906	4.29350996	
16.82551	4.22223524	4.0753438	4.34440829	4.3196899	
16.83565	4.24135137	4.10152374	4.36352442	4.34586984	
16.84575	4.25981151	4.13643033	4.38198456	4.36332313	
16.85597	4.27793407	4.15388362	4.40010712	4.38077642	
16.86653	4.29602304	4.18006356	4.41819609	4.39822972	
16.87617	4.31205007	4.2062435	4.43422312	4.41568301	
16.88628	4.32827437	4.22369679	4.45044742	4.42440965	
16.89637	4.34393309	4.24987673	4.46610614	4.44186295	
16.90647	4.35903269	4.27605667	4.48120574	4.45058959	
16.92496	4.38444027	4.29350996	4.50661332	4.46804289	
16.92929	4.39039835	4.3196899	4.5125714	4.48549618	
16.93944	4.40377005	4.33714319	4.52594309	4.50294947	
16.94959	4.41658409	4.36332313	4.53875714	4.51167612	
16.95971	4.42882063	4.37204978	4.55099368	4.52912941	
16.97048	4.44120387	4.38950307	4.56337691	4.53785606	
16.98064	4.45234638	4.40695636	4.57451942	4.55530935	
16.99075	4.4629049	4.41568301	4.58507795	4.56403599	
17.00095	4.47300459	4.4331363	4.59517764	4.58148929	
17.01098	4.48242306	4.44186295	4.60459611	4.59021593	
17.02116	4.49143026	4.45058959	4.6136033	4.59894258	
17.03129	4.49987863	4.45931624	4.62205168	4.60766923	
17.04144	4.50780654	4.46804289	4.62997959	4.62512252	
17.05155	4.51519345	4.46804289	4.6373665	4.62512252	
17.06166	4.52206957	4.46804289	4.64424262	4.64257581	
17.07189	4.52850256	4.47676953	4.65067561	4.65130246	
17.08204	4.53437939	4.47676953	4.65655244	4.6600291	
17.09214	4.53973827	4.47676953	4.66191132	4.6600291	
17.10229	4.54463789	4.47676953	4.66681094	4.66875575	
17.11237	4.54903045	4.47676953	4.6712035	4.6774824	
17.12255	4.55299107	4.47676953	4.67516411	4.6774824	
17.13267	4.5564746	4.47676953	4.67864765	4.6774824	
17.14283	4.55953176	4.47676953	4.68170481	4.68620904	
17.15303	4.5621737	4.47676953	4.68434674	4.68620904	
17.16316	4.564394	4.47676953	4.68656705	4.68620904	
17.17331	4.56623966	4.47676953	4.6884127	4.68620904	
17.18361	4.57196631	4.47676953	4.69413936	4.68620904	
17.19352	4.57196631	4.47676953	4.69413936	4.68620904	
17.20369	4.57196631	4.47676953	4.69413936	4.68620904	
17.21379	4.57196631	4.47676953	4.69413936	4.68620904	
17.22397	4.57196631	4.47676953	4.69413936	4.68620904	
17.23415	4.57196631	4.47676953	4.69413936	4.68620904	
17.24423	4.57196631	4.47676953	4.69413936	4.68620904	
17.2544	4.57196631	4.47676953	4.69413936	4.68620904	
17.26452	4.57196631	4.47676953	4.69413936	4.68620904	
17.27469	4.57196631	4.47676953	4.69413936	4.68620904	
17.2848	4.57196631	4.47676953	4.69413936	4.68620904	
17.29499	4.57196631	4.47676953	4.69413936	4.68620904	
17.30511	4.57196631	4.47676953	4.69413936	4.68620904	
17.31514	4.57196631	4.47676953	4.69413936	4.68620904	
17.32541	4.57196631	4.47676953	4.69413936	4.68620904	
17.33558	4.57196631	4.47676953	4.69413936	4.68620904	
17.34563	4.57196631	4.47676953	4.69413936	4.68620904	
17.35574	4.57196631	4.47676953	4.69413936	4.68620904	
17.36594	4.57196631	4.47676953	4.69413936	4.68620904	
17.37607	4.57196631	4.47676953	4.69413936	4.68620904	
17.3862	4.57196631	4.47676953	4.69413936	4.68620904	
17.39629	4.57196631	4.47676953	4.69413936	4.68620904	
17.40641	4.57196631	4.47676953	4.69413936	4.68620904	
17.42483	4.57196631	4.47676953	4.69413936	4.68620904	
17.42913	4.57196631	4.47676953	4.69413936	4.68620904	
17.43929	4.57196631	4.47676953	4.69413936	4.68620904	
17.44943	4.57196631	4.47676953	4.69413936	4.68620904	
17.45952	4.57196631	4.47676953	4.69413936	4.68620904	
17.46969	4.57196631	4.47676953	4.69413936	4.68620904	
17.47991	4.57196631	4.47676953	4.69413936	4.68620904	
17.49017	4.57196631	4.47676953	4.69413936	4.68620904	
17.50016	4.57196631	4.47676953	4.69413936	4.68620904	
17.5103	4.57196631	4.47676953	4.69413936	4.68620904	
17.52045	4.57196631	4.47676953	4.69413936	4.68620904	
17.53851	4.57196631	4.47676953	4.69413936	4.68620904	
17.54279	4.57196631	4.47676953	4.69413936	4.68620904	
17.55306	4.57196631	4.47676953	4.69413936	4.68620904	
17.56309	4.57196631	4.47676953	4.69413936	4.68620904	
17.57377	4.57196631	4.47676953	4.69413936	4.68620904	
17.58353	4.57196631	4.47676953	4.69413936	4.68620904	
17.59354	4.57196631	4.47676953	4.69413936	4.68620904	
17.60367	4.57196631	4.47676953	4.69413936	4.68620904	
17.61375	4.57196631	4.47676953	4.69413936	4.68620904	
17.62395	4.57196631	4.47676953	4.69413936	4.68620904	
17.63406	4.57196631	4.47676953	4.69413936	4.68620904	
17.64419	4.57196631	4.47676953	4.69413936	4.68620904	
17.65432	4.57196631	4.47676953	4.69413936	4.68620904	
17.66458	4.57196631	4.47676953	4.69413936	4.68620904	
17.67507	4.57196631	4.47676953	4.69413936	4.68620904	
17.6848	4.57196631	4.47676953	4.69413936	4.68620904	
17.69492	4.57196631	4.47676953	4.69413936	4.68620904	
17.70507	4.57196631	4.47676953	4.69413936	4.68620904	
17.71514	4.57196631	4.47676953	4.69413936	4.68620904	
17.72569	4.57196631	4.47676953	4.69413936	4.68620904	
17.73546	4.57196631	4.47676953	4.69413936	4.68620904	
17.74555	4.57196631	4.47676953	4.69413936	4.68620904	
17.75586	4.57196631	4.47676953	4.69413936	4.68620904	
17.76577	4.57196631	4.47676953	4.69413936	4.68620904	
17.77629	4.57196631	4.47676953	4.69413936	4.68620904	
17.78611	4.57196631	4.47676953	4.69413936	4.68620904	
17.79638	4.57196631	4.47676953	4.69413936	4.68620904	
17.80635	4.57196631	4.47676953	4.69413936	4.68620904	
17.81641	4.57196631	4.47676953	4.69413936	4.68620904	
17.83486	4.57196631	4.47676953	4.69413936	4.68620904	
17.83918	4.57196631	4.47676953	4.69413936	4.68620904	
17.84931	4.57196631	4.47676953	4.69413936	4.68620904	
17.85948	4.57196631	4.47676953	4.69413936	4.68620904	
17.86955	4.57196631	4.47676953	4.69413936	4.68620904	
17.88048	4.57196631	4.47676953	4.69413936	4.68620904	
17.88989	4.57196631	4.47676953	4.69413936	4.68620904	
17.89997	4.57196631	4.47676953	4.69413936	4.68620904	
17.91017	4.57196631	4.47676953	4.69413936	4.68620904	
17.92024	4.57196631	4.47676953	4.69413936	4.68620904	
17.93038	4.57196631	4.47676953	4.69413936	4.68620904	
17.94048	4.57196631	4.47676953	4.69413936	4.68620904	
17.95066	4.57196631	4.47676953	4.69413936	4.68620904	
17.9608	4.57196631	4.47676953	4.69413936	4.68620904	
17.97087	4.57196631	4.47676953	4.69413936	4.68620904	
17.98228	4.57196631	4.47676953	4.69413936	4.68620904	
17.99156	4.57196631	4.47676953	4.69413936	4.68620904	
18.0016	4.57196631	4.47676953	4.69413936	4.68620904	
18.01171	4.57196631	4.47676953	4.69413936	4.68620904	
18.02182	4.57196631	4.47676953	4.69413936	4.68620904	
18.032	4.57196631	4.47676953	4.69413936	4.68620904	
18.04212	4.57196631	4.47676953	4.69413936	4.68620904	
18.05225	4.57196631	4.47676953	4.69413936	4.68620904	
18.06239	4.57196631	4.47676953	4.69413936	4.68620904	
18.07248	4.57196631	4.47676953	4.69413936	4.68620904	
18.08357	4.57196631	4.47676953	4.69413936	4.68620904	
18.09285	4.57196631	4.47676953	4.69413936	4.68620904	
18.10296	4.57196631	4.47676953	4.69413936	4.68620904	
18.11314	4.57196631	4.47676953	4.69413936	4.68620904	
18.12321	4.57196631	4.47676953	4.69413936	4.68620904	
18.1334	4.57196631	4.47676953	4.69413936	4.68620904	
18.14356	4.57196631	4.47676953	4.69413936	4.68620904	
18.15362	4.57196631	4.47676953	4.69413936	4.68620904	
18.1638	4.57196631	4.47676953	4.69413936	4.68620904	
18.17389	4.57196631	4.47676953	4.69413936	4.68620904	
18.18494	4.57196631	4.47676953	4.69413936	4.68620904	
18.1942	4.57196631	4.47676953	4.69413936	4.68620904	
18.20437	4.57196631	4.47676953	4.69413936	4.68620904	
18.21451	4.57196631	4.47676953	4.69413936	4.68620904	
18.22504	4.57196631	4.47676953	4.69413936	4.68620904	
18.23534	4.57196631	4.47676953	4.69413936	4.68620904	
18.24534	4.57196631	4.47676953	4.69413936	4.68620904	
18.25553	4.57196631	4.47676953	4.69413936	4.68620904	
18.26559	4.57196631	4.47676953	4.69413936	4.68620904	
18.27592	4.57196631	4.47676953	4.69413936	4.68620904	
18.28628	4.57196631	4.47676953	4.69413936	4.68620904	
18.29604	4.57196631	4.47676953	4.69413936	4.68620904	
18.30614	4.57196631	4.47676953	4.69413936	4.68620904	
18.31623	4.57196631	4.47676953	4.69413936	4.68620904	
18.3264	4.57196631	4.47676953	4.69413936	4.68620904	
18.33654	4.57196631	4.47676953	4.69413936	4.68620904	
18.34675	4.57196631	4.47676953	4.69413936	4.68620904	
18.35675	4.57196631	4.47676953	4.69413936	4.68620904	
18.36693	4.57196631	4.47676953	4.69413936	4.68620904	
18.38614	4.57196631	4.47676953	4.69413936	4.68620904	
18.39055	4.57196631	4.47676953	4.69413936	4.68620904	
18.40065	4.57196631	4.47676953	4.69413936	4.68620904	
18.41075	4.57196631	4.47676953	4.69413936	4.68620904	
18.42095	4.57196631	4.47676953	4.69413936	4.68620904	
18.43104	4.57196631	4.47676953	4.69413936	4.68620904	
18.44125	4.57196631	4.47676953	4.69413936	4.68620904	
18.45135	4.57196631	4.47676953	4.69413936	4.68620904	
18.4615	4.57196631	4.47676953	4.69413936	4.68620904	
18.47177	4.57196631	4.47676953	4.69413936	4.68620904	
18.48172	4.57196631	4.47676953	4.69413936	4.68620904	
18.49205	4.57196631	4.47676953	4.69413936	4.68620904	
18.50224	4.57196631	4.47676953	4.69413936	4.68620904	
18.51234	4.57196631	4.47676953	4.69413936	4.68620904	
18.52245	4.57196631	4.47676953	4.69413936	4.68620904	
18.53255	4.57196631	4.47676953	4.69413936	4.68620904	
18.5427	4.57196631	4.47676953	4.69413936	4.68620904	
18.55283	4.57196631	4.47676953	4.69413936	4.68620904	
18.56297	4.57196631	4.47676953	4.69413936	4.68620904	
18.57312	4.57196631	4.47676953	4.69413936	4.68620904	
18.58322	4.57196631	4.47676953	4.69413936	4.68620904	
18.59342	4.57196631	4.47676953	4.69413936	4.68620904	
18.60353	4.57196631	4.47676953	4.69413936	4.68620904	
18.61365	4.57196631	4.47676953	4.69413936	4.68620904	
18.62383	4.57196631	4.47676953	4.69413936	4.68620904	
18.63388	4.57196631	4.47676953	4.69413936	4.68620904	
18.64414	4.57196631	4.47676953	4.69413936	4.68620904	
18.65431	4.57196631	4.47676953	4.69413936	4.68620904	
18.6644	4.57196631	4.47676953	4.69413936	4.68620904	
18.67453	4.57196631	4.47676953	4.69413936	4.68620904	
18.68461	4.57196631	4.47676953	4.69413936	4.68620904	
18.69486	4.57196631	4.47676953	4.69413936	4.68620904	
18.70505	4.57196631	4.47676953	4.69413936	4.68620904	
18.7151	4.57196631	4.47676953	4.69413936	4.68620904	
18.72527	4.57196631	4.47676953	4.69413936	4.68620904	
18.73571	4.57196631	4.47676953	4.69413936	4.68620904	
18.74553	4.57196631	4.47676953	4.69413936	4.68620904	
18.75568	4.57196631	4.47676953	4.69413936	4.68620904	
18.8581	4.57196631	4.47676953	4.69413936	4.68620904	
18.86839	4.57196631	4.47676953	4.69413936	4.68620904	
18.87837	4.57196631	4.47676953	4.69413936	4.68620904	
18.88866	4.57196631	4.47676953	4.69413936	4.68620904	
18.89888	4.57196631	4.47676953	4.69413936	4.68620904	
18.90894	4.57196631	4.47676953	4.69413936	4.68620904	
18.91908	4.57196631	4.47676953	4.69413936	4.68620904	
18.92921	4.57196631	4.47676953	4.69413936	4.68620904	
18.93931	4.57196631	4.47676953	4.69413936	4.68620904	
18.94947	4.57196631	4.47676953	4.69413936	4.68620904	
18.95971	4.57196631	4.47676953	4.69413936	4.68620904	
18.96974	4.57196631	4.47676953	4.69413936	4.68620904	
18.97988	4.57196631	4.47676953	4.69413936	4.68620904	
18.99002	4.57196631	4.47676953	4.69413936	4.68620904	
19.00044	4.57196631	4.47676953	4.69413936	4.68620904	
19.01033	4.57196631	4.47676953	4.69413936	4.68620904	
19.02045	4.57196631	4.47676953	4.69413936	4.68620904	
19.0306	4.57196631	4.47676953	4.69413936	4.68620904	
19.04076	4.57196631	4.47676953	4.69413936	4.68620904	
19.05087	4.57196631	4.47676953	4.69413936	4.68620904	
19.061	4.57196631	4.47676953	4.69413936	4.68620904	
19.07115	4.57196631	4.47676953	4.69413936	4.68620904	
19.08154	4.57196631	4.47676953	4.69413936	4.68620904	
19.09145	4.57196631	4.47676953	4.69413936	4.68620904	
19.10168	4.57196631	4.47676953	4.69413936	4.68620904	
19.11182	4.57196631	4.47676953	4.69413936	4.68620904	
19.12189	4.57196631	4.47676953	4.69413936	4.68620904	
19.13198	4.57196631	4.47676953	4.69413936	4.68620904	
19.14212	4.57196631	4.47676953	4.69413936	4.68620904	
19.15224	4.57196631	4.47676953	4.69413936	4.68620904	
19.17228	4.57196631	4.47676953	4.69413936	4.68620904	
19.17671	4.57196631	4.47676953	4.69413936	4.68620904	
19.18719	4.57196631	4.47676953	4.69413936	4.68620904	
19.19757	4.57196631	4.47676953	4.69413936	4.68620904	
19.20698	4.57196631	4.47676953	4.69413936	4.68620904	
19.21719	4.57196631	4.47676953	4.69413936	4.68620904	
19.22725	4.57196631	4.47676953	4.69413936	4.68620904	
19.23744	4.57196631	4.47676953	4.69413936	4.68620904	
19.24752	4.57196631	4.47676953	4.69413936	4.68620904	
19.25764	4.57196631	4.47676953	4.69413936	4.68620904	
19.2678	4.57196631	4.47676953	4.69413936	4.68620904	
19.27786	4.57196631	4.47676953	4.69413936	4.68620904	
19.29753	4.57196631	4.47676953	4.69413936	4.68620904	
19.30189	4.57196631	4.47676953	4.69413936	4.68620904	
19.31208	4.57196631	4.47676953	4.69413936	4.68620904	
19.32212	4.57196631	4.47676953	4.69413936	4.68620904	
19.33228	4.57196631	4.47676953	4.69413936	4.68620904	
19.34244	4.57196631	4.47676953	4.69413936	4.68620904	
19.35258	4.57196631	4.47676953	4.69413936	4.68620904	
19.36269	4.57196631	4.47676953	4.69413936	4.68620904	
19.37281	4.57196631	4.47676953	4.69413936	4.68620904	
19.38295	4.57196631	4.47676953	4.69413936	4.68620904	
19.39317	4.57196631	4.47676953	4.69413936	4.68620904	
19.40324	4.57196631	4.47676953	4.69413936	4.68620904	
19.41344	4.57196631	4.47676953	4.69413936	4.68620904	
19.42359	4.57196631	4.47676953	4.69413936	4.68620904	
19.43368	4.57196631	4.47676953	4.69413936	4.68620904	
19.44377	4.57196631	4.47676953	4.69413936	4.68620904	
19.45396	4.57196631	4.47676953	4.69413936	4.68620904	
19.46413	4.57196631	4.47676953	4.69413936	4.68620904	
19.47422	4.57196631	4.47676953	4.69413936	4.68620904	
19.48434	4.57196631	4.47676953	4.69413936	4.68620904	
19.49458	4.57196631	4.47676953	4.69413936	4.68620904	
19.50469	4.57196631	4.47676953	4.69413936	4.68620904	
19.51482	4.57196631	4.47676953	4.69413936	4.68620904	
19.52491	4.57196631	4.47676953	4.69413936	4.68620904	
19.5351	4.57196631	4.47676953	4.69413936	4.68620904	
19.54575	4.57196631	4.47676953	4.69413936	4.68620904	
19.55539	4.57196631	4.47676953	4.69413936	4.68620904	
19.5655	4.57196631	4.47676953	4.69413936	4.68620904	
19.57567	4.57196631	4.47676953	4.69413936	4.68620904	
19.58573	4.57196631	4.47676953	4.69413936	4.68620904	
19.59599	4.57196631	4.47676953	4.69413936	4.68620904	
19.60608	4.57196631	4.47676953	4.69413936	4.68620904	
19.61616	4.57196631	4.47676953	4.69413936	4.68620904	
19.62628	4.57196631	4.47676953	4.69413936	4.68620904	
19.63783	4.57196631	4.47676953	4.69413936	4.68620904	
19.64796	4.57196631	4.47676953	4.69413936	4.68620904	
19.66591	4.57196631	4.47676953	4.69413936	4.68620904	
19.67023	4.57196631	4.47676953	4.69413936	4.68620904	
19.68036	4.57196631	4.47676953	4.69413936	4.68620904	
19.69046	4.57196631	4.47676953	4.69413936	4.68620904	
19.70118	4.57196631	4.47676953	4.69413936	4.68620904	
19.71101	4.57196631	4.47676953	4.69413936	4.68620904	
19.72093	4.57196631	4.47676953	4.69413936	4.68620904	
19.73106	4.57196631	4.47676953	4.69413936	4.68620904	
19.74119	4.57196631	4.47676953	4.69413936	4.68620904	
19.75135	4.57196631	4.47676953	4.69413936	4.68620904	
19.76148	4.57196631	4.47676953	4.69413936	4.68620904	
19.77159	4.57196631	4.47676953	4.69413936	4.68620904	
19.78173	4.57196631	4.47676953	4.69413936	4.68620904	
19.79188	4.57196631	4.47676953	4.69413936	4.68620904	
19.81069	4.57196631	4.47676953	4.69413936	4.68620904	
19.81506	4.57196631	4.47676953	4.69413936	4.68620904	
19.82528	4.57196631	4.47676953	4.69413936	4.68620904	
19.83532	4.57196631	4.47676953	4.69413936	4.68620904	
19.84581	4.57196631	4.47676953	4.69413936	4.68620904	
19.85558	4.57196631	4.47676953	4.69413936	4.68620904	
19.8657	4.57196631	4.47676953	4.69413936	4.68620904	
19.87583	4.57196631	4.47676953	4.69413936	4.68620904	
19.88595	4.57196631	4.47676953	4.69413936	4.68620904	
19.89611	4.57196631	4.47676953	4.69413936	4.68620904	
19.90776	4.57196631	4.47676953	4.69413936	4.68620904	
19.92447	4.57196631	4.47676953	4.69413936	4.68620904	
19.92877	4.57196631	4.47676953	4.69413936	4.68620904	
19.93892	4.57196631	4.47676953	4.69413936	4.68620904	
19.94908	4.57196631	4.47676953	4.69413936	4.68620904	
19.9592	4.57196631	4.47676953	4.69413936	4.68620904	
19.96937	4.57196631	4.47676953	4.69413936	4.68620904	
19.97945	4.57196631	4.47676953	4.69413936	4.68620904	
19.98957	4.57196631	4.47676953	4.69413936	4.68620904	
19.9998	4.57196631	4.47676953	4.69413936	4.68620904	
20.00994	4.57196631	4.47676953	4.69413936	4.68620904	
20.02005	4.57196631	4.47676953	4.69413936	4.68620904	
20.03016	4.57196631	4.47676953	4.69413936	4.68620904	
20.04031	4.57196631	4.47676953	4.69413936	4.68620904	
20.05038	4.57196631	4.47676953	4.69413936	4.68620904	
20.06058	4.57196631	4.47676953	4.69413936	4.68620904	
20.07072	4.57196631	4.47676953	4.69413936	4.68620904	
20.08083	4.57196631	4.47676953	4.69413936	4.68620904	
20.09094	4.57196631	4.47676953	4.69413936	4.68620904	
20.10105	4.57196631	4.47676953	4.69413936	4.68620904	
20.11157	4.57196631	4.47676953	4.69413936	4.68620904	
20.12146	4.57196631	4.47676953	4.69413936	4.68620904	
20.13159	4.57196631	4.47676953	4.69413936	4.68620904	
20.14168	4.57196631	4.47676953	4.69413936	4.68620904	
20.15189	4.57196631	4.47676953	4.69413936	4.68620904	
20.16394	4.57196631	4.47676953	4.69413936	4.68620904	
20.17206	4.57196631	4.47676953	4.69413936	4.68620904	
20.18215	4.57196631	4.47676953	4.69413936	4.68620904	
20.19228	4.57196631	4.47676953	4.69413936	4.68620904	
20.20239	4.57196631	4.47676953	4.69413936	4.68620904	
20.21265	4.57196631	4.47676953	4.69413936	4.68620904	
20.22275	4.57196631	4.47676953	4.69413936	4.68620904	
20.24263	4.57196631	4.47676953	4.69413936	4.68620904	
20.24693	4.57196631	4.47676953	4.69413936	4.68620904	
20.25742	4.57196631	4.47676953	4.69413936	4.68620904	
20.26721	4.57196631	4.47676953	4.69413936	4.68620904	
20.27749	4.57196631	4.47676953	4.69413936	4.68620904	
20.28761	4.57196631	4.47676953	4.69413936	4.68620904	
20.29784	4.57196631	4.47676953	4.69413936	4.68620904	
20.309	4.57196631	4.47676953	4.69413936	4.68620904	
20.31809	4.57196631	4.47676953	4.69413936	4.68620904	
20.32834	4.57196631	4.47676953	4.69413936	4.68620904	
20.33846	4.57196631	4.47676953	4.69413936	4.68620904	
20.34857	4.57196631	4.47676953	4.69413936	4.68620904	
20.35875	4.57196631	4.47676953	4.69413936	4.68620904	
20.36886	4.57196631	4.47676953	4.69413936	4.68620904	
20.379	4.57196631	4.47676953	4.69413936	4.68620904	
20.38913	4.57196631	4.47676953	4.69413936	4.68620904	
20.39926	4.57196631	4.47676953	4.69413936	4.68620904	
20.41024	4.57196631	4.47676953	4.69413936	4.68620904	
20.41964	4.57196631	4.47676953	4.69413936	4.68620904	
20.42974	4.57196631	4.47676953	4.69413936	4.68620904	
20.43996	4.57196631	4.47676953	4.69413936	4.68620904	
20.44999	4.57196631	4.47676953	4.69413936	4.68620904	
20.46015	4.57196631	4.47676953	4.69413936	4.68620904	
20.47032	4.57196631	4.47676953	4.69413936	4.68620904	
20.48043	4.57196631	4.47676953	4.69413936	4.68620904	
20.49068	4.57196631	4.47676953	4.69413936	4.68620904	
20.50067	4.57196631	4.47676953	4.69413936	4.68620904	
20.51147	4.57196631	4.47676953	4.69413936	4.68620904	
20.52107	4.57196631	4.47676953	4.69413936	4.68620904	
20.53113	4.57196631	4.47676953	4.69413936	4.68620904	
20.54122	4.57196631	4.47676953	4.69413936	4.68620904	
20.55136	4.57196631	4.47676953	4.69413936	4.68620904	
20.56153	4.57196631	4.47676953	4.69413936	4.68620904	
20.57164	4.57196631	4.47676953	4.69413936	4.68620904	
20.58179	4.57196631	4.47676953	4.69413936	4.68620904	
20.59196	4.57196631	4.47676953	4.69413936	4.68620904	
20.602	4.57196631	4.47676953	4.69413936	4.68620904	
20.61268	4.57196631	4.47676953	4.69413936	4.68620904	
20.62241	4.57196631	4.47676953	4.69413936	4.68620904	
20.63249	4.57196631	4.47676953	4.69413936	4.68620904	
20.64259	4.57196631	4.47676953	4.69413936	4.68620904	
20.65269	4.57196631	4.47676953	4.69413936	4.68620904	
20.6629	4.57196631	4.47676953	4.69413936	4.68620904	
20.67302	4.57196631	4.47676953	4.69413936	4.68620904	
20.68333	4.57196631	4.47676953	4.69413936	4.68620904	
20.69329	4.57196631	4.47676953	4.69413936	4.68620904	
20.70338	4.57196631	4.47676953	4.69413936	4.68620904	
20.7139	4.57196631	4.47676953	4.69413936	4.68620904	
20.72412	4.57196631	4.47676953	4.69413936	4.68620904	
20.73382	4.57196631	4.47676953	4.69413936	4.68620904	
20.74395	4.57196631	4.47676953	4.69413936	4.68620904	
20.75404	4.57196631	4.47676953	4.69413936	4.68620904	
20.76422	4.57196631	4.47676953	4.69413936	4.68620904	
20.77434	4.57196631	4.47676953	4.69413936	4.68620904	
20.78448	4.57196631	4.47676953	4.69413936	4.68620904	
20.7946	4.57196631	4.47676953	4.69413936	4.68620904	
20.80471	4.57196631	4.47676953	4.69413936	4.68620904	
20.81519	4.57196631	4.47676953	4.69413936	4.68620904	
20.82506	4.57196631	4.47676953	4.69413936	4.68620904	
20.83512	4.57196631	4.47676953	4.69413936	4.68620904	
20.84532	4.57196631	4.47676953	4.69413936	4.68620904	
20.85538	4.57196631	4.47676953	4.69413936	4.68620904	
20.86575	4.57196631	4.47676953	4.69413936	4.68620904	
20.87564	4.57196631	4.47676953	4.69413936	4.68620904	
20.88576	4.57196631	4.47676953	4.69413936	4.68620904	
20.89595	4.57196631	4.47676953	4.69413936	4.68620904	
20.906	4.57196631	4.47676953	4.69413936	4.68620904	
20.91641	4.57196631	4.47676953	4.69413936	4.68620904	
20.92633	4.57196631	4.47676953	4.69413936	4.68620904	
20.93639	4.57196631	4.47676953	4.69413936	4.68620904	
20.94664	4.57196631	4.47676953	4.69413936	4.68620904	
20.95669	4.57196631	4.47676953	4.69413936	4.68620904	
20.96717	4.57196631	4.47676953	4.69413936	4.68620904	
20.97692	4.57196631	4.47676953	4.69413936	4.68620904	
20.98705	4.57196631	4.47676953	4.69413936	4.68620904	
20.99717	4.57196631	4.47676953	4.69413936	4.68620904	
21.00727	4.57196631	4.47676953	4.69413936	4.68620904	
21.01762	4.57196631	4.47676953	4.69413936	4.68620904	
21.02761	4.57196631	4.47676953	4.69413936	4.68620904	
21.03773	4.57196631	4.47676953	4.69413936	4.68620904	
21.04789	4.57196631	4.47676953	4.69413936	4.68620904	
21.05793	4.57196631	4.47676953	4.69413936	4.68620904	
21.07637	4.57196631	4.47676953	4.69413936	4.68620904	
21.08069	4.57196631	4.47676953	4.69413936	4.68620904	
21.09082	4.57196631	4.47676953	4.69413936	4.68620904	
21.10102	4.57196631	4.47676953	4.69413936	4.68620904	
21.11105	4.57196631	4.47676953	4.69413936	4.68620904	
21.12176	4.57196631	4.47676953	4.69413936	4.68620904	
21.13155	4.57196631	4.47676953	4.69413936	4.68620904	
21.14149	4.57196631	4.47676953	4.69413936	4.68620904	
21.15162	4.57196631	4.47676953	4.69413936	4.68620904	
21.16171	4.57196631	4.47676953	4.69413936	4.68620904	
21.1719	4.57196631	4.47676953	4.69413936	4.68620904	
21.182	4.57196631	4.47676953	4.69413936	4.68620904	
21.19214	4.57196631	4.47676953	4.69413936	4.68620904	
21.20222	4.57196631	4.47676953	4.69413936	4.68620904	
21.21234	4.57196631	4.47676953	4.69413936	4.68620904	
21.22306	4.57196631	4.47676953	4.69413936	4.68620904	
21.23278	4.57196631	4.47676953	4.69413936	4.68620904	
21.24279	4.57196631	4.47676953	4.69413936	4.68620904	
21.25291	4.57196631	4.47676953	4.69413936	4.68620904	
21.26304	4.57196631	4.47676953	4.69413936	4.68620904	
21.27323	4.57196631	4.47676953	4.69413936	4.68620904	
21.28333	4.57196631	4.47676953	4.69413936	4.68620904	
21.29351	4.57196631	4.47676953	4.69413936	4.68620904	
21.30363	4.57196631	4.47676953	4.69413936	4.68620904	
21.31368	4.57196631	4.47676953	4.69413936	4.68620904	
21.32434	4.57196631	4.47676953	4.69413936	4.68620904	
21.33399	4.57196631	4.47676953	4.69413936	4.68620904	
21.34421	4.57196631	4.47676953	4.69413936	4.68620904	
21.35427	4.57196631	4.47676953	4.69413936	4.68620904	
21.36458	4.57196631	4.47676953	4.69413936	4.68620904	
21.37461	4.57196631	4.47676953	4.69413936	4.68620904	
21.38467	4.57196631	4.47676953	4.69413936	4.68620904	
21.39481	4.57196631	4.47676953	4.69413936	4.68620904	
21.4049	4.57196631	4.47676953	4.69413936	4.68620904	
21.41503	4.57196631	4.47676953	4.69413936	4.68620904	
21.42565	4.57196631	4.47676953	4.69413936	4.68620904	
21.43564	4.57196631	4.47676953	4.69413936	4.68620904	
21.44552	4.57196631	4.47676953	4.69413936	4.68620904	
21.45559	4.57196631	4.47676953	4.69413936	4.68620904	
21.46596	4.57196631	4.47676953	4.69413936	4.68620904	
21.47584	4.57196631	4.47676953	4.69413936	4.68620904	
21.48596	4.57196631	4.47676953	4.69413936	4.68620904	
21.49614	4.57196631	4.47676953	4.69413936	4.68620904	
21.50619	4.57196631	4.47676953	4.69413936	4.68620904	
21.51634	4.57196631	4.47676953	4.69413936	4.68620904	
21.52701	4.57196631	4.47676953	4.69413936	4.68620904	
21.53669	4.57196631	4.47676953	4.69413936	4.68620904	
21.54683	4.57196631	4.47676953	4.69413936	4.68620904	
21.5569	4.57196631	4.47676953	4.69413936	4.68620904	
21.56731	4.57196631	4.47676953	4.69413936	4.68620904	
21.57712	4.57196631	4.47676953	4.69413936	4.68620904	
21.58725	4.57196631	4.47676953	4.69413936	4.68620904	
21.59741	4.57196631	4.47676953	4.69413936	4.68620904	
21.60748	4.57196631	4.47676953	4.69413936	4.68620904	
21.61764	4.57196631	4.47676953	4.69413936	4.68620904	
21.62826	4.57196631	4.47676953	4.69413936	4.68620904	
21.63793	4.57196631	4.47676953	4.69413936	4.68620904	
21.65599	4.57196631	4.47676953	4.69413936	4.68620904	
21.66031	4.57196631	4.47676953	4.69413936	4.68620904	
21.67046	4.57196631	4.47676953	4.69413936	4.68620904	
21.68059	4.57196631	4.47676953	4.69413936	4.68620904	
21.69071	4.57196631	4.47676953	4.69413936	4.68620904	
21.70087	4.57196631	4.47676953	4.69413936	4.68620904	
21.71911	4.57196631	4.47676953	4.69413936	4.68620904	
21.72341	4.57196631	4.47676953	4.69413936	4.68620904	
21.73394	4.57196631	4.47676953	4.69413936	4.68620904	
21.74372	4.57196631	4.47676953	4.69413936	4.68620904	
21.75389	4.57196631	4.47676953	4.69413936	4.68620904	
21.76401	4.57196631	4.47676953	4.69413936	4.68620904	
21.77425	4.57196631	4.47676953	4.69413936	4.68620904	
21.78432	4.57196631	4.47676953	4.69413936	4.68620904	
21.79439	4.57196631	4.47676953	4.69413936	4.68620904	
21.80455	4.57196631	4.47676953	4.69413936	4.68620904	
21.8147	4.57196631	4.47676953	4.69413936	4.68620904	
21.82476	4.57196631	4.47676953	4.69413936	4.68620904	
21.83498	4.57196631	4.47676953	4.69413936	4.68620904	
21.84511	4.57196631	4.47676953	4.69413936	4.68620904	
21.85529	4.57196631	4.47676953	4.69413936	4.68620904	
21.86546	4.57196631	4.47676953	4.69413936	4.68620904	
21.87588	4.57196631	4.47676953	4.69413936	4.68620904	
21.88564	4.57196631	4.47676953	4.69413936	4.68620904	
21.89575	4.57196631	4.47676953	4.69413936	4.68620904	
21.90588	4.57196631	4.47676953	4.69413936	4.68620904	
21.91603	4.57196631	4.47676953	4.69413936	4.68620904	
21.92617	4.57196631	4.47676953	4.69413936	4.68620904	
21.93637	4.57196631	4.47676953	4.69413936	4.68620904	
21.94646	4.57196631	4.47676953	4.69413936	4.68620904	
21.95679	4.57196631	4.47676953	4.69413936	4.68620904	
21.96694	4.57196631	4.47676953	4.69413936	4.68620904	
21.97733	4.57196631	4.47676953	4.69413936	4.68620904	
21.98719	4.57196631	4.47676953	4.69413936	4.68620904	
21.99734	4.57196631	4.47676953	4.69413936	4.68620904	
22.00747	4.57196631	4.47676953	4.69413936	4.68620904	
22.01761	4.57196631	4.47676953	4.69413936	4.68620904	
22.02775	4.57196631	4.47676953	4.69413936	4.68620904	
22.03793	4.57196631	4.47676953	4.69413936	4.68620904	
22.04817	4.57196631	4.47676953	4.69413936	4.68620904	
22.05819	4.57196631	4.47676953	4.69413936	4.68620904	
22.0683	4.57196631	4.47676953	4.69413936	4.68620904	
22.07869	4.57196631	4.47676953	4.69413936	4.68620904	
22.08873	4.57196631	4.47676953	4.69413936	4.68620904	
22.09885	4.57196631	4.47676953	4.69413936	4.68620904	
22.10902	4.57196631	4.47676953	4.69413936	4.68620904	
22.11915	4.57196631	4.47676953	4.69413936	4.68620904	
22.12932	4.57196631	4.47676953	4.69413936	4.68620904	
22.13957	4.57196631	4.47676953	4.69413936	4.68620904	
22.14963	4.57196631	4.47676953	4.69413936	4.68620904	
22.15973	4.57196631	4.47676953	4.69413936	4.68620904	
22.17975	4.57196631	4.47676953	4.69413936	4.68620904	
22.18419	4.57196631	4.47676953	4.69413936	4.68620904	
22.1942	4.57196631	4.47676953	4.69413936	4.68620904	
22.20431	4.57196631	4.47676953	4.69413936	4.68620904	
22.21448	4.57196631	4.47676953	4.69413936	4.68620904	
22.22491	4.57196631	4.47676953	4.69413936	4.68620904	
22.23565	4.57196631	4.47676953	4.69413936	4.68620904	
22.24549	4.57196631	4.47676953	4.69413936	4.68620904	
22.25551	4.57196631	4.47676953	4.69413936	4.68620904	
22.26567	4.57196631	4.47676953	4.69413936	4.68620904	
22.27588	4.57196631	4.47676953	4.69413936	4.68620904	
22.2859	4.57196631	4.47676953	4.69413936	4.68620904	
22.29665	4.57196631	4.47676953	4.69413936	4.68620904	
22.30619	4.57196631	4.47676953	4.69413936	4.68620904	
22.3163	4.57196631	4.47676953	4.69413936	4.68620904	
22.32644	4.57196631	4.47676953	4.69413936	4.68620904	
22.33714	4.57196631	4.47676953	4.69413936	4.68620904	
22.34683	4.57196631	4.47676953	4.69413936	4.68620904	
22.35685	4.57196631	4.47676953	4.69413936	4.68620904	
22.367	4.57196631	4.47676953	4.69413936	4.68620904	
22.37741	4.57196631	4.47676953	4.69413936	4.68620904	
22.38725	4.57196631	4.47676953	4.69413936	4.68620904	
22.39734	4.57196631	4.47676953	4.69413936	4.68620904	
22.40751	4.57196631	4.47676953	4.69413936	4.68620904	
22.41762	4.57196631	4.47676953	4.69413936	4.68620904	
22.42777	4.57196631	4.47676953	4.69413936	4.68620904	
22.43849	4.57196631	4.47676953	4.69413936	4.68620904	
22.45598	4.57196631	4.47676953	4.69413936	4.68620904	
22.4603	4.57196631	4.47676953	4.69413936	4.68620904	
22.47048	4.57196631	4.47676953	4.69413936	4.68620904	
22.48058	4.57196631	4.47676953	4.69413936	4.68620904	
22.49085	4.57196631	4.47676953	4.69413936	4.68620904	
22.50091	4.57196631	4.47676953	4.69413936	4.68620904	
22.51103	4.57196631	4.47676953	4.69413936	4.68620904	
22.52116	4.57196631	4.47676953	4.69413936	4.68620904	
22.53125	4.57196631	4.47676953	4.69413936	4.68620904	
22.54143	4.57196631	4.47676953	4.69413936	4.68620904	
22.55163	4.57196631	4.47676953	4.69413936	4.68620904	
22.56171	4.57196631	4.47676953	4.69413936	4.68620904	
22.57187	4.57196631	4.47676953	4.69413936	4.68620904	
22.58195	4.57196631	4.47676953	4.69413936	4.68620904	
22.59219	4.57196631	4.47676953	4.69413936	4.68620904	
22.60224	4.57196631	4.47676953	4.69413936	4.68620904	
22.6124	4.57196631	4.47676953	4.69413936	4.68620904	
22.62252	4.57196631	4.47676953	4.69413936	4.68620904	
22.63263	4.57196631	4.47676953	4.69413936	4.68620904	
22.64286	4.57196631	4.47676953	4.69413936	4.68620904	
22.65297	4.57196631	4.47676953	4.69413936	4.68620904	
22.66313	4.57196631	4.47676953	4.69413936	4.68620904	
22.67327	4.57196631	4.47676953	4.69413936	4.68620904	
22.68335	4.57196631	4.47676953	4.69413936	4.68620904	
22.69354	4.57196631	4.47676953	4.69413936	4.68620904	
22.70367	4.57196631	4.47676953	4.69413936	4.68620904	
22.71379	4.57196631	4.47676953	4.69413936	4.68620904	
22.72391	4.57196631	4.47676953	4.69413936	4.68620904	
22.73403	4.57196631	4.47676953	4.69413936	4.68620904	
22.74456	4.57196631	4.47676953	4.69413936	4.68620904	
22.75438	4.57196631	4.47676953	4.69413936	4.68620904	
22.76451	4.57196631	4.47676953	4.69413936	4.68620904	
22.7747	4.57196631	4.47676953	4.69413936	4.68620904	
22.78473	4.57196631	4.47676953	4.69413936	4.68620904	
22.79493	4.57196631	4.47676953	4.69413936	4.68620904	
22.80507	4.57196631	4.47676953	4.69413936	4.68620904	
22.81527	4.57196631	4.47676953	4.69413936	4.68620904	
22.82535	4.57196631	4.47676953	4.69413936	4.68620904	
22.8358	4.57196631	4.47676953	4.69413936	4.68620904	
22.8538	4.57196631	4.47676953	4.69413936	4.68620904	
22.85821	4.57196631	4.47676953	4.69413936	4.68620904	
22.86858	4.57196631	4.47676953	4.69413936	4.68620904	
22.87849	4.57196631	4.47676953	4.69413936	4.68620904	
22.88869	4.57196631	4.47676953	4.69413936	4.68620904	
22.89879	4.57196631	4.47676953	4.69413936	4.68620904	
22.90895	4.57196631	4.47676953	4.69413936	4.68620904	
22.9191	4.57196631	4.47676953	4.69413936	4.68620904	
22.92922	4.57196631	4.47676953	4.69413936	4.68620904	
22.93935	4.57196631	4.47676953	4.69413936	4.68620904	
22.94958	4.57196631	4.47676953	4.69413936	4.68620904	
22.9597	4.57196631	4.47676953	4.69413936	4.68620904	
22.96981	4.57196631	4.47676953	4.69413936	4.68620904	
22.97996	4.57196631	4.47676953	4.69413936	4.68620904	
22.99012	4.57196631	4.47676953	4.69413936	4.68620904	
23.00028	4.57196631	4.47676953	4.69413936	4.68620904	
23.01037	4.57196631	4.47676953	4.69413936	4.68620904	
23.02051	4.57196631	4.47676953	4.69413936	4.68620904	
23.03064	4.57196631	4.47676953	4.69413936	4.68620904	
23.04077	4.57196631	4.47676953	4.69413936	4.68620904	
23.05117	4.57196631	4.47676953	4.69413936	4.68620904	
23.06109	4.57196631	4.47676953	4.69413936	4.68620904	
23.07121	4.57196631	4.47676953	4.69413936	4.68620904	
23.08134	4.57196631	4.47676953	4.69413936	4.68620904	
23.09149	4.57196631	4.47676953	4.69413936	4.68620904	
23.10165	4.57196631	4.47676953	4.69413936	4.68620904	
23.11176	4.57196631	4.47676953	4.69413936	4.68620904	
23.12188	4.57196631	4.47676953	4.69413936	4.68620904	
23.13197	4.57196631	4.47676953	4.69413936	4.68620904	
23.1421	4.57196631	4.47676953	4.69413936	4.68620904	
23.15234	4.57196631	4.47676953	4.69413936	4.68620904	
23.1624	4.57196631	4.47676953	4.69413936	4.68620904	
23.18232	4.57196631	4.47676953	4.69413936	4.68620904	
23.18719	4.57196631	4.47676953	4.69413936	4.68620904	
23.19679	4.57196631	4.47676953	4.69413936	4.68620904	
23.20693	4.57196631	4.47676953	4.69413936	4.68620904	
23.21707	4.57196631	4.47676953	4.69413936	4.68620904	
23.22714	4.57196631	4.47676953	4.69413936	4.68620904	
23.23746	4.57196631	4.47676953	4.69413936	4.68620904	
23.24832	4.57196631	4.47676953	4.69413936	4.68620904	
23.25767	4.57196631	4.47676953	4.69413936	4.68620904	
23.26772	4.57196631	4.47676953	4.69413936	4.68620904	
23.27784	4.57196631	4.47676953	4.69413936	4.68620904	
23.29595	4.57196631	4.47676953	4.69413936	4.68620904	
23.30048	4.57196631	4.47676953	4.69413936	4.68620904	
23.31045	4.57196631	4.47676953	4.69413936	4.68620904	
23.32055	4.57196631	4.47676953	4.69413936	4.68620904	
23.33074	4.57196631	4.47676953	4.69413936	4.68620904	
23.34084	4.57196631	4.47676953	4.69413936	4.68620904	
23.35107	4.57196631	4.47676953	4.69413936	4.68620904	
23.36121	4.57196631	4.47676953	4.69413936	4.68620904	
23.37131	4.57196631	4.47676953	4.69413936	4.68620904	
23.38144	4.57196631	4.47676953	4.69413936	4.68620904	
23.39158	4.57196631	4.47676953	4.69413936	4.68620904	
23.40171	4.57196631	4.47676953	4.69413936	4.68620904	
23.41189	4.57196631	4.47676953	4.69413936	4.68620904	
23.42201	4.57196631	4.47676953	4.69413936	4.68620904	
23.43222	4.57196631	4.47676953	4.69413936	4.68620904	
23.44229	4.57196631	4.47676953	4.69413936	4.68620904	
23.45248	4.57196631	4.47676953	4.69413936	4.68620904	
23.46264	4.57196631	4.47676953	4.69413936	4.68620904	
23.47278	4.57196631	4.47676953	4.69413936	4.68620904	
23.48293	4.57196631	4.47676953	4.69413936	4.68620904	
23.49326	4.57196631	4.47676953	4.69413936	4.68620904	
23.50322	4.57196631	4.47676953	4.69413936	4.68620904	
23.51336	4.57196631	4.47676953	4.69413936	4.68620904	
23.52349	4.57196631	4.47676953	4.69413936	4.68620904	
23.53363	4.57196631	4.47676953	4.69413936	4.68620904	
23.5437	4.57196631	4.47676953	4.69413936	4.68620904	
23.55394	4.57196631	4.47676953	4.69413936	4.68620904	
23.56398	4.57196631	4.47676953	4.69413936	4.68620904	
23.5742	4.57196631	4.47676953	4.69413936	4.68620904	
23.58435	4.57196631	4.47676953	4.69413936	4.68620904	
23.59459	4.57196631	4.47676953	4.69413936	4.68620904	
23.60461	4.57196631	4.47676953	4.69413936	4.68620904	
23.61474	4.57196631	4.47676953	4.69413936	4.68620904	
23.62484	4.57196631	4.47676953	4.69413936	4.68620904	
23.63499	4.57196631	4.47676953	4.69413936	4.68620904	
23.64506	4.57196631	4.47676953	4.69413936	4.68620904	
23.65533	4.57196631	4.47676953	4.69413936	4.68620904	
23.66539	4.57196631	4.47676953	4.69413936	4.68620904	
23.6755	4.57196631	4.47676953	4.69413936	4.68620904	
23.68564	4.57196631	4.47676953	4.69413936	4.68620904	
23.69595	4.57196631	4.47676953	4.69413936	4.68620904	
23.70593	4.57196631	4.47676953	4.69413936	4.68620904	
23.71604	4.57196631	4.47676953	4.69413936	4.68620904	
23.72618	4.57196631	4.47676953	4.69413936	4.68620904	
23.73631	4.57196631	4.47676953	4.69413936	4.68620904	
23.74642	4.57196631	4.47676953	4.69413936	4.68620904	
23.75668	4.57196631	4.47676953	4.69413936	4.68620904	
23.76684	4.57196631	4.47676953	4.69413936	4.68620904	
23.77693	4.57196631	4.47676953	4.69413936	4.68620904	
23.78698	4.57196631	4.47676953	4.69413936	4.68620904	
23.79755	4.57196631	4.47676953	4.69413936	4.68620904	
23.8077	4.57196631	4.47676953	4.69413936	4.68620904	
23.81765	4.57196631	4.47676953	4.69413936	4.68620904	
23.82769	4.57196631	4.47676953	4.69413936	4.68620904	
23.83782	4.57196631	4.47676953	4.69413936	4.68620904	
23.84797	4.57196631	4.47676953	4.69413936	4.68620904	
23.8583	4.57196631	4.47676953	4.69413936	4.68620904	
23.86832	4.57196631	4.47676953	4.69413936	4.68620904	
23.87862	4.57196631	4.47676953	4.69413936	4.68620904	
23.88856	4.57196631	4.47676953	4.69413936	4.68620904	
23.89894	4.57196631	4.47676953	4.69413936	4.68620904	
23.90885	4.57196631	4.47676953	4.69413936	4.68620904	
23.919	4.57196631	4.47676953	4.69413936	4.68620904	
23.92909	4.57196631	4.47676953	4.69413936	4.68620904	
23.93919	4.57196631	4.47676953	4.69413936	4.68620904	
23.94938	4.57196631	4.47676953	4.69413936	4.68620904	
23.95957	4.57196631	4.47676953	4.69413936	4.68620904	
23.96979	4.57196631	4.47676953	4.69413936	4.68620904	
23.97988	4.57196631	4.47676953	4.69413936	4.68620904	
23.98997	4.57196631	4.47676953	4.69413936	4.68620904	
24.00027	4.57196631	4.47676953	4.69413936	4.68620904	
24.01029	4.57196631	4.47676953	4.69413936	4.68620904	
24.02043	4.57196631	4.47676953	4.69413936	4.68620904	
24.03055	4.57196631	4.47676953	4.69413936	4.68620904	
24.04066	4.57196631	4.47676953	4.69413936	4.68620904	
24.05083	4.57196631	4.47676953	4.69413936	4.68620904	
24.06101	4.57196631	4.47676953	4.69413936	4.68620904	
24.07119	4.57196631	4.47676953	4.69413936	4.68620904	
24.0813	4.57196631	4.47676953	4.69413936	4.68620904	
24.09143	4.57196631	4.47676953	4.69413936	4.68620904	
24.10153	4.57196631	4.47676953	4.69413936	4.68620904	
24.11171	4.57196631	4.47676953	4.69413936	4.68620904	
24.12184	4.57196631	4.47676953	4.69413936	4.68620904	
24.13198	4.57196631	4.47676953	4.69413936	4.68620904	
24.14208	4.57196631	4.47676953	4.69413936	4.68620904	
24.15227	4.57196631	4.47676953	4.69413936	4.68620904	
24.16241	4.57196631	4.47676953	4.69413936	4.68620904	
24.17435	4.57196631	4.47676953	4.69413936	4.68620904	
24.18264	4.57196631	4.47676953	4.69413936	4.68620904	
24.19274	4.57196631	4.47676953	4.69413936	4.68620904	
24.20287	4.57196631	4.47676953	4.69413936	4.68620904	
24.21307	4.57196631	4.47676953	4.69413936	4.68620904	
24.22316	4.57196631	4.47676953	4.69413936	4.68620904	
24.24294	4.57196631	4.47676953	4.69413936	4.68620904	
24.24726	4.57196631	4.47676953	4.69413936	4.68620904	
24.25766	4.57196631	4.47676953	4.69413936	4.68620904	
24.26759	4.57196631	4.47676953	4.69413936	4.68620904	
24.27769	4.57196631	4.47676953	4.69413936	4.68620904	
24.28779	4.57196631	4.47676953	4.69413936	4.68620904	
24.29792	4.57196631	4.47676953	4.69413936	4.68620904	
24.3164	4.57196631	4.47676953	4.69413936	4.68620904	
24.32071	4.57196631	4.47676953	4.69413936	4.68620904	
24.33088	4.57196631	4.47676953	4.69413936	4.68620904	
24.34096	4.57196631	4.47676953	4.69413936	4.68620904	
24.35113	4.57196631	4.47676953	4.69413936	4.68620904	
24.36181	4.57196631	4.47676953	4.69413936	4.68620904	
24.37142	4.57196631	4.47676953	4.69413936	4.68620904	
24.38155	4.57196631	4.47676953	4.69413936	4.68620904	
24.39168	4.57196631	4.47676953	4.69413936	4.68620904	
24.40181	4.57196631	4.47676953	4.69413936	4.68620904	
24.41198	4.57196631	4.47676953	4.69413936	4.68620904	
24.42207	4.57196631	4.47676953	4.69413936	4.68620904	
24.43239	4.57196631	4.47676953	4.69413936	4.68620904	
24.44238	4.57196631	4.47676953	4.69413936	4.68620904	
24.45248	4.57196631	4.47676953	4.69413936	4.68620904	
24.46314	4.57196631	4.47676953	4.69413936	4.68620904	
24.47282	4.57196631	4.47676953	4.69413936	4.68620904	
24.4829	4.57196631	4.47676953	4.69413936	4.68620904	
24.49306	4.57196631	4.47676953	4.69413936	4.68620904	
24.50316	4.57196631	4.47676953	4.69413936	4.68620904	
24.51334	4.57196631	4.47676953	4.69413936	4.68620904	
24.52344	4.57196631	4.47676953	4.69413936	4.68620904	
24.53382	4.57196631	4.47676953	4.69413936	4.68620904	
24.54369	4.57196631	4.47676953	4.69413936	4.68620904	
24.55382	4.57196631	4.47676953	4.69413936	4.68620904	
24.56441	4.57196631	4.47676953	4.69413936	4.68620904	
24.57416	4.57196631	4.47676953	4.69413936	4.68620904	
24.58433	4.57196631	4.47676953	4.69413936	4.68620904	
24.59437	4.57196631	4.47676953	4.69413936	4.68620904	
24.60459	4.57196631	4.47676953	4.69413936	4.68620904	
24.61469	4.57196631	4.47676953	4.69413936	4.68620904	
24.62477	4.57196631	4.47676953	4.69413936	4.68620904	
24.63688	4.57196631	4.47676953	4.69413936	4.68620904	
24.64496	4.57196631	4.47676953	4.69413936	4.68620904	
24.65512	4.57196631	4.47676953	4.69413936	4.68620904	
24.66574	4.57196631	4.47676953	4.69413936	4.68620904	
24.6754	4.57196631	4.47676953	4.69413936	4.68620904	
24.68555	4.57196631	4.47676953	4.69413936	4.68620904	
24.69563	4.57196631	4.47676953	4.69413936	4.68620904	
24.70595	4.57196631	4.47676953	4.69413936	4.68620904	
24.71591	4.57196631	4.47676953	4.69413936	4.68620904	
24.72607	4.57196631	4.47676953	4.69413936	4.68620904	
24.73622	4.57196631	4.47676953	4.69413936	4.68620904	
24.74626	4.57196631	4.47676953	4.69413936	4.68620904	
24.75642	4.57196631	4.47676953	4.69413936	4.68620904	
24.76716	4.57196631	4.47676953	4.69413936	4.68620904	
24.77675	4.57196631	4.47676953	4.69413936	4.68620904	
24.78683	4.57196631	4.47676953	4.69413936	4.68620904	
24.79706	4.57196631	4.47676953	4.69413936	4.68620904	
24.80745	4.57196631	4.47676953	4.69413936	4.68620904	
24.81742	4.57196631	4.47676953	4.69413936	4.68620904	
24.82745	4.57196631	4.47676953	4.69413936	4.68620904	
24.83758	4.57196631	4.47676953	4.69413936	4.68620904	
24.84768	4.57196631	4.47676953	4.69413936	4.68620904	
24.85791	4.57196631	4.47676953	4.69413936	4.68620904	
24.86844	4.57196631	4.47676953	4.69413936	4.68620904	
24.87821	4.57196631	4.47676953	4.69413936	4.68620904	
24.8884	4.57196631	4.47676953	4.69413936	4.68620904	
24.89842	4.57196631	4.47676953	4.69413936	4.68620904	
24.90854	4.57196631	4.47676953	4.69413936	4.68620904	
24.91872	4.57196631	4.47676953	4.69413936	4.68620904	
24.92886	4.57196631	4.47676953	4.69413936	4.68620904	
24.93896	4.57196631	4.47676953	4.69413936	4.68620904	
24.94913	4.57196631	4.47676953	4.69413936	4.68620904	
24.95923	4.57196631	4.47676953	4.69413936	4.68620904	
24.96979	4.57196631	4.47676953	4.69413936	4.68620904	
24.97958	4.57196631	4.47676953	4.69413936	4.68620904	
24.98972	4.57196631	4.47676953	4.69413936	4.68620904	
24.99984	4.57196631	4.47676953	4.69413936	4.68620904	
25.00993	4.57196631	4.47676953	4.69413936	4.68620904	
25.02815	4.57196631	4.47676953	4.69413936	4.68620904	
25.03252	4.57196631	4.47676953	4.69413936	4.68620904	
25.04261	4.57196631	4.47676953	4.69413936	4.68620904	
25.05275	4.57196631	4.47676953	4.69413936	4.68620904	
25.06287	4.57196631	4.47676953	4.69413936	4.68620904	
25.07309	4.57196631	4.47676953	4.69413936	4.68620904	
25.08322	4.57196631	4.47676953	4.69413936	4.68620904	
25.09333	4.57196631	4.47676953	4.69413936	4.68620904	
25.10349	4.57196631	4.47676953	4.69413936	4.68620904	
25.1136	4.57196631	4.47676953	4.69413936	4.68620904	
25.12374	4.57196631	4.47676953	4.69413936	4.68620904	
25.13391	4.57196631	4.47676953	4.69413936	4.68620904	
25.14396	4.57196631	4.47676953	4.69413936	4.68620904	
25.15414	4.57196631	4.47676953	4.69413936	4.68620904	
25.16446	4.57196631	4.47676953	4.69413936	4.68620904	
25.1766	4.57196631	4.47676953	4.69413936	4.68620904	
25.18457	4.57196631	4.47676953	4.69413936	4.68620904	
25.19461	4.57196631	4.47676953	4.69413936	4.68620904	
25.20474	4.57196631	4.47676953	4.69413936	4.68620904	
25.21491	4.57196631	4.47676953	4.69413936	4.68620904	
25.22507	4.57196631	4.47676953	4.69413936	4.68620904	
25.23523	4.57196631	4.47676953	4.69413936	4.68620904	
25.24531	4.57196631	4.47676953	4.69413936	4.68620904	
25.25546	4.57196631	4.47676953	4.69413936	4.68620904	
25.26582	4.57196631	4.47676953	4.69413936	4.68620904	
25.27589	4.57196631	4.47676953	4.69413936	4.68620904	
25.2859	4.57196631	4.47676953	4.69413936	4.68620904	
25.29599	4.57196631	4.47676953	4.69413936	4.68620904	
25.30611	4.57196631	4.47676953	4.69413936	4.68620904	
25.32487	4.57196631	4.47676953	4.69413936	4.68620904	
25.32922	4.57196631	4.47676953	4.69413936	4.68620904	
25.33935	4.57196631	4.47676953	4.69413936	4.68620904	
25.3495	4.57196631	4.47676953	4.69413936	4.68620904	
25.35964	4.57196631	4.47676953	4.69413936	4.68620904	
25.36987	4.57196631	4.47676953	4.69413936	4.68620904	
25.38005	4.57196631	4.47676953	4.69413936	4.68620904	
25.39016	4.57196631	4.47676953	4.69413936	4.68620904	
25.40856	4.57196631	4.47676953	4.69413936	4.68620904	
