14.91275	276.717511	276.713226	278.59374	278.589455	
14.91735	276.718302	276.713226	278.594531	278.589455	
14.92743	276.720812	276.713226	278.597041	278.589455	
14.94571	276.727827	276.713226	278.604056	278.589455	
14.95009	276.729438	276.713226	278.605667	278.589455	
14.96023	276.733965	276.713226	278.610193	278.589455	
14.97039	276.739116	276.713226	278.615345	278.598182	
14.98053	276.744872	276.713226	278.621101	278.598182	
14.99061	276.751207	276.713226	278.627436	278.606908	
15.00076	276.758198	276.713226	278.634427	278.606908	
15.01098	276.765908	276.713226	278.642137	278.615635	
15.02112	276.774109	276.713226	278.650338	278.624362	
15.03126	276.782953	276.713226	278.659182	278.633088	
15.04134	276.792354	276.721953	278.668583	278.641815	
15.05153	276.802477	276.73068	278.678706	278.641815	
15.06173	276.813243	276.739406	278.689472	278.659268	
15.07178	276.824449	276.756859	278.700678	278.667995	
15.08197	276.836438	276.774313	278.712667	278.676722	
15.09204	276.848903	276.800493	278.725132	278.685448	
15.10327	276.863594	276.826673	278.739823	278.694175	
15.11237	276.875928	276.852853	278.752157	278.702902	
15.12253	276.890354	276.879033	278.766583	278.711628	
15.13265	276.905325	276.905212	278.781554	278.729082	
15.14276	276.920913	276.931392	278.797142	278.746535	
15.15291	276.937175	276.948846	278.813403	278.763988	
15.16306	276.954059	276.966299	278.830288	278.781441	
15.17319	276.971518	276.983752	278.847747	278.816348	
15.18335	276.989664	277.009932	278.865893	278.842528	
15.19344	277.008276	277.027386	278.884505	278.868708	
15.20456	277.029579	277.044839	278.905808	278.903614	
15.21413	277.048414	277.062292	278.924643	278.929794	
15.22392	277.068248	277.079745	278.944477	278.955974	
15.23403	277.089367	277.097199	278.965595	278.990881	
15.24421	277.111266	277.114652	278.987495	279.017061	
15.25438	277.133754	277.132105	279.009983	279.043241	
15.26444	277.156586	277.158285	279.032814	279.060694	
15.27456	277.180184	277.175739	279.056412	279.086874	
15.28475	277.204587	277.193192	279.080816	279.104327	
15.29487	277.229411	277.210645	279.10564	279.130507	
15.30577	277.256921	277.236825	279.13315	279.139234	
15.31518	277.281123	277.263005	279.157352	279.156687	
15.32531	277.30784	277.280458	279.184069	279.165414	
15.3354	277.335034	277.306638	279.211263	279.182867	
15.3455	277.362912	277.332818	279.239141	279.20032	
15.35576	277.391831	277.358998	279.268059	279.209047	
15.36581	277.420774	277.385178	279.297003	279.235227	
15.37592	277.450476	277.411358	279.326705	279.25268	
15.38608	277.480987	277.446265	279.357216	279.27886	
15.39621	277.512012	277.472444	279.388241	279.30504	
15.40698	277.545732	277.507351	279.421961	279.339947	
15.41673	277.576747	277.542258	279.452976	279.374853	
15.42662	277.608832	277.577164	279.485061	279.40976	
15.43674	277.642263	277.612071	279.518492	279.453393	
15.44684	277.676281	277.646977	279.55251	279.497026	
15.45718	277.711721	277.681884	279.58795	279.549386	
15.47601	277.778904	277.751697	279.655133	279.627926	
15.48038	277.794381	277.76915	279.67061	279.654106	
15.49056	277.831339	277.812784	279.707568	279.689013	
15.50065	277.868545	277.856417	279.744774	279.741373	
15.51116	277.908011	277.90005	279.78424	279.785006	
15.52099	277.945438	277.943683	279.821667	279.828639	
15.53113	277.984695	277.987317	279.860924	279.863546	
15.54123	278.024409	278.03095	279.900638	279.898452	
15.55133	278.064735	278.08331	279.940964	279.942085	
15.56147	278.105838	278.126943	279.982067	279.976992	
15.57163	278.147664	278.170576	280.023893	280.020625	
15.58181	278.190169	278.205483	280.066398	280.055532	
15.59195	278.233106	278.249116	280.109335	280.090438	
15.60201	278.276343	278.292749	280.152571	280.125345	
15.61247	278.321963	278.336382	280.198192	280.168978	
15.62236	278.365668	278.371289	280.241897	280.203885	
15.63248	278.410952	278.406196	280.287181	280.247518	
15.6426	278.456904	278.449829	280.333133	280.282425	
15.6527	278.503401	278.484735	280.37963	280.326058	
15.66287	278.550833	278.528369	280.427062	280.369691	
15.67298	278.598526	278.572002	280.474755	280.422051	
15.68316	278.647435	278.615635	280.523664	280.465684	
15.69332	278.696477	278.659268	280.572706	280.518044	
15.70339	278.74589	278.702902	280.622119	280.561677	
15.72274	278.843628	278.798895	280.719856	280.666397	
15.73506	278.906408	278.859981	280.782637	280.727484	
15.73941	278.928625	278.886161	280.804854	280.753663	
15.74955	278.981146	278.938521	280.857374	280.806023	
15.75969	279.03433	278.990881	280.910559	280.858383	
15.76982	279.088035	279.051967	280.964263	280.910743	
15.77996	279.142453	279.113054	281.018682	280.97183	
15.7901	279.197494	279.165414	281.073723	281.032916	
15.80022	279.253002	279.235227	281.12923	281.085276	
15.81036	279.309236	279.296314	281.185465	281.146363	
15.82076	279.367588	279.3574	281.243816	281.207449	
15.83065	279.423603	279.418487	281.299832	281.259809	
15.84081	279.481852	279.479573	281.358081	281.329622	
15.85091	279.540308	279.54066	281.416537	281.390709	
15.86112	279.600096	279.601746	281.476325	281.451795	
15.87126	279.660023	279.662833	281.536252	281.504155	
15.88138	279.720434	279.723919	281.596663	281.573968	
15.89151	279.781574	279.776279	281.657803	281.635055	
15.90173	279.843857	279.846092	281.720086	281.696141	
15.91178	279.905754	279.898452	281.781983	281.757228	
15.92201	279.969418	279.950812	281.845647	281.818314	
15.9321	280.032686	280.011899	281.908915	281.879401	
15.94225	280.097007	280.072985	281.973236	281.940487	
15.95233	280.161511	280.134072	282.03774	282.001574	
15.9646	280.241052	280.212611	282.117281	282.080114	
15.97464	280.306604	280.273698	282.182832	282.132474	
15.98475	280.373267	280.334784	282.249496	282.202287	
15.99488	280.440639	280.404598	282.316868	282.263373	
16.0055	280.512031	280.474411	282.38826	282.32446	
16.01598	280.583083	280.544224	282.459312	282.385546	
16.0254	280.647469	280.614037	282.523698	282.446633	
16.03548	280.717002	280.68385	282.593231	282.516446	
16.04568	280.787949	280.753663	282.664178	282.586259	
16.05571	280.858411	280.823477	282.73464	282.656072	
16.06586	280.930273	280.89329	282.806502	282.734612	
16.07599	281.002529	280.97183	282.878758	282.804425	
16.08612	281.075508	281.041643	282.951737	282.882965	
16.09621	281.148825	281.120183	283.025054	282.961505	
16.11439	281.283301	281.198722	283.15953	283.101131	
16.12011	281.32551	281.303442	283.201739	283.144765	
16.13026	281.401279	281.381982	283.277507	283.214578	
16.14041	281.47768	281.460522	283.353909	283.301844	
16.15052	281.5544	281.539062	283.430629	283.380384	
16.16061	281.631556	281.626328	283.507785	283.458924	
16.17079	281.710048	281.704868	283.586276	283.54619	
16.18094	281.788972	281.792134	283.665201	283.62473	
16.19111	281.868572	281.870674	283.744801	283.70327	
16.20122	281.948432	281.949214	283.824661	283.790536	
16.21131	282.028592	282.027754	283.904821	283.869076	
16.22154	282.110643	282.106294	283.986872	283.947616	
16.23167	282.192408	282.184833	284.068637	284.034882	
16.24179	282.274689	282.263373	284.150918	284.113422	
16.25191	282.357701	282.341913	284.23393	284.191962	
16.26207	282.441536	282.420453	284.317765	284.279229	
16.27219	282.525755	282.498993	284.401984	284.357768	
16.28232	282.610605	282.577533	284.486834	284.436308	
16.29254	282.696881	282.656072	284.57311	284.523575	
16.30261	282.78253	282.743339	284.658759	284.602114	
16.31275	282.869273	282.821879	284.745502	284.680654	
16.32296	282.957389	282.909145	284.833618	284.767921	
16.33312	283.045615	282.987685	284.921844	284.855187	
16.3433	283.134539	283.083678	285.010768	284.942454	
16.35336	283.223123	283.170944	285.099352	285.02972	
16.36347	283.312762	283.258211	285.188991	285.116987	
16.37372	283.404304	283.345477	285.280533	285.204253	
16.38378	283.494652	283.441471	285.370881	285.29152	
16.39391	283.586365	283.528737	285.462593	285.378786	
16.40405	283.678731	283.62473	285.55496	285.474779	
16.41435	283.773233	283.720723	285.649462	285.570772	
16.42439	283.86591	283.816716	285.742139	285.658039	
16.43453	283.960065	283.912709	285.836294	285.762758	
16.44467	284.05495	284.008703	285.931179	285.858752	
16.45477	284.149977	284.104696	286.026205	285.954745	
16.46519	284.25016	284.209415	286.126389	286.050738	
16.47509	284.343166	284.305409	286.219395	286.146731	
16.48518	284.439938	284.410128	286.316167	286.251451	
16.4953	284.537691	284.506121	286.41392	286.35617	
16.50726	284.655633	284.602114	286.531862	286.452163	
16.51585	284.738083	284.706834	286.614312	286.556883	
16.52607	284.838663	284.811554	286.714892	286.661603	
16.53619	284.93894	284.916274	286.815169	286.757596	
16.54627	285.039289	285.012267	286.915518	286.862316	
16.5644	285.222324	285.125713	287.098553	287.045575	
16.56878	285.266455	285.247886	287.142684	287.089209	
16.57891	285.369368	285.352606	287.245597	287.193928	
16.58904	285.472897	285.457326	287.349126	287.298648	
16.59921	285.577456	285.562046	287.453685	287.394641	
16.60927	285.681457	285.666765	287.557686	287.499361	
16.61944	285.787262	285.771485	287.663491	287.604081	
16.62971	285.894711	285.867478	287.77094	287.708801	
16.63973	286.000096	285.972198	287.876325	287.804794	
16.64988	286.107503	286.076918	287.983732	287.909513	
16.66	286.215249	286.181637	288.091478	288.02296	
16.67016	286.32403	286.277631	288.200259	288.12768	
16.68032	286.43342	286.38235	288.309649	288.232399	
16.69043	286.542862	286.48707	288.419091	288.345846	
16.70057	286.653356	286.59179	288.529585	288.450565	
16.71068	286.764015	286.69651	288.640244	288.572739	
16.72085	286.874158	286.809956	288.750387	288.677458	
16.73114	286.985304	286.914676	288.861533	288.790905	
16.74117	287.092266	287.028122	288.968495	288.904351	
16.75137	287.200847	287.141569	289.077076	289.009071	
16.76142	287.307252	287.255015	289.183481	289.122517	
16.77161	287.414407	287.368461	289.290636	289.235964	
16.78182	287.521212	287.481908	289.397441	289.34941	
16.79187	287.625804	287.595354	289.502033	289.45413	
16.802	287.730519	287.717527	289.606748	289.567576	
16.81209	287.834284	287.830974	289.710513	289.672296	
16.8223	287.938674	287.94442	289.814903	289.785742	
16.83274	288.044684	288.057866	289.920913	289.890462	
16.84259	288.144169	288.180039	290.020398	289.995182	
16.85269	288.245531	288.284759	290.12176	290.108628	
16.86281	288.34644	288.389479	290.222669	290.213348	
16.87297	288.447278	288.494199	290.323507	290.318068	
16.8831	288.547028	288.590192	290.423257	290.422788	
16.89323	288.64633	288.686185	290.522559	290.527507	
16.90339	288.745181	288.782178	290.62141	290.6235	
16.91349	288.842869	288.869444	290.719098	290.719494	
16.92369	288.940947	288.956711	290.817176	290.815487	
16.93397	289.039178	289.043977	290.915406	290.91148	
16.94399	289.134247	289.131244	291.010476	291.007473	
16.95452	289.233553	289.21851	291.109782	291.103466	
16.96459	289.327948	289.305777	291.204177	291.190732	
16.97476	289.422501	289.393043	291.29873	291.277999	
16.98487	289.515989	289.48031	291.392218	291.356539	
16.99505	289.609538	289.567576	291.485767	291.443805	
17.00513	289.701518	289.654843	291.577747	291.522345	
17.0156	289.796382	289.750836	291.672611	291.609611	
17.02545	289.885056	289.846829	291.761285	291.696878	
17.03562	289.976047	289.934095	291.852276	291.792871	
17.04586	290.067034	290.021362	291.943263	291.871411	
17.05587	290.155255	290.117355	292.031484	291.967404	
17.066	290.244067	290.213348	292.120296	292.05467	
17.07615	290.332342	290.300614	292.208571	292.150663	
17.08629	290.419977	290.396608	292.296206	292.23793	
17.09646	290.50732	290.483874	292.383549	292.333923	
17.10654	290.593168	290.579867	292.469397	292.429916	
17.11701	290.681738	290.667134	292.557967	292.525909	
17.12792	290.773238	290.763127	292.649467	292.613176	
17.13729	290.85137	290.850393	292.727599	292.709169	
17.14708	290.932378	290.93766	292.808607	292.796435	
17.15718	291.015424	291.024926	292.891653	292.883702	
17.16738	291.098587	291.120919	292.974816	292.979695	
17.17749	291.180473	291.199459	293.056702	293.058235	
17.1876	291.261677	291.286726	293.137906	293.145501	
17.19779	291.342965	291.365265	293.219194	293.232768	
17.2159	291.485037	291.513618	293.361266	293.372394	
17.22028	291.519401	291.548525	293.39563	293.407301	
17.23962	291.668381	291.618338	293.54461	293.546927	
17.24408	291.702678	291.714331	293.578907	293.581833	
17.2542	291.780028	291.792871	293.656257	293.651647	
17.26431	291.856586	291.862684	293.732815	293.72146	
17.27441	291.932589	291.941224	293.808818	293.791273	
17.28459	292.008491	292.011037	293.88472	293.861086	
17.29472	292.083388	292.08085	293.959617	293.930899	
17.30482	292.157493	292.150663	294.033722	294.009439	
17.31494	292.231142	292.220477	294.107371	294.079252	
17.3255	292.307378	292.29029	294.183607	294.149065	
17.33533	292.377696	292.360103	294.253925	294.218879	
17.34534	292.448678	292.42119	294.324907	294.297418	
17.35547	292.520003	292.491003	294.396232	294.367232	
17.36563	292.590861	292.560816	294.46709	294.437045	
17.37576	292.660893	292.630629	294.537122	294.515585	
17.38589	292.730328	292.709169	294.606557	294.585398	
17.39602	292.799119	292.778982	294.675348	294.655211	
17.40619	292.867612	292.848795	294.743841	294.725024	
17.41624	292.934707	292.918608	294.810936	294.803564	
17.43532	293.05939	292.997148	294.935619	294.925737	
17.43977	293.088554	293.084415	294.964783	294.951917	
17.4499	293.154088	293.162954	295.030317	295.02173	
17.46002	293.218995	293.232768	295.095224	295.082817	
17.47145	293.291488	293.302581	295.167717	295.161356	
17.48033	293.34739	293.372394	295.223619	295.222443	
17.49048	293.410676	293.43348	295.286905	295.292256	
17.50063	293.47332	293.503294	295.349549	295.353343	
17.51074	293.535099	293.573107	295.411328	295.414429	
17.52082	293.596092	293.634193	295.472321	295.475516	
17.53294	293.668554	293.69528	295.544783	295.536602	
17.54111	293.717073	293.74764	295.593302	295.597689	
17.55132	293.776973	293.8	295.653202	295.658775	
17.56134	293.835215	293.85236	295.711444	295.711135	
17.57147	293.893524	293.913446	295.769753	295.772222	
17.58164	293.951409	293.965806	295.827638	295.824582	
17.59176	294.008359	294.018166	295.884588	295.876941	
17.60184	294.064572	294.061799	295.940801	295.929301	
17.61202	294.120638	294.114159	295.996867	295.990388	
17.62213	294.175769	294.166519	296.051998	296.034021	
17.63229	294.230549	294.218879	296.106778	296.086381	
17.64259	294.28552	294.262512	296.161749	296.138741	
17.65262	294.338354	294.323598	296.214583	296.191101	
17.66273	294.391019	294.375958	296.267248	296.234734	
17.67283	294.443044	294.428318	296.319273	296.287094	
17.68304	294.495042	294.480678	296.371271	296.339454	
17.69316	294.545968	294.541765	296.422197	296.391814	
17.70336	294.59666	294.594124	296.472889	296.444173	
17.71343	294.646121	294.646484	296.52235	296.496533	
17.72352	294.695116	294.698844	296.571345	296.548893	
17.73372	294.743993	294.751204	296.620222	296.601253	
17.74406	294.792939	294.803564	296.669168	296.653613	
17.75399	294.839296	294.855924	296.715525	296.705973	
17.76411	294.885964	294.899557	296.762193	296.758333	
17.77428	294.932275	294.951917	296.808504	296.810693	
17.7844	294.977768	294.99555	296.853997	296.863052	
17.7945	295.022561	295.039183	296.89879	296.915412	
17.80467	295.067024	295.082817	296.943252	296.967772	
17.81471	295.110324	295.135177	296.986553	297.002679	
17.82489	295.153648	295.170083	297.029876	297.055039	
17.83496	295.195906	295.213716	297.072134	297.089945	
17.84524	295.238408	295.25735	297.114637	297.133579	
17.85538	295.27972	295.300983	297.155949	297.177212	
17.86545	295.320145	295.335889	297.196374	297.212118	
17.87555	295.360118	295.379523	297.236347	297.247025	
17.88579	295.400037	295.414429	297.276266	297.281931	
17.89585	295.43865	295.449336	297.314879	297.316838	
17.90597	295.476879	295.484242	297.353108	297.351745	
17.91611	295.514592	295.519149	297.390821	297.386651	
17.92626	295.551712	295.554056	297.427941	297.421558	
17.94471	295.616835	295.588962	297.493064	297.473918	
17.94919	295.632674	295.623869	297.508903	297.491371	
17.95933	295.667817	295.658775	297.544046	297.526278	
17.96938	295.702055	295.693682	297.578284	297.552458	
17.9795	295.735944	295.728588	297.612173	297.587364	
17.98968	295.769402	295.763495	297.645631	297.622271	
17.99978	295.80204	295.798402	297.678269	297.657177	
18.00995	295.834264	295.833308	297.710493	297.692084	
18.02009	295.865839	295.859488	297.742068	297.72699	
18.03024	295.896802	295.894395	297.773031	297.761897	
18.04151	295.930459	295.920575	297.806688	297.796804	
18.05871	295.979744	295.955481	297.855973	297.85789	
18.06309	295.992348	295.999114	297.868577	297.875343	
18.07323	296.020749	296.034021	297.896978	297.901523	
18.08338	296.048604	296.060201	297.924833	297.93643	
18.09355	296.075928	296.095108	297.952157	297.96261	
18.10367	296.102503	296.121288	297.978732	297.997516	
18.11385	296.128751	296.156194	298.00498	298.01497	
18.12398	296.154074	296.182374	298.030303	298.049876	
18.13436	296.179495	296.208554	298.055724	298.076056	
18.1443	296.203281	296.234734	298.07951	298.09351	
18.15445	296.226959	296.252187	298.103188	298.11969	
18.16461	296.250091	296.278367	298.12632	298.137143	
18.17468	296.272431	296.29582	298.148659	298.154596	
18.18482	296.294343	296.322	298.170572	298.180776	
18.19496	296.315641	296.339454	298.19187	298.198229	
18.20512	296.336417	296.356907	298.212646	298.224409	
18.21528	296.356601	296.37436	298.23283	298.233136	
18.22535	296.376023	296.391814	298.252252	298.250589	
18.23574	296.395457	296.409267	298.271686	298.268043	
18.24568	296.413489	296.42672	298.289718	298.285496	
18.25609	296.431756	296.435447	298.307985	298.294222	
18.26591	296.448439	296.4529	298.324668	298.311676	
18.27603	296.465057	296.461627	298.341286	298.329129	
18.28619	296.481174	296.47908	298.357402	298.337856	
18.2964	296.496774	296.496533	298.373003	298.355309	
18.30649	296.511619	296.50526	298.387847	298.364036	
18.31661	296.525941	296.513987	298.40217	298.381489	
18.32668	296.539636	296.53144	298.415864	298.390216	
18.33714	296.553235	296.540167	298.429464	298.398942	
18.34698	296.565515	296.548893	298.441744	298.416396	
18.35712	296.577595	296.55762	298.453824	298.425122	
18.36728	296.589131	296.566346	298.46536	298.433849	
18.37734	296.600015	296.5838	298.476244	298.442575	
18.38754	296.610482	296.592526	298.486711	298.460029	
18.39764	296.620288	296.601253	298.496517	298.468755	
18.40782	296.629625	296.60998	298.505853	298.477482	
18.41794	296.638359	296.618706	298.514588	298.486209	
18.428	296.64651	296.63616	298.522739	298.494935	
18.43842	296.654375	296.63616	298.530604	298.503662	
18.44886	296.661697	296.644886	298.537926	298.512389	
18.45874	296.668135	296.653613	298.544364	298.521115	
18.46922	296.674474	296.66234	298.550703	298.529842	
18.47901	296.679779	296.671066	298.556008	298.538569	
18.48918	296.684861	296.679793	298.56109	298.538569	
18.49926	296.689409	296.68852	298.565638	298.547295	
18.51944	296.696107	296.697246	298.572336	298.556022	
18.52383	296.697654	296.697246	298.573883	298.556022	
18.53462	296.70082	296.705973	298.577049	298.556022	
18.54509	296.703469	296.705973	298.579698	298.564748	
18.55513	296.705637	296.705973	298.581866	298.564748	
18.56507	296.707435	296.705973	298.583664	298.564748	
18.57515	296.713226	296.705973	298.589455	298.564748	
18.5853	296.713226	296.705973	298.589455	298.564748	
18.5957	296.713226	296.714699	298.589455	298.564748	
18.60555	296.713226	296.714699	298.589455	298.564748	
18.61566	296.713226	296.714699	298.589455	298.564748	
18.62581	296.713226	296.714699	298.589455	298.564748	
18.6359	296.713226	296.714699	298.589455	298.564748	
18.64633	296.713226	296.714699	298.589455	298.564748	
18.65623	296.713226	296.714699	298.589455	298.564748	
18.66642	296.713226	296.714699	298.589455	298.564748	
18.67654	296.713226	296.714699	298.589455	298.564748	
18.68661	296.713226	296.714699	298.589455	298.564748	
18.69707	296.713226	296.714699	298.589455	298.564748	
18.70686	296.713226	296.714699	298.589455	298.564748	
18.71698	296.713226	296.714699	298.589455	298.564748	
18.72714	296.713226	296.714699	298.589455	298.564748	
18.73722	296.713226	296.714699	298.589455	298.564748	
18.74761	296.713226	296.714699	298.589455	298.564748	
18.75758	296.713226	296.714699	298.589455	298.564748	
18.76769	296.713226	296.714699	298.589455	298.564748	
18.77786	296.713226	296.714699	298.589455	298.564748	
18.78795	296.713226	296.714699	298.589455	298.564748	
18.79842	296.713226	296.714699	298.589455	298.564748	
18.80841	296.713226	296.714699	298.589455	298.564748	
18.81858	296.713226	296.714699	298.589455	298.564748	
18.82871	296.713226	296.714699	298.589455	298.564748	
18.83882	296.713226	296.714699	298.589455	298.564748	
18.85008	296.713226	296.714699	298.589455	298.564748	
18.85912	296.713226	296.714699	298.589455	298.564748	
18.86929	296.713226	296.714699	298.589455	298.564748	
18.87949	296.713226	296.714699	298.589455	298.564748	
18.88953	296.713226	296.714699	298.589455	298.564748	
18.90006	296.713226	296.714699	298.589455	298.564748	
18.90989	296.713226	296.714699	298.589455	298.564748	
18.91998	296.713226	296.714699	298.589455	298.564748	
18.93012	296.713226	296.714699	298.589455	298.564748	
18.94022	296.713226	296.714699	298.589455	298.564748	
18.95142	296.713226	296.714699	298.589455	298.564748	
18.96065	296.713226	296.714699	298.589455	298.564748	
18.97076	296.713226	296.714699	298.589455	298.564748	
18.98093	296.713226	296.714699	298.589455	298.564748	
18.99101	296.713226	296.714699	298.589455	298.564748	
19.00118	296.713226	296.714699	298.589455	298.564748	
19.01133	296.713226	296.714699	298.589455	298.564748	
19.02147	296.713226	296.714699	298.589455	298.564748	
19.03162	296.713226	296.714699	298.589455	298.564748	
19.04173	296.713226	296.714699	298.589455	298.564748	
19.05276	296.713226	296.714699	298.589455	298.564748	
19.06214	296.713226	296.714699	298.589455	298.564748	
19.07249	296.713226	296.714699	298.589455	298.564748	
19.08261	296.713226	296.714699	298.589455	298.564748	
19.09273	296.713226	296.714699	298.589455	298.564748	
19.10284	296.713226	296.714699	298.589455	298.564748	
19.11299	296.713226	296.714699	298.589455	298.564748	
19.12312	296.713226	296.714699	298.589455	298.564748	
19.1333	296.713226	296.714699	298.589455	298.564748	
19.14347	296.713226	296.714699	298.589455	298.564748	
19.15402	296.713226	296.714699	298.589455	298.564748	
19.16375	296.713226	296.714699	298.589455	298.564748	
19.17395	296.713226	296.714699	298.589455	298.564748	
19.18402	296.713226	296.714699	298.589455	298.564748	
19.19428	296.713226	296.714699	298.589455	298.564748	
19.20428	296.713226	296.714699	298.589455	298.564748	
19.21442	296.713226	296.714699	298.589455	298.564748	
19.22453	296.713226	296.714699	298.589455	298.564748	
19.23466	296.713226	296.714699	298.589455	298.564748	
19.24479	296.713226	296.714699	298.589455	298.564748	
19.25535	296.713226	296.714699	298.589455	298.564748	
19.26509	296.713226	296.714699	298.589455	298.564748	
19.2752	296.713226	296.714699	298.589455	298.564748	
19.28529	296.713226	296.714699	298.589455	298.564748	
19.29565	296.713226	296.714699	298.589455	298.564748	
19.30557	296.713226	296.714699	298.589455	298.564748	
19.31569	296.713226	296.714699	298.589455	298.564748	
19.32582	296.713226	296.714699	298.589455	298.564748	
19.33594	296.713226	296.714699	298.589455	298.564748	
19.34605	296.713226	296.714699	298.589455	298.564748	
19.35652	296.713226	296.714699	298.589455	298.564748	
19.36647	296.713226	296.714699	298.589455	298.564748	
19.37657	296.713226	296.714699	298.589455	298.564748	
19.38659	296.713226	296.714699	298.589455	298.564748	
19.39682	296.713226	296.714699	298.589455	298.564748	
19.40716	296.713226	296.714699	298.589455	298.564748	
19.41697	296.713226	296.714699	298.589455	298.564748	
19.4271	296.713226	296.714699	298.589455	298.564748	
19.43723	296.713226	296.714699	298.589455	298.564748	
19.44736	296.713226	296.714699	298.589455	298.564748	
19.45779	296.713226	296.714699	298.589455	298.564748	
19.46763	296.713226	296.714699	298.589455	298.564748	
19.47783	296.713226	296.714699	298.589455	298.564748	
19.48794	296.713226	296.714699	298.589455	298.564748	
19.49808	296.713226	296.714699	298.589455	298.564748	
19.50842	296.713226	296.714699	298.589455	298.564748	
19.51854	296.713226	296.714699	298.589455	298.564748	
19.52867	296.713226	296.714699	298.589455	298.564748	
19.53884	296.713226	296.714699	298.589455	298.564748	
19.54897	296.713226	296.714699	298.589455	298.564748	
19.56022	296.713226	296.714699	298.589455	298.564748	
19.56927	296.713226	296.714699	298.589455	298.564748	
19.57938	296.713226	296.714699	298.589455	298.564748	
19.58954	296.713226	296.714699	298.589455	298.564748	
20.04376	296.713226	296.714699	298.589455	298.556022	
20.0538	296.713226	296.714699	298.589455	298.556022	
20.06506	296.713226	296.714699	298.589455	298.556022	
20.0741	296.713226	296.714699	298.589455	298.556022	
20.08421	296.713226	296.714699	298.589455	298.556022	
20.09472	296.713226	296.714699	298.589455	298.564748	
20.10444	296.713226	296.714699	298.589455	298.564748	
20.1146	296.713226	296.714699	298.589455	298.564748	
20.12478	296.713226	296.714699	298.589455	298.564748	
20.13485	296.713226	296.714699	298.589455	298.564748	
20.14501	296.713226	296.714699	298.589455	298.564748	
20.15548	296.713226	296.714699	298.589455	298.564748	
20.16632	296.713226	296.714699	298.589455	298.564748	
20.17535	296.713226	296.714699	298.589455	298.564748	
20.18552	296.713226	296.714699	298.589455	298.564748	
20.19562	296.713226	296.714699	298.589455	298.564748	
20.20573	296.713226	296.714699	298.589455	298.564748	
20.2159	296.713226	296.714699	298.589455	298.564748	
20.226	296.713226	296.714699	298.589455	298.564748	
20.23618	296.713226	296.714699	298.589455	298.564748	
20.2464	296.713226	296.714699	298.589455	298.564748	
20.25645	296.713226	296.714699	298.589455	298.564748	
20.26762	296.713226	296.714699	298.589455	298.564748	
20.2849	296.713226	296.714699	298.589455	298.564748	
20.28927	296.713226	296.714699	298.589455	298.564748	
20.29942	296.713226	296.714699	298.589455	298.564748	
20.30955	296.713226	296.714699	298.589455	298.564748	
20.31973	296.713226	296.714699	298.589455	298.564748	
20.32987	296.713226	296.714699	298.589455	298.564748	
20.34	296.713226	296.714699	298.589455	298.564748	
20.35018	296.713226	296.714699	298.589455	298.564748	
20.36023	296.713226	296.714699	298.589455	298.564748	
20.37152	296.713226	296.714699	298.589455	298.564748	
20.38166	296.713226	296.714699	298.589455	298.564748	
20.39179	296.713226	296.714699	298.589455	298.564748	
20.40205	296.713226	296.714699	298.589455	298.564748	
20.41204	296.713226	296.714699	298.589455	298.564748	
20.42227	296.713226	296.714699	298.589455	298.564748	
20.43234	296.713226	296.714699	298.589455	298.564748	
20.44248	296.713226	296.714699	298.589455	298.564748	
20.45262	296.713226	296.714699	298.589455	298.564748	
20.46278	296.713226	296.714699	298.589455	298.564748	
20.47329	296.713226	296.714699	298.589455	298.564748	
20.48308	296.713226	296.714699	298.589455	298.564748	
20.49324	296.713226	296.714699	298.589455	298.564748	
20.50335	296.713226	296.714699	298.589455	298.564748	
20.52293	296.713226	296.714699	298.589455	298.564748	
20.52728	296.713226	296.714699	298.589455	298.564748	
20.53805	296.713226	296.714699	298.589455	298.564748	
20.54814	296.713226	296.714699	298.589455	298.564748	
20.55829	296.713226	296.714699	298.589455	298.564748	
20.56848	296.713226	296.714699	298.589455	298.564748	
20.57889	296.713226	296.714699	298.589455	298.564748	
20.58884	296.713226	296.714699	298.589455	298.564748	
20.59888	296.713226	296.714699	298.589455	298.564748	
20.60904	296.713226	296.714699	298.589455	298.564748	
20.6192	296.713226	296.714699	298.589455	298.564748	
20.62935	296.713226	296.714699	298.589455	298.564748	
20.63947	296.713226	296.714699	298.589455	298.564748	
20.64961	296.713226	296.714699	298.589455	298.564748	
20.65973	296.713226	296.714699	298.589455	298.564748	
20.671	296.713226	296.714699	298.589455	298.564748	
20.68047	296.713226	296.714699	298.589455	298.564748	
20.69018	296.713226	296.714699	298.589455	298.564748	
20.70032	296.713226	296.714699	298.589455	298.564748	
20.71044	296.713226	296.714699	298.589455	298.564748	
20.72071	296.713226	296.714699	298.589455	298.564748	
20.73074	296.713226	296.714699	298.589455	298.564748	
20.7409	296.713226	296.714699	298.589455	298.564748	
20.75102	296.713226	296.714699	298.589455	298.564748	
20.7611	296.713226	296.714699	298.589455	298.564748	
20.77226	296.713226	296.714699	298.589455	298.564748	
20.78147	296.713226	296.714699	298.589455	298.564748	
20.79169	296.713226	296.714699	298.589455	298.564748	
20.80173	296.713226	296.714699	298.589455	298.564748	
20.81192	296.713226	296.714699	298.589455	298.564748	
20.82205	296.713226	296.714699	298.589455	298.564748	
20.8322	296.713226	296.714699	298.589455	298.564748	
20.84228	296.713226	296.714699	298.589455	298.564748	
20.85237	296.713226	296.714699	298.589455	298.564748	
20.86255	296.713226	296.714699	298.589455	298.564748	
20.87348	296.713226	296.714699	298.589455	298.564748	
20.8829	296.713226	296.714699	298.589455	298.564748	
20.89298	296.713226	296.714699	298.589455	298.564748	
20.90309	296.713226	296.714699	298.589455	298.564748	
20.9132	296.713226	296.714699	298.589455	298.564748	
20.92337	296.713226	296.714699	298.589455	298.564748	
20.93351	296.713226	296.714699	298.589455	298.564748	
20.94371	296.713226	296.714699	298.589455	298.564748	
20.95381	296.713226	296.714699	298.589455	298.564748	
20.96626	296.713226	296.714699	298.589455	298.564748	
20.97477	296.713226	296.714699	298.589455	298.564748	
20.98419	296.713226	296.714699	298.589455	298.564748	
20.99432	296.713226	296.714699	298.589455	298.564748	
21.00443	296.713226	296.714699	298.589455	298.564748	
21.01474	296.713226	296.714699	298.589455	298.564748	
21.02468	296.713226	296.714699	298.589455	298.564748	
21.03481	296.713226	296.714699	298.589455	298.564748	
21.04506	296.713226	296.714699	298.589455	298.564748	
21.0551	296.713226	296.714699	298.589455	298.564748	
21.06525	296.713226	296.714699	298.589455	298.564748	
21.07602	296.713226	296.714699	298.589455	298.564748	
21.08554	296.713226	296.714699	298.589455	298.564748	
21.09567	296.713226	296.714699	298.589455	298.564748	
21.10572	296.713226	296.714699	298.589455	298.564748	
21.11596	296.713226	296.714699	298.589455	298.564748	
21.12602	296.713226	296.714699	298.589455	298.564748	
21.13614	296.713226	296.714699	298.589455	298.564748	
21.14626	296.713226	296.714699	298.589455	298.564748	
21.1644	296.713226	296.714699	298.589455	298.564748	
21.16875	296.713226	296.714699	298.589455	298.564748	
21.18004	296.713226	296.714699	298.589455	298.564748	
21.18915	296.713226	296.714699	298.589455	298.564748	
21.19923	296.713226	296.714699	298.589455	298.564748	
21.20936	296.713226	296.714699	298.589455	298.564748	
21.21982	296.713226	296.714699	298.589455	298.564748	
21.22966	296.713226	296.714699	298.589455	298.564748	
21.23982	296.713226	296.714699	298.589455	298.564748	
21.24991	296.713226	296.714699	298.589455	298.564748	
21.26006	296.713226	296.714699	298.589455	298.564748	
21.27024	296.713226	296.714699	298.589455	298.564748	
21.28137	296.713226	296.714699	298.589455	298.564748	
21.2907	296.713226	296.714699	298.589455	298.564748	
21.30065	296.713226	296.714699	298.589455	298.564748	
21.31079	296.713226	296.714699	298.589455	298.564748	
21.32087	296.713226	296.714699	298.589455	298.564748	
21.33109	296.713226	296.714699	298.589455	298.564748	
21.3412	296.713226	296.714699	298.589455	298.564748	
21.3513	296.713226	296.714699	298.589455	298.564748	
21.36147	296.713226	296.714699	298.589455	298.564748	
21.37157	296.713226	296.714699	298.589455	298.564748	
21.38275	296.713226	296.714699	298.589455	298.564748	
21.39195	296.713226	296.714699	298.589455	298.564748	
21.40205	296.713226	296.714699	298.589455	298.564748	
21.41219	296.713226	296.714699	298.589455	298.564748	
21.42234	296.713226	296.714699	298.589455	298.564748	
21.43248	296.713226	296.714699	298.589455	298.564748	
21.44259	296.713226	296.714699	298.589455	298.564748	
21.45274	296.713226	296.714699	298.589455	298.564748	
21.46289	296.713226	296.714699	298.589455	298.564748	
21.47297	296.713226	296.714699	298.589455	298.564748	
21.4841	296.713226	296.714699	298.589455	298.564748	
21.49333	296.713226	296.714699	298.589455	298.564748	
21.50345	296.713226	296.714699	298.589455	298.564748	
21.51358	296.713226	296.714699	298.589455	298.564748	
21.5237	296.713226	296.714699	298.589455	298.564748	
21.5346	296.713226	296.714699	298.589455	298.564748	
21.54397	296.713226	296.714699	298.589455	298.564748	
21.55408	296.713226	296.714699	298.589455	298.564748	
21.56419	296.713226	296.714699	298.589455	298.564748	
21.57441	296.713226	296.714699	298.589455	298.564748	
21.58543	296.713226	296.714699	298.589455	298.564748	
21.59487	296.713226	296.714699	298.589455	298.564748	
21.60473	296.713226	296.714699	298.589455	298.564748	
21.6149	296.713226	296.714699	298.589455	298.564748	
21.62547	296.713226	296.714699	298.589455	298.564748	
21.63519	296.713226	296.714699	298.589455	298.564748	
21.64527	296.713226	296.714699	298.589455	298.564748	
21.65542	296.713226	296.714699	298.589455	298.564748	
21.66552	296.713226	296.714699	298.589455	298.564748	
21.67578	296.713226	296.714699	298.589455	298.564748	
21.68688	296.713226	296.714699	298.589455	298.564748	
21.69605	296.713226	296.714699	298.589455	298.564748	
21.70617	296.713226	296.714699	298.589455	298.564748	
21.71627	296.713226	296.714699	298.589455	298.564748	
21.72693	296.713226	296.714699	298.589455	298.564748	
21.7366	296.713226	296.714699	298.589455	298.564748	
21.74669	296.713226	296.714699	298.589455	298.564748	
21.75685	296.713226	296.714699	298.589455	298.564748	
21.76691	296.713226	296.714699	298.589455	298.564748	
21.77722	296.713226	296.714699	298.589455	298.564748	
21.78829	296.713226	296.714699	298.589455	298.564748	
21.79734	296.713226	296.714699	298.589455	298.564748	
21.80743	296.713226	296.714699	298.589455	298.564748	
21.81759	296.713226	296.714699	298.589455	298.564748	
21.8277	296.713226	296.714699	298.589455	298.564748	
21.84618	296.713226	296.714699	298.589455	298.564748	
21.85051	296.713226	296.714699	298.589455	298.564748	
21.86069	296.713226	296.714699	298.589455	298.564748	
21.87083	296.713226	296.714699	298.589455	298.564748	
21.88091	296.713226	296.714699	298.589455	298.564748	
21.89115	296.713226	296.714699	298.589455	298.564748	
21.90132	296.713226	296.714699	298.589455	298.564748	
21.91144	296.713226	296.714699	298.589455	298.564748	
21.92156	296.713226	296.714699	298.589455	298.564748	
21.93166	296.713226	296.714699	298.589455	298.564748	
21.94187	296.713226	296.714699	298.589455	298.564748	
21.95237	296.713226	296.714699	298.589455	298.564748	
21.96213	296.713226	296.714699	298.589455	298.564748	
21.97225	296.713226	296.714699	298.589455	298.564748	
21.9824	296.713226	296.714699	298.589455	298.564748	
21.99257	296.713226	296.714699	298.589455	298.564748	
22.00272	296.713226	296.714699	298.589455	298.564748	
22.01288	296.713226	296.714699	298.589455	298.564748	
22.02299	296.713226	296.714699	298.589455	298.564748	
22.03309	296.713226	296.714699	298.589455	298.564748	
22.04328	296.713226	296.714699	298.589455	298.564748	
22.05342	296.713226	296.714699	298.589455	298.564748	
22.06355	296.713226	296.714699	298.589455	298.564748	
22.07367	296.713226	296.714699	298.589455	298.564748	
22.08378	296.713226	296.714699	298.589455	298.564748	
22.09402	296.713226	296.714699	298.589455	298.564748	
22.1041	296.713226	296.714699	298.589455	298.564748	
22.11425	296.713226	296.714699	298.589455	298.564748	
22.12438	296.713226	296.714699	298.589455	298.564748	
22.13449	296.713226	296.714699	298.589455	298.564748	
22.14467	296.713226	296.714699	298.589455	298.564748	
22.15476	296.713226	296.714699	298.589455	298.564748	
22.16493	296.713226	296.714699	298.589455	298.564748	
22.17507	296.713226	296.714699	298.589455	298.564748	
22.18558	296.713226	296.714699	298.589455	298.564748	
22.19534	296.713226	296.714699	298.589455	298.564748	
22.20548	296.713226	296.714699	298.589455	298.564748	
22.21574	296.713226	296.714699	298.589455	298.564748	
22.22571	296.713226	296.714699	298.589455	298.564748	
22.23589	296.713226	296.714699	298.589455	298.564748	
22.246	296.713226	296.714699	298.589455	298.564748	
22.25611	296.713226	296.714699	298.589455	298.564748	
22.26622	296.713226	296.714699	298.589455	298.564748	
22.27641	296.713226	296.714699	298.589455	298.564748	
22.28694	296.713226	296.714699	298.589455	298.564748	
22.29673	296.713226	296.714699	298.589455	298.564748	
22.30681	296.713226	296.714699	298.589455	298.564748	
22.31694	296.713226	296.714699	298.589455	298.564748	
22.32702	296.713226	296.714699	298.589455	298.564748	
22.33723	296.713226	296.714699	298.589455	298.564748	
22.34734	296.713226	296.714699	298.589455	298.564748	
22.35742	296.713226	296.714699	298.589455	298.564748	
22.36755	296.713226	296.714699	298.589455	298.564748	
22.37764	296.713226	296.714699	298.589455	298.564748	
22.39665	296.713226	296.714699	298.589455	298.564748	
22.4092	296.713226	296.714699	298.589455	298.564748	
22.41358	296.713226	296.714699	298.589455	298.564748	
22.42375	296.713226	296.714699	298.589455	298.564748	
22.43382	296.713226	296.714699	298.589455	298.564748	
22.44399	296.713226	296.714699	298.589455	298.564748	
22.45458	296.713226	296.714699	298.589455	298.564748	
22.46427	296.713226	296.714699	298.589455	298.564748	
22.47439	296.713226	296.714699	298.589455	298.564748	
22.48451	296.713226	296.714699	298.589455	298.564748	
22.4952	296.713226	296.714699	298.589455	298.564748	
22.52181	296.713226	296.714699	298.589455	298.564748	
22.5262	296.713226	296.714699	298.589455	298.564748	
22.53716	296.713226	296.714699	298.589455	298.564748	
22.54648	296.713226	296.714699	298.589455	298.564748	
22.55658	296.713226	296.714699	298.589455	298.564748	
22.56677	296.713226	296.714699	298.589455	298.564748	
22.57678	296.713226	296.714699	298.589455	298.564748	
22.58721	296.713226	296.714699	298.589455	298.564748	
22.5981	296.713226	296.714699	298.589455	298.564748	
22.60725	296.713226	296.714699	298.589455	298.564748	
22.61734	296.713226	296.714699	298.589455	298.564748	
22.62751	296.713226	296.714699	298.589455	298.564748	
22.63758	296.713226	296.714699	298.589455	298.564748	
22.64821	296.713226	296.714699	298.589455	298.564748	
22.65794	296.713226	296.714699	298.589455	298.564748	
22.66801	296.713226	296.714699	298.589455	298.564748	
22.67816	296.713226	296.714699	298.589455	298.564748	
22.6883	296.713226	296.714699	298.589455	298.564748	
22.69946	296.713226	296.714699	298.589455	298.564748	
22.70864	296.713226	296.714699	298.589455	298.564748	
22.71877	296.713226	296.714699	298.589455	298.564748	
22.72889	296.713226	296.714699	298.589455	298.564748	
22.73898	296.713226	296.714699	298.589455	298.564748	
22.74919	296.713226	296.714699	298.589455	298.564748	
22.75933	296.713226	296.714699	298.589455	298.564748	
22.76944	296.713226	296.714699	298.589455	298.564748	
22.77958	296.713226	296.714699	298.589455	298.564748	
22.7897	296.713226	296.714699	298.589455	298.564748	
22.80079	296.713226	296.714699	298.589455	298.564748	
22.81003	296.713226	296.714699	298.589455	298.564748	
22.82017	296.713226	296.714699	298.589455	298.564748	
22.83037	296.713226	296.714699	298.589455	298.564748	
22.84039	296.713226	296.714699	298.589455	298.564748	
22.85054	296.713226	296.714699	298.589455	298.564748	
22.86104	296.713226	296.714699	298.589455	298.564748	
22.87108	296.713226	296.714699	298.589455	298.564748	
22.8812	296.713226	296.714699	298.589455	298.564748	
22.89133	296.713226	296.714699	298.589455	298.564748	
22.90208	296.713226	296.714699	298.589455	298.564748	
22.9117	296.713226	296.714699	298.589455	298.564748	
22.9218	296.713226	296.714699	298.589455	298.564748	
22.93195	296.713226	296.714699	298.589455	298.564748	
22.94202	296.713226	296.714699	298.589455	298.564748	
22.95219	296.713226	296.714699	298.589455	298.564748	
22.96234	296.713226	296.714699	298.589455	298.564748	
22.97246	296.713226	296.714699	298.589455	298.564748	
22.98262	296.713226	296.714699	298.589455	298.564748	
22.99269	296.713226	296.714699	298.589455	298.564748	
23.00337	296.713226	296.714699	298.589455	298.564748	
23.01308	296.713226	296.714699	298.589455	298.564748	
23.02314	296.713226	296.714699	298.589455	298.564748	
23.03322	296.713226	296.714699	298.589455	298.564748	
23.04337	296.713226	296.714699	298.589455	298.564748	
23.05355	296.713226	296.714699	298.589455	298.564748	
23.06367	296.713226	296.714699	298.589455	298.564748	
23.07378	296.713226	296.714699	298.589455	298.564748	
23.08397	296.713226	296.714699	298.589455	298.564748	
23.09426	296.713226	296.714699	298.589455	298.564748	
23.10465	296.713226	296.714699	298.589455	298.564748	
23.11436	296.713226	296.714699	298.589455	298.564748	
23.12446	296.713226	296.714699	298.589455	298.564748	
23.13461	296.713226	296.714699	298.589455	298.564748	
23.14469	296.713226	296.714699	298.589455	298.564748	
23.15486	296.713226	296.714699	298.589455	298.564748	
23.1653	296.713226	296.714699	298.589455	298.564748	
23.17511	296.713226	296.714699	298.589455	298.564748	
23.18528	296.713226	296.714699	298.589455	298.564748	
23.19569	296.713226	296.714699	298.589455	298.564748	
23.20596	296.713226	296.714699	298.589455	298.564748	
23.21573	296.713226	296.714699	298.589455	298.564748	
23.22574	296.713226	296.714699	298.589455	298.564748	
23.23588	296.713226	296.714699	298.589455	298.564748	
23.246	296.713226	296.714699	298.589455	298.564748	
23.25611	296.713226	296.714699	298.589455	298.564748	
23.26646	296.713226	296.714699	298.589455	298.564748	
23.27647	296.713226	296.714699	298.589455	298.564748	
23.28656	296.713226	296.714699	298.589455	298.564748	
23.29701	296.713226	296.714699	298.589455	298.564748	
23.30732	296.713226	296.714699	298.589455	298.564748	
23.31725	296.713226	296.714699	298.589455	298.564748	
23.32731	296.713226	296.714699	298.589455	298.564748	
23.33744	296.713226	296.714699	298.589455	298.564748	
23.34753	296.713226	296.714699	298.589455	298.564748	
23.3577	296.713226	296.714699	298.589455	298.564748	
23.37584	296.713226	296.714699	298.589455	298.564748	
23.3802	296.713226	296.714699	298.589455	298.564748	
23.39039	296.713226	296.714699	298.589455	298.564748	
23.40044	296.713226	296.714699	298.589455	298.564748	
23.41067	296.713226	296.714699	298.589455	298.564748	
23.42083	296.713226	296.714699	298.589455	298.564748	
23.43096	296.713226	296.714699	298.589455	298.564748	
23.44108	296.713226	296.714699	298.589455	298.564748	
23.45117	296.713226	296.714699	298.589455	298.564748	
23.46139	296.713226	296.714699	298.589455	298.564748	
23.4715	296.713226	296.714699	298.589455	298.564748	
23.48292	296.713226	296.714699	298.589455	298.564748	
23.49175	296.713226	296.714699	298.589455	298.564748	
23.50186	296.713226	296.714699	298.589455	298.564748	
23.5121	296.713226	296.714699	298.589455	298.564748	
23.52225	296.713226	296.714699	298.589455	298.564748	
23.53236	296.713226	296.714699	298.589455	298.564748	
23.54257	296.713226	296.714699	298.589455	298.564748	
23.55262	296.713226	296.714699	298.589455	298.564748	
23.56274	296.713226	296.714699	298.589455	298.564748	
23.57287	296.713226	296.714699	298.589455	298.564748	
23.58305	296.713226	296.714699	298.589455	298.564748	
23.59318	296.713226	296.714699	298.589455	298.564748	
23.60326	296.713226	296.714699	298.589455	298.564748	
23.6135	296.713226	296.714699	298.589455	298.564748	
23.62365	296.713226	296.714699	298.589455	298.564748	
23.63375	296.713226	296.714699	298.589455	298.564748	
23.64394	296.713226	296.714699	298.589455	298.564748	
23.65424	296.713226	296.714699	298.589455	298.564748	
23.66415	296.713226	296.714699	298.589455	298.564748	
23.67426	296.713226	296.714699	298.589455	298.564748	
23.68453	296.713226	296.714699	298.589455	298.564748	
23.69463	296.713226	296.714699	298.589455	298.564748	
23.70466	296.713226	296.714699	298.589455	298.564748	
23.71487	296.713226	296.714699	298.589455	298.564748	
23.72518	296.713226	296.714699	298.589455	298.564748	
23.73514	296.713226	296.714699	298.589455	298.564748	
23.74526	296.713226	296.714699	298.589455	298.564748	
23.75564	296.713226	296.714699	298.589455	298.564748	
23.76551	296.713226	296.714699	298.589455	298.564748	
23.77563	296.713226	296.714699	298.589455	298.564748	
23.78578	296.713226	296.714699	298.589455	298.564748	
23.7959	296.713226	296.714699	298.589455	298.564748	
23.80601	296.713226	296.714699	298.589455	298.564748	
23.81619	296.713226	296.714699	298.589455	298.564748	
23.82641	296.713226	296.714699	298.589455	298.564748	
23.83651	296.713226	296.714699	298.589455	298.564748	
23.84661	296.713226	296.714699	298.589455	298.564748	
23.85707	296.713226	296.714699	298.589455	298.564748	
23.86685	296.713226	296.714699	298.589455	298.564748	
23.87697	296.713226	296.714699	298.589455	298.564748	
23.88711	296.713226	296.714699	298.589455	298.564748	
23.89719	296.713226	296.714699	298.589455	298.564748	
23.90737	296.713226	296.714699	298.589455	298.564748	
23.91755	296.713226	296.714699	298.589455	298.564748	
23.92769	296.713226	296.714699	298.589455	298.564748	
23.93787	296.713226	296.714699	298.589455	298.564748	
23.94797	296.713226	296.714699	298.589455	298.564748	
23.95848	296.713226	296.714699	298.589455	298.564748	
23.96844	296.713226	296.714699	298.589455	298.564748	
23.9786	296.713226	296.714699	298.589455	298.564748	
23.98886	296.713226	296.714699	298.589455	298.564748	
23.99886	296.713226	296.714699	298.589455	298.564748	
24.00902	296.713226	296.714699	298.589455	298.564748	
24.01933	296.713226	296.714699	298.589455	298.564748	
24.02933	296.713226	296.714699	298.589455	298.564748	
24.03952	296.713226	296.714699	298.589455	298.564748	
24.04958	296.713226	296.714699	298.589455	298.564748	
24.05975	296.713226	296.714699	298.589455	298.564748	
24.0699	296.713226	296.714699	298.589455	298.564748	
24.08009	296.713226	296.714699	298.589455	298.564748	
24.09024	296.713226	296.714699	298.589455	298.564748	
24.10033	296.713226	296.714699	298.589455	298.564748	
24.11057	296.713226	296.714699	298.589455	298.564748	
24.12068	296.713226	296.714699	298.589455	298.564748	
24.13082	296.713226	296.714699	298.589455	298.564748	
24.14095	296.713226	296.714699	298.589455	298.564748	
24.15106	296.713226	296.714699	298.589455	298.564748	
24.16124	296.713226	296.714699	298.589455	298.564748	
24.17136	296.713226	296.714699	298.589455	298.564748	
24.18151	296.713226	296.714699	298.589455	298.564748	
24.19966	296.713226	296.714699	298.589455	298.564748	
24.20429	296.713226	296.714699	298.589455	298.564748	
24.21531	296.713226	296.714699	298.589455	298.564748	
24.22437	296.713226	296.714699	298.589455	298.564748	
24.23451	296.713226	296.714699	298.589455	298.564748	
24.24463	296.713226	296.714699	298.589455	298.564748	
24.25479	296.713226	296.714699	298.589455	298.564748	
24.26483	296.713226	296.714699	298.589455	298.564748	
24.27506	296.713226	296.714699	298.589455	298.564748	
24.28518	296.713226	296.714699	298.589455	298.564748	
24.29531	296.713226	296.714699	298.589455	298.564748	
24.30539	296.713226	296.714699	298.589455	298.564748	
24.31659	296.713226	296.714699	298.589455	298.564748	
24.32572	296.713226	296.714699	298.589455	298.564748	
24.3359	296.713226	296.714699	298.589455	298.564748	
24.34595	296.713226	296.714699	298.589455	298.564748	
24.35608	296.713226	296.714699	298.589455	298.564748	
24.36622	296.713226	296.714699	298.589455	298.564748	
24.37642	296.713226	296.714699	298.589455	298.564748	
24.38653	296.713226	296.714699	298.589455	298.564748	
24.39686	296.713226	296.714699	298.589455	298.564748	
24.40698	296.713226	296.714699	298.589455	298.564748	
24.41782	296.713226	296.714699	298.589455	298.564748	
24.42729	296.713226	296.714699	298.589455	298.564748	
24.43739	296.713226	296.714699	298.589455	298.564748	
24.44757	296.713226	296.714699	298.589455	298.564748	
24.45762	296.713226	296.714699	298.589455	298.564748	
24.47603	296.713226	296.714699	298.589455	298.564748	
24.48041	296.713226	296.714699	298.589455	298.564748	
24.49059	296.713226	296.714699	298.589455	298.564748	
24.50077	296.713226	296.714699	298.589455	298.564748	
24.5219	296.713226	296.714699	298.589455	298.564748	
24.52629	296.713226	296.714699	298.589455	298.564748	
24.53651	296.713226	296.714699	298.589455	298.564748	
24.54659	296.713226	296.714699	298.589455	298.564748	
24.55673	296.713226	296.714699	298.589455	298.564748	
24.56712	296.713226	296.714699	298.589455	298.564748	
24.57696	296.713226	296.714699	298.589455	298.564748	
24.58709	296.713226	296.714699	298.589455	298.564748	
24.59722	296.713226	296.714699	298.589455	298.564748	
24.60733	296.713226	296.714699	298.589455	298.564748	
24.61749	296.713226	296.714699	298.589455	298.564748	
24.62769	296.713226	296.714699	298.589455	298.564748	
24.63783	296.713226	296.714699	298.589455	298.564748	
24.6481	296.713226	296.714699	298.589455	298.564748	
24.65803	296.713226	296.714699	298.589455	298.564748	
24.66843	296.713226	296.714699	298.589455	298.564748	
24.67863	296.713226	296.714699	298.589455	298.564748	
24.68875	296.713226	296.714699	298.589455	298.564748	
24.69883	296.713226	296.714699	298.589455	298.564748	
24.70899	296.713226	296.714699	298.589455	298.564748	
24.71911	296.713226	296.714699	298.589455	298.564748	
24.7295	296.713226	296.714699	298.589455	298.564748	
24.73941	296.713226	296.714699	298.589455	298.564748	
24.74955	296.713226	296.714699	298.589455	298.564748	
24.75965	296.713226	296.714699	298.589455	298.564748	
24.76982	296.713226	296.714699	298.589455	298.564748	
24.77995	296.713226	296.714699	298.589455	298.564748	
24.79011	296.713226	296.714699	298.589455	298.564748	
24.80027	296.713226	296.714699	298.589455	298.564748	
24.81033	296.713226	296.714699	298.589455	298.564748	
24.84705	296.713226	296.714699	298.589455	298.564748	
