11.37385	416.559344	416.557733	418.295946	418.294335	
11.381	416.560377	416.557733	418.29698	418.294335	
11.39081	416.562453	416.557733	418.299055	418.294335	
11.40111	416.565282	416.557733	418.301885	418.294335	
11.41108	416.568607	416.557733	418.30521	418.303062	
11.4212	416.572692	416.557733	418.309295	418.303062	
11.43135	416.577225	416.557733	418.313828	418.303062	
11.44149	416.582463	416.557733	418.319066	418.303062	
11.4516	416.588299	416.557733	418.324902	418.311788	
11.46173	416.594761	416.557733	418.331363	418.320515	
11.4807	416.609538	416.557733	418.34614	418.329242	
11.4851	416.612876	416.557733	418.349478	418.329242	
11.49522	416.621366	416.557733	418.357968	418.337968	
11.50538	416.63051	416.557733	418.367113	418.346695	
11.51545	416.640172	416.557733	418.376774	418.355422	
11.52564	416.65059	416.557733	418.387193	418.364148	
11.53585	416.661644	416.566459	418.398247	418.372875	
11.5459	416.673128	416.575186	418.40973	418.381602	
11.55605	416.685338	416.592639	418.421941	418.390328	
11.56613	416.69809	416.610092	418.434693	418.407782	
11.57751	416.713301	416.627546	418.449904	418.416508	
11.5876	416.727347	416.653726	418.463949	418.433962	
11.59781	416.742206	416.679906	418.478809	418.442688	
11.61718	416.773175	416.732265	418.509778	418.477595	
11.62154	416.780062	416.740992	418.516664	418.486321	
11.63167	416.796838	416.767172	418.53344	418.512501	
11.64181	416.814268	416.793352	418.550871	418.529955	
11.65196	416.83233	416.819532	418.568933	418.547408	
11.66207	416.85092	416.845712	418.587523	418.573588	
11.67243	416.870645	416.871892	418.607248	418.599768	
11.68255	416.890507	416.898072	418.62711	418.617221	
11.69271	416.911066	416.924252	418.647668	418.652128	
11.70283	416.932169	416.950432	418.668772	418.669581	
11.71293	416.953817	416.967885	418.690419	418.695761	
11.7231	416.976259	416.994065	418.712861	418.721941	
11.73321	416.999185	417.020245	418.735787	418.748121	
11.74338	417.022867	417.037698	418.75947	418.765574	
11.75359	417.04726	417.055151	418.783863	418.791754	
11.76362	417.071826	417.072605	418.808428	418.809207	
11.77379	417.097346	417.090058	418.833949	418.826661	
11.78401	417.123647	417.107511	418.86025	418.852841	
11.79414	417.150292	417.124965	418.886894	418.870294	
11.80424	417.177479	417.142418	418.914081	418.896474	
11.81433	417.205274	417.159871	418.941877	418.913927	
11.82452	417.233952	417.186051	418.970554	418.93138	
11.83462	417.263006	417.203504	418.999608	418.95756	
11.84477	417.292806	417.229684	419.029408	418.975014	
11.85491	417.323189	417.255864	419.059792	419.001194	
11.86502	417.354114	417.282044	419.090717	419.027373	
11.87517	417.385772	417.316951	419.122374	419.06228	
11.88549	417.4186	417.351857	419.155203	419.08846	
11.89549	417.450995	417.386764	419.187598	419.123367	
11.90563	417.484454	417.421671	419.221057	419.158273	
11.91642	417.52084	417.465304	419.257443	419.19318	
11.92585	417.553068	417.508937	419.289671	419.236813	
11.936	417.588427	417.55257	419.32503	419.280446	
11.94608	417.624142	417.596203	419.360745	419.315353	
11.95629	417.660943	417.639837	419.397546	419.367713	
11.96637	417.697911	417.692197	419.434514	419.411346	
11.97653	417.735768	417.727103	419.472371	419.454979	
11.98671	417.774322	417.770736	419.510925	419.507339	
12.00483	417.845373	417.858003	419.581976	419.585879	
12.00919	417.862397	417.86673	419.599	419.612059	
12.01961	417.90396	417.919089	419.640563	419.655692	
12.02944	417.943694	417.953996	419.680297	419.699325	
12.03956	417.985206	417.997629	419.721809	419.734232	
12.04967	418.027332	418.041262	419.763935	419.777865	
12.05978	418.07005	418.076169	419.806653	419.821498	
12.06992	418.113525	418.111076	419.850128	419.856405	
12.08097	418.161687	418.154709	419.89829	419.900038	
12.09018	418.202243	418.189615	419.938846	419.934945	
12.10105	418.250925	418.233249	419.987528	419.969851	
12.11059	418.294108	418.268155	420.03071	420.004758	
12.12062	418.34016	418.311788	420.076762	420.039664	
12.13107	418.388813	418.355422	420.125416	420.083298	
12.14082	418.434734	418.399055	420.171337	420.118204	
12.15099	418.483272	418.442688	420.219875	420.153111	
12.1611	418.532145	418.495048	420.268747	420.196744	
12.17119	418.581531	418.529955	420.318133	420.240377	
12.18229	418.636704	418.582315	420.373307	420.292737	
12.19207	418.685759	418.634674	420.422362	420.345097	
12.20216	418.737026	418.678308	420.473628	420.397457	
12.21228	418.789045	418.730667	420.525647	420.449817	
12.22238	418.841577	418.791754	420.57818	420.502177	
12.23274	418.896104	418.844114	420.632706	420.563263	
12.24271	418.949161	418.9052	420.685764	420.62435	
12.25282	419.00363	418.95756	420.740233	420.685436	
12.26297	419.058874	419.018647	420.795476	420.746523	
12.27307	419.1145	419.079733	420.851102	420.807609	
12.28358	419.173042	419.14082	420.909645	420.868696	
12.29342	419.228603	419.210633	420.965205	420.929782	
12.3036	419.286337	419.27172	421.022939	420.990869	
12.31369	419.344356	419.332806	421.080959	421.060682	
12.32379	419.402986	419.402619	421.139589	421.113042	
12.33396	419.462758	419.463706	421.19936	421.182855	
12.34414	419.523163	419.524792	421.259766	421.235215	
12.35423	419.583589	419.585879	421.320191	421.305028	
12.36435	419.644845	419.655692	421.381448	421.357388	
12.37449	419.706834	419.716779	421.443436	421.418475	
12.38484	419.770806	419.777865	421.507408	421.479561	
12.39478	419.832776	419.838952	421.569378	421.540648	
12.40494	419.896788	419.891311	421.633391	421.593007	
12.41506	419.961098	419.961125	421.6977	421.654094	
12.42519	420.026152	420.013484	421.762754	421.723907	
12.43536	420.092045	420.074571	421.828648	421.784994	
12.44551	420.1584	420.135658	421.895003	421.84608	
12.45562	420.225145	420.196744	421.961748	421.907167	
12.46575	420.292611	420.257831	422.029214	421.968253	
12.47584	420.360441	420.318917	422.097044	422.038066	
12.49503	420.492249	420.380004	422.228851	422.168966	
12.49942	420.522272	420.475997	422.258875	422.195146	
12.50952	420.592218	420.537083	422.32882	422.264959	
12.51971	420.663391	420.615623	422.399993	422.334772	
12.5298	420.734509	420.694163	422.471111	422.413312	
12.5399	420.806245	420.763976	422.542848	422.483125	
12.55002	420.878789	420.842516	422.615391	422.561665	
12.5602	420.952386	420.921056	422.688989	422.631478	
12.57028	421.02589	420.999596	422.762492	422.710018	
12.59245	421.191296	421.078135	422.927899	422.884551	
12.59682	421.223741	421.200308	422.960343	422.919458	
12.60847	421.311368	421.287575	423.047971	422.997998	
12.61728	421.377983	421.366115	423.114585	423.085264	
12.62736	421.454901	421.453381	423.191503	423.155077	
12.63744	421.532468	421.531921	423.26907	423.242344	
12.6476	421.611272	421.610461	423.347875	423.320883	
12.65771	421.690246	421.697727	423.426848	423.399423	
12.66787	421.770589	421.776267	423.507191	423.477963	
12.67801	421.85069	421.84608	423.587292	423.556503	
12.68836	421.934104	421.92462	423.670707	423.643769	
12.6985	422.01522	422.00316	423.751822	423.722309	
12.70843	422.095786	422.072973	423.832388	423.800849	
12.71863	422.179283	422.151513	423.915886	423.879389	
12.7287	422.262222	422.230053	423.998825	423.957929	
12.74004	422.356491	422.317319	424.093094	424.045195	
12.75007	422.440427	422.395859	424.17703	424.115008	
12.7604	422.527524	422.474399	424.264126	424.202275	
12.7783	422.68069	422.552939	424.417293	424.341901	
12.78265	422.717926	422.657658	424.454529	424.376808	
12.79386	422.814722	422.744925	424.551324	424.455347	
12.80326	422.896343	422.840918	424.632945	424.542614	
12.81336	422.984888	422.928184	424.721491	424.62988	
12.82354	423.074315	423.024177	424.810918	424.717147	
12.8336	423.163582	423.120171	424.900184	424.804413	
12.84378	423.254493	423.207437	424.991096	424.900406	
12.85391	423.345536	423.312157	425.082138	424.9964	
12.86412	423.437953	423.40815	425.174555	425.101119	
12.87421	423.52989	423.504143	425.266493	425.197112	
12.8843	423.622494	423.600136	425.359097	425.301832	
12.89515	423.722792	423.696129	425.459395	425.406552	
12.90459	423.810453	423.792122	425.547056	425.502545	
12.91475	423.905521	423.888115	425.642124	425.598538	
12.92489	424.000989	423.984109	425.737592	425.703258	
12.93498	424.096663	424.080102	425.833266	425.807978	
12.94511	424.193266	424.167368	425.929869	425.912697	
12.9553	424.291095	424.272088	426.027698	426.00869	
12.96545	424.389089	424.359354	426.125691	426.104684	
12.97557	424.487455	424.464074	426.224057	426.209403	
12.98566	424.586188	424.551341	426.322791	426.29667	
12.99644	424.692381	424.65606	426.428983	426.40139	
13.00599	424.786942	424.752053	426.523545	426.488656	
13.01619	424.888524	424.848047	426.625127	426.584649	
13.02627	424.989637	424.952766	426.726239	426.680642	
13.03634	425.091187	425.057486	426.827789	426.776635	
13.04656	425.194881	425.153479	426.931483	426.872628	
13.05667	425.298058	425.249472	427.034661	426.968622	
13.0668	425.402149	425.354192	427.138751	427.064615	
13.07693	425.506741	425.458912	427.243344	427.169334	
13.08704	425.611719	425.554905	427.348321	427.274054	
13.09771	425.723425	425.659625	427.460028	427.370047	
13.10756	425.826938	425.764344	427.563541	427.483494	
13.11767	425.933805	425.869064	427.670407	427.588213	
13.12786	426.042099	425.982511	427.778702	427.692933	
13.1381	426.153444	426.08723	427.890046	427.797653	
13.14804	426.258571	426.200677	427.995174	427.911099	
13.15821	426.368568	426.314123	428.105171	428.024546	
13.16837	426.479076	426.427569	428.215679	428.137992	
13.17846	426.589519	426.541016	428.326122	428.251439	
13.18855	426.698648	426.663189	428.43525	428.364885	
13.19911	426.812244	426.776635	428.548847	428.487058	
13.20912	426.919281	426.898808	428.655883	428.600504	
13.2192	427.0265	427.012255	428.763103	428.722677	
13.22934	427.133679	427.125701	428.870282	428.844851	
13.23966	427.242194	427.239148	428.978796	428.94957	
13.24963	427.346364	427.352594	429.082966	429.071743	
13.25974	427.451425	427.46604	429.188028	429.193916	
13.26986	427.55604	427.579487	429.292643	429.298636	
13.28005	427.660686	427.684207	429.397288	429.412083	
13.29011	427.763437	427.788926	429.50004	429.516802	
13.3093	427.956733	427.893646	429.693335	429.717515	
13.31405	428.004555	428.033272	429.741158	429.761148	
13.32391	428.103233	428.137992	429.839836	429.857141	
13.33408	428.204447	428.233985	429.94105	429.953135	
13.34421	428.304604	428.338705	430.041207	430.049128	
13.35434	428.404217	428.434698	430.14082	430.136394	
13.3645	428.503393	428.530691	430.239995	430.223661	
13.37469	428.60231	428.617958	430.338912	430.310927	
13.38477	428.699547	428.713951	430.436149	430.40692	
13.39484	428.79616	428.801217	430.532762	430.494187	
13.4051	428.893942	428.888484	430.630544	430.581453	
13.4152	428.989521	428.967024	430.726123	430.66872	
13.42539	429.08534	429.05429	430.821943	430.764713	
13.43549	429.179671	429.141556	430.916274	430.851979	
13.44559	429.273451	429.228823	431.010053	430.939246	
13.45575	429.367226	429.316089	431.103828	431.035239	
13.46586	429.459877	429.412083	431.196479	431.131232	
13.47596	429.551757	429.499349	431.28836	431.227225	
13.48613	429.643828	429.595342	431.38043	431.323218	
13.49625	429.734712	429.691335	431.471315	431.427938	
13.50646	429.825764	429.787328	431.562367	431.523931	
13.51657	429.915355	429.883321	431.651957	431.619924	
13.52677	430.00513	429.979315	431.741732	431.715917	
13.53686	430.093351	430.084034	431.829954	431.81191	
13.54695	430.180923	430.171301	431.917526	431.899177	
13.55712	430.268658	430.267294	432.00526	431.99517	
13.56727	430.35553	430.363287	432.092133	432.091163	
13.57747	430.442169	430.450553	432.178771	432.187156	
13.58752	430.527029	430.546547	432.263631	432.274422	
13.59764	430.61181	430.64254	432.348412	432.361689	
13.60866	430.704547	430.721079	432.44115	432.457682	
13.61836	430.783507	430.808346	432.520109	432.544949	
13.62885	430.869519	430.886886	432.606122	432.632215	
13.63864	430.949134	430.974152	432.685736	432.710755	
13.6487	431.030432	431.052692	432.767035	432.789295	
13.65887	431.111897	431.131232	432.8485	432.876561	
13.66897	431.192284	431.201045	432.928887	432.946374	
13.67912	431.272423	431.279585	433.009026	433.024914	
13.68927	431.351943	431.358125	433.088545	433.094727	
13.69953	431.431703	431.427938	433.168306	433.16454	
13.70955	431.509016	431.497751	433.245619	433.234354	
13.71966	431.586436	431.567564	433.323038	433.304167	
13.72977	431.663203	431.637377	433.399806	433.37398	
13.73989	431.739438	431.715917	433.476041	433.443793	
13.75002	431.815147	431.794457	433.551749	433.50488	
13.76024	431.890949	431.86427	433.627552	433.574693	
13.77037	431.965412	431.934083	433.702014	433.653233	
13.78054	432.039561	432.003896	433.776164	433.723046	
13.79062	432.112454	432.082436	433.849057	433.801586	
13.80105	432.187294	432.160976	433.923896	433.871399	
13.81089	432.257317	432.239516	433.993919	433.949939	
13.82104	432.32891	432.318056	434.065513	434.028478	
13.83115	432.399554	432.387869	434.136157	434.098292	
13.84125	432.469565	432.457682	434.206168	434.185558	
13.85143	432.539596	432.536222	434.276199	434.255371	
13.86156	432.608561	432.614762	434.345164	434.333911	
13.87167	432.676818	432.684575	434.413421	434.412451	
13.88187	432.745137	432.763115	434.48174	434.482264	
13.89193	432.811805	432.832928	434.548407	434.560804	
13.9024	432.880647	432.911468	434.61725	434.639344	
13.9125	432.946407	432.972554	434.683009	434.709157	
13.92264	433.011785	433.042367	434.748387	434.77897	
13.93271	433.076183	433.112181	434.812785	434.840056	
13.94288	433.140529	433.173267	434.877132	434.901143	
13.95297	433.203837	433.234354	434.94044	434.96223	
13.96313	433.266928	433.29544	435.00353	435.023316	
13.97327	433.32925	433.3478	435.065853	435.075676	
13.98344	433.391223	433.40016	435.127826	435.128036	
13.9936	433.452525	433.461246	435.189127	435.189122	
14.00373	433.512991	433.522333	435.249594	435.241482	
14.01395	433.573405	433.574693	435.310007	435.293842	
14.02417	433.633166	433.627053	435.369768	435.346202	
14.03421	433.69129	433.679413	435.427892	435.407288	
14.04432	433.749253	433.731772	435.485855	435.459648	
14.05449	433.806941	433.784132	435.543543	435.512008	
14.06462	433.863774	433.836492	435.600377	435.564368	
14.07474	433.919926	433.888852	435.656528	435.616728	
14.08488	433.975608	433.949939	435.712211	435.677815	
14.095	434.030588	434.002298	435.76719	435.730174	
14.10517	434.085237	434.063385	435.82184	435.791261	
14.1154	434.139563	434.115745	435.876166	435.852347	
14.12549	434.19271	434.176831	435.929312	435.913434	
14.13561	434.245079	434.237918	435.981681	435.965794	
14.14572	434.296994	434.290278	436.033597	436.02688	
14.15583	434.348302	434.351364	436.084905	436.087967	
14.166	434.399248	434.412451	436.135851	436.140327	
14.17621	434.4498	434.464811	436.186403	436.201413	
14.18625	434.498946	434.517171	436.235548	436.253773	
14.19639	434.547963	434.56953	436.284565	436.306133	
14.20649	434.596202	434.62189	436.332804	436.349766	
14.21702	434.645814	434.665524	436.382416	436.402126	
14.22684	434.691538	434.717883	436.428141	436.454486	
14.23696	434.738035	434.761517	436.474638	436.489393	
14.2471	434.784015	434.80515	436.520618	436.533026	
14.25725	434.829444	434.848783	436.566046	436.576659	
14.2674	434.874276	434.892416	436.610879	436.620292	
14.27755	434.918512	434.927323	436.655115	436.655199	
14.28771	434.962185	434.970956	436.698788	436.698832	
14.29783	435.005066	435.005863	436.741668	436.733739	
14.30824	435.04894	435.040769	436.785542	436.768645	
14.31818	435.089464	435.084403	436.826067	436.803552	
14.32837	435.130827	435.119309	436.86743	436.838458	
14.33842	435.171043	435.154216	436.907646	436.873365	
14.34854	435.210929	435.197849	436.947532	436.916998	
14.35871	435.250402	435.232756	436.987004	436.960632	
14.36884	435.289097	435.276389	437.0257	436.995538	
14.37893	435.327084	435.311295	437.063686	437.039171	
14.3891	435.364731	435.354929	437.101334	437.074078	
14.39916	435.401423	435.389835	437.138026	437.117711	
14.4096	435.438817	435.424742	437.17542	437.152618	
14.4195	435.473748	435.468375	437.210351	437.196251	
14.42962	435.508817	435.512008	437.24542	437.239884	
14.44012	435.544593	435.546915	437.281196	437.274791	
14.44989	435.577315	435.590548	437.313918	437.318424	
14.46004	435.610722	435.634181	437.347325	437.353331	
14.47015	435.643379	435.669088	437.379981	437.396964	
14.4803	435.675581	435.703994	437.412183	437.43187	
14.49825	435.730233	435.738901	437.466835	437.492957	
14.50254	435.743358	435.782534	437.47996	437.501684	
14.51331	435.775488	435.817441	437.51209	437.53659	
14.52299	435.803775	435.843621	437.540377	437.56277	
14.53314	435.832865	435.878527	437.569467	437.58895	
14.54319	435.861087	435.913434	437.59769	437.623857	
14.55327	435.888804	435.939614	437.625406	437.64131	
14.56344	435.916179	435.965794	437.652782	437.66749	
14.57354	435.942843	435.983247	437.679445	437.69367	
14.59364	435.992791	436.009427	437.729393	437.737303	
14.59798	436.003674	436.018154	437.740277	437.74603	
14.60839	436.029005	436.035607	437.765608	437.77221	
14.61868	436.053411	436.05306	437.790014	437.789663	
14.62881	436.076865	436.061787	437.813468	437.807116	
14.63893	436.099717	436.07924	437.83632	437.82457	
14.64904	436.121979	436.096694	437.858582	437.842023	
14.65962	436.144601	436.114147	437.881204	437.859476	
14.66929	436.164759	436.1316	437.901361	437.876929	
14.67942	436.185296	436.149053	437.921899	437.885656	
14.68962	436.205395	436.175233	437.941997	437.903109	
14.6998	436.22486	436.192687	437.961462	437.920563	
14.70982	436.243444	436.218867	437.980046	437.938016	
14.72003	436.261792	436.23632	437.998395	437.955469	
14.7301	436.279327	436.2625	438.01593	437.981649	
14.74024	436.296409	436.28868	438.033012	437.999102	
14.75039	436.312924	436.31486	438.049526	438.025282	
14.76096	436.329483	436.332313	438.066085	438.042736	
14.77063	436.34414	436.358493	438.080742	438.060189	
14.78077	436.358911	436.384673	438.095513	438.095096	
14.79904	436.383282	436.419579	438.119885	438.130002	
14.80334	436.389087	436.419579	438.12569	438.138729	
14.81352	436.402078	436.437033	438.138681	438.164909	
14.82376	436.414591	436.445759	438.151194	438.182362	
14.83385	436.426352	436.454486	438.162955	438.199815	
14.84397	436.437603	436.463213	438.174205	438.217269	
14.85408	436.448291	436.471939	438.184893	438.225995	
14.86433	436.458571	436.471939	438.195174	438.234722	
14.8744	436.468115	436.471939	438.204718	438.234722	
14.88453	436.477179	436.471939	438.213781	438.234722	
14.89462	436.485674	436.480666	438.222276	438.234722	
14.90474	436.493661	436.480666	438.230264	438.234722	
14.9149	436.501148	436.480666	438.237751	438.234722	
14.92507	436.508104	436.480666	438.244707	438.234722	
14.9352	436.514522	436.480666	438.251124	438.234722	
14.94526	436.520389	436.471939	438.256992	438.234722	
14.95538	436.525784	436.471939	438.262386	438.234722	
14.96553	436.530697	436.471939	438.267299	438.234722	
14.9757	436.535127	436.480666	438.27173	438.234722	
14.98582	436.539065	436.480666	438.275667	438.234722	
14.99595	436.542544	436.489393	438.279147	438.234722	
15.00609	436.545577	436.489393	438.28218	438.234722	
15.01624	436.548185	436.506846	438.284788	438.234722	
15.02643	436.550392	436.515573	438.286994	438.243449	
15.03654	436.5522	436.524299	438.288802	438.243449	
15.04666	436.557733	436.541753	438.294335	438.252175	
15.05679	436.557733	436.541753	438.294335	438.252175	
15.06725	436.557733	436.559206	438.294335	438.260902	
15.07706	436.557733	436.567932	438.294335	438.269628	
15.0872	436.557733	436.567932	438.294335	438.269628	
15.09731	436.557733	436.567932	438.294335	438.269628	
15.10755	436.557733	436.576659	438.294335	438.278355	
15.11756	436.557733	436.576659	438.294335	438.287082	
15.12801	436.557733	436.576659	438.294335	438.287082	
15.13837	436.557733	436.576659	438.294335	438.295808	
15.1482	436.557733	436.576659	438.294335	438.295808	
15.15838	436.557733	436.576659	438.294335	438.295808	
15.16871	436.557733	436.576659	438.294335	438.295808	
15.17865	436.557733	436.576659	438.294335	438.287082	
15.18875	436.557733	436.576659	438.294335	438.287082	
15.19891	436.557733	436.576659	438.294335	438.287082	
15.20905	436.557733	436.576659	438.294335	438.287082	
15.21951	436.557733	436.576659	438.294335	438.287082	
15.22926	436.557733	436.576659	438.294335	438.287082	
15.23937	436.557733	436.576659	438.294335	438.287082	
15.24952	436.557733	436.576659	438.294335	438.287082	
15.25962	436.557733	436.576659	438.294335	438.287082	
15.26978	436.557733	436.576659	438.294335	438.287082	
15.27992	436.557733	436.576659	438.294335	438.287082	
15.29002	436.557733	436.576659	438.294335	438.287082	
15.30015	436.557733	436.576659	438.294335	438.287082	
15.31026	436.557733	436.576659	438.294335	438.287082	
15.32869	436.557733	436.576659	438.294335	438.287082	
15.33301	436.557733	436.576659	438.294335	438.287082	
15.34316	436.557733	436.576659	438.294335	438.287082	
15.3533	436.557733	436.576659	438.294335	438.287082	
15.3634	436.557733	436.576659	438.294335	438.287082	
15.37357	436.557733	436.576659	438.294335	438.287082	
15.38371	436.557733	436.576659	438.294335	438.287082	
15.39382	436.557733	436.576659	438.294335	438.287082	
15.40399	436.557733	436.576659	438.294335	438.287082	
15.41412	436.557733	436.576659	438.294335	438.287082	
15.42433	436.557733	436.576659	438.294335	438.287082	
15.43438	436.557733	436.576659	438.294335	438.287082	
15.44453	436.557733	436.576659	438.294335	438.287082	
15.45467	436.557733	436.576659	438.294335	438.287082	
15.46482	436.557733	436.576659	438.294335	438.287082	
15.4749	436.557733	436.576659	438.294335	438.287082	
15.48511	436.557733	436.576659	438.294335	438.287082	
15.49523	436.557733	436.576659	438.294335	438.287082	
15.50536	436.557733	436.576659	438.294335	438.287082	
15.51544	436.557733	436.576659	438.294335	438.287082	
15.52562	436.557733	436.576659	438.294335	438.287082	
15.53576	436.557733	436.576659	438.294335	438.287082	
15.54587	436.557733	436.576659	438.294335	438.287082	
15.55601	436.557733	436.576659	438.294335	438.287082	
15.56614	436.557733	436.576659	438.294335	438.287082	
15.57634	436.557733	436.576659	438.294335	438.287082	
15.58645	436.557733	436.576659	438.294335	438.287082	
15.59655	436.557733	436.576659	438.294335	438.287082	
15.60686	436.557733	436.576659	438.294335	438.287082	
15.62607	436.557733	436.576659	438.294335	438.287082	
15.63868	436.557733	436.576659	438.294335	438.287082	
15.64296	436.557733	436.576659	438.294335	438.287082	
15.65313	436.557733	436.576659	438.294335	438.287082	
15.66329	436.557733	436.576659	438.294335	438.287082	
15.67337	436.557733	436.576659	438.294335	438.287082	
15.68358	436.557733	436.576659	438.294335	438.287082	
15.69371	436.557733	436.576659	438.294335	438.287082	
15.70383	436.557733	436.576659	438.294335	438.287082	
15.71394	436.557733	436.576659	438.294335	438.287082	
15.72405	436.557733	436.576659	438.294335	438.287082	
15.73424	436.557733	436.576659	438.294335	438.287082	
15.74441	436.557733	436.576659	438.294335	438.287082	
15.75503	436.557733	436.576659	438.294335	438.287082	
15.76499	436.557733	436.576659	438.294335	438.287082	
15.77481	436.557733	436.576659	438.294335	438.287082	
15.78496	436.557733	436.576659	438.294335	438.287082	
15.79505	436.557733	436.576659	438.294335	438.287082	
15.80518	436.557733	436.576659	438.294335	438.287082	
15.81534	436.557733	436.576659	438.294335	438.287082	
15.82545	436.557733	436.576659	438.294335	438.287082	
15.83561	436.557733	436.576659	438.294335	438.287082	
15.84576	436.557733	436.576659	438.294335	438.287082	
15.85589	436.557733	436.576659	438.294335	438.287082	
15.86601	436.557733	436.576659	438.294335	438.287082	
15.8761	436.557733	436.576659	438.294335	438.287082	
15.88642	436.557733	436.576659	438.294335	438.287082	
15.89643	436.557733	436.576659	438.294335	438.287082	
15.90654	436.557733	436.576659	438.294335	438.287082	
15.91667	436.557733	436.576659	438.294335	438.287082	
15.92687	436.557733	436.576659	438.294335	438.287082	
15.93694	436.557733	436.576659	438.294335	438.287082	
15.94704	436.557733	436.576659	438.294335	438.287082	
15.95717	436.557733	436.576659	438.294335	438.287082	
15.96734	436.557733	436.576659	438.294335	438.287082	
15.97743	436.557733	436.576659	438.294335	438.287082	
15.98775	436.557733	436.576659	438.294335	438.287082	
15.99778	436.557733	436.576659	438.294335	438.287082	
16.00793	436.557733	436.576659	438.294335	438.287082	
16.01803	436.557733	436.576659	438.294335	438.287082	
16.02818	436.557733	436.576659	438.294335	438.287082	
16.03831	436.557733	436.576659	438.294335	438.287082	
16.0485	436.557733	436.576659	438.294335	438.287082	
16.05857	436.557733	436.576659	438.294335	438.287082	
16.0687	436.557733	436.576659	438.294335	438.287082	
16.0789	436.557733	436.576659	438.294335	438.287082	
16.0891	436.557733	436.576659	438.294335	438.287082	
16.09917	436.557733	436.576659	438.294335	438.287082	
16.10932	436.557733	436.576659	438.294335	438.287082	
16.11943	436.557733	436.576659	438.294335	438.287082	
16.12955	436.557733	436.576659	438.294335	438.287082	
16.13965	436.557733	436.576659	438.294335	438.287082	
16.14989	436.557733	436.576659	438.294335	438.287082	
16.15993	436.557733	436.576659	438.294335	438.287082	
16.17005	436.557733	436.576659	438.294335	438.287082	
16.18017	436.557733	436.576659	438.294335	438.287082	
16.19036	436.557733	436.576659	438.294335	438.287082	
16.20054	436.557733	436.576659	438.294335	438.287082	
16.21059	436.557733	436.576659	438.294335	438.287082	
16.22073	436.557733	436.576659	438.294335	438.287082	
16.23085	436.557733	436.576659	438.294335	438.287082	
16.24113	436.557733	436.576659	438.294335	438.287082	
16.2511	436.557733	436.576659	438.294335	438.287082	
16.26123	436.557733	436.576659	438.294335	438.287082	
16.27135	436.557733	436.576659	438.294335	438.287082	
16.28144	436.557733	436.576659	438.294335	438.287082	
16.29163	436.557733	436.576659	438.294335	438.287082	
16.30175	436.557733	436.576659	438.294335	438.287082	
16.3197	436.557733	436.576659	438.294335	438.287082	
16.3242	436.557733	436.576659	438.294335	438.287082	
16.33417	436.557733	436.576659	438.294335	438.287082	
16.34437	436.557733	436.576659	438.294335	438.287082	
16.35443	436.557733	436.576659	438.294335	438.287082	
16.36457	436.557733	436.576659	438.294335	438.287082	
16.37472	436.557733	436.576659	438.294335	438.287082	
16.38487	436.557733	436.576659	438.294335	438.287082	
16.39512	436.557733	436.576659	438.294335	438.287082	
16.40531	436.557733	436.576659	438.294335	438.287082	
16.41544	436.557733	436.576659	438.294335	438.287082	
16.42558	436.557733	436.576659	438.294335	438.287082	
16.43566	436.557733	436.576659	438.294335	438.287082	
16.44584	436.557733	436.576659	438.294335	438.287082	
16.45596	436.557733	436.576659	438.294335	438.287082	
16.4661	436.557733	436.576659	438.294335	438.287082	
16.47619	436.557733	436.576659	438.294335	438.287082	
16.48631	436.557733	436.576659	438.294335	438.287082	
16.49652	436.557733	436.576659	438.294335	438.287082	
16.5066	436.557733	436.576659	438.294335	438.287082	
16.51669	436.557733	436.576659	438.294335	438.287082	
16.52702	436.557733	436.576659	438.294335	438.287082	
16.53712	436.557733	436.576659	438.294335	438.287082	
16.54724	436.557733	436.576659	438.294335	438.287082	
16.55737	436.557733	436.576659	438.294335	438.287082	
16.56752	436.557733	436.576659	438.294335	438.287082	
16.57765	436.557733	436.576659	438.294335	438.287082	
16.59744	436.557733	436.576659	438.294335	438.287082	
16.60982	436.557733	436.576659	438.294335	438.287082	
16.61415	436.557733	436.576659	438.294335	438.287082	
16.62441	436.557733	436.576659	438.294335	438.287082	
16.63446	436.557733	436.576659	438.294335	438.287082	
16.64455	436.557733	436.576659	438.294335	438.287082	
16.65473	436.557733	436.576659	438.294335	438.287082	
16.66487	436.557733	436.576659	438.294335	438.287082	
16.675	436.557733	436.576659	438.294335	438.287082	
16.68509	436.557733	436.576659	438.294335	438.287082	
16.69524	436.557733	436.576659	438.294335	438.287082	
16.70569	436.557733	436.576659	438.294335	438.287082	
16.71551	436.557733	436.576659	438.294335	438.287082	
16.72564	436.557733	436.576659	438.294335	438.287082	
16.73579	436.557733	436.576659	438.294335	438.287082	
16.74589	436.557733	436.576659	438.294335	438.287082	
16.75656	436.557733	436.576659	438.294335	438.287082	
16.76696	436.557733	436.576659	438.294335	438.287082	
16.77675	436.557733	436.576659	438.294335	438.287082	
16.78683	436.557733	436.576659	438.294335	438.287082	
16.79693	436.557733	436.576659	438.294335	438.287082	
16.80716	436.557733	436.576659	438.294335	438.287082	
16.81726	436.557733	436.576659	438.294335	438.287082	
16.82737	436.557733	436.576659	438.294335	438.287082	
16.83752	436.557733	436.576659	438.294335	438.287082	
16.84765	436.557733	436.576659	438.294335	438.287082	
16.85803	436.557733	436.576659	438.294335	438.287082	
16.86816	436.557733	436.576659	438.294335	438.287082	
16.87826	436.557733	436.576659	438.294335	438.287082	
16.88847	436.557733	436.576659	438.294335	438.287082	
16.89848	436.557733	436.576659	438.294335	438.287082	
16.90867	436.557733	436.576659	438.294335	438.287082	
16.91879	436.557733	436.576659	438.294335	438.287082	
16.92914	436.557733	436.576659	438.294335	438.287082	
16.9393	436.557733	436.576659	438.294335	438.287082	
16.94934	436.557733	436.576659	438.294335	438.287082	
16.95981	436.557733	436.576659	438.294335	438.287082	
16.96962	436.557733	436.576659	438.294335	438.287082	
16.97974	436.557733	436.576659	438.294335	438.287082	
16.98988	436.557733	436.576659	438.294335	438.287082	
17.00001	436.557733	436.576659	438.294335	438.287082	
17.01013	436.557733	436.576659	438.294335	438.287082	
17.0203	436.557733	436.576659	438.294335	438.287082	
17.03822	436.557733	436.576659	438.294335	438.287082	
17.04255	436.557733	436.576659	438.294335	438.287082	
17.05264	436.557733	436.576659	438.294335	438.287082	
17.06283	436.557733	436.576659	438.294335	438.287082	
17.07296	436.557733	436.576659	438.294335	438.287082	
17.08309	436.557733	436.576659	438.294335	438.287082	
17.09322	436.557733	436.576659	438.294335	438.287082	
17.10333	436.557733	436.576659	438.294335	438.287082	
17.11367	436.557733	436.576659	438.294335	438.287082	
17.12386	436.557733	436.576659	438.294335	438.287082	
17.13401	436.557733	436.576659	438.294335	438.287082	
17.1441	436.557733	436.576659	438.294335	438.287082	
17.1542	436.557733	436.576659	438.294335	438.287082	
17.16437	436.557733	436.576659	438.294335	438.287082	
17.17452	436.557733	436.576659	438.294335	438.287082	
17.18468	436.557733	436.576659	438.294335	438.287082	
17.19496	436.557733	436.576659	438.294335	438.287082	
17.20502	436.557733	436.576659	438.294335	438.287082	
17.21523	436.557733	436.576659	438.294335	438.287082	
17.22538	436.557733	436.576659	438.294335	438.287082	
17.23549	436.557733	436.576659	438.294335	438.287082	
17.24562	436.557733	436.576659	438.294335	438.287082	
17.25572	436.557733	436.576659	438.294335	438.287082	
17.26598	436.557733	436.576659	438.294335	438.287082	
17.27605	436.557733	436.576659	438.294335	438.287082	
17.2862	436.557733	436.576659	438.294335	438.287082	
17.29636	436.557733	436.576659	438.294335	438.287082	
17.30645	436.557733	436.576659	438.294335	438.287082	
17.31661	436.557733	436.576659	438.294335	438.287082	
17.32678	436.557733	436.576659	438.294335	438.287082	
17.33691	436.557733	436.576659	438.294335	438.287082	
17.34703	436.557733	436.576659	438.294335	438.287082	
17.35716	436.557733	436.576659	438.294335	438.287082	
17.36726	436.557733	436.576659	438.294335	438.287082	
17.37744	436.557733	436.576659	438.294335	438.287082	
17.38755	436.557733	436.576659	438.294335	438.287082	
17.39764	436.557733	436.576659	438.294335	438.287082	
17.40783	436.557733	436.576659	438.294335	438.287082	
17.41822	436.557733	436.576659	438.294335	438.287082	
17.4281	436.557733	436.576659	438.294335	438.287082	
17.4382	436.557733	436.576659	438.294335	438.287082	
17.44839	436.557733	436.576659	438.294335	438.287082	
17.45847	436.557733	436.576659	438.294335	438.287082	
17.4686	436.557733	436.576659	438.294335	438.287082	
17.47867	436.557733	436.576659	438.294335	438.287082	
17.48885	436.557733	436.576659	438.294335	438.287082	
17.49897	436.557733	436.576659	438.294335	438.287082	
17.5091	436.557733	436.576659	438.294335	438.287082	
17.51928	436.557733	436.576659	438.294335	438.287082	
17.52936	436.557733	436.576659	438.294335	438.287082	
17.53947	436.557733	436.576659	438.294335	438.287082	
17.54959	436.557733	436.576659	438.294335	438.287082	
17.55976	436.557733	436.576659	438.294335	438.287082	
17.57806	436.557733	436.576659	438.294335	438.287082	
17.5824	436.557733	436.576659	438.294335	438.287082	
17.5926	436.557733	436.576659	438.294335	438.287082	
17.60267	436.557733	436.576659	438.294335	438.287082	
17.61282	436.557733	436.576659	438.294335	438.287082	
17.63155	436.557733	436.576659	438.294335	438.287082	
