16.16879	376.634906	376.633326	378.397688	378.396108	
16.17626	376.636	376.633326	378.398782	378.396108	
16.18596	376.638051	376.633326	378.400834	378.404835	
16.19607	376.640813	376.633326	378.403595	378.404835	
16.20622	376.644208	376.633326	378.40699	378.404835	
16.21635	376.64821	376.633326	378.410993	378.404835	
16.22645	376.652816	376.633326	378.415599	378.404835	
16.23664	376.658087	376.633326	378.42087	378.404835	
16.24674	376.663917	376.633326	378.426699	378.404835	
16.25688	376.670385	376.633326	378.433167	378.404835	
16.26704	376.677491	376.633326	378.440274	378.404835	
16.29058	376.698239	376.633326	378.461022	378.422288	
16.29506	376.702041	376.633326	378.464823	378.431015	
16.30511	376.711359	376.642053	378.474141	378.439742	
16.31518	376.721307	376.642053	378.48409	378.439742	
16.32532	376.731952	376.659506	378.494735	378.448468	
16.33552	376.74328	376.668233	378.506062	378.457195	
16.3456	376.755076	376.685686	378.517859	378.474648	
16.35575	376.767567	376.703139	378.530349	378.483375	
16.36594	376.780748	376.729319	378.54353	378.500828	
16.3763	376.794809	376.746772	378.557591	378.509555	
16.38618	376.808748	376.772952	378.571531	378.527008	
16.39628	376.823646	376.799132	378.586429	378.544461	
16.40639	376.839175	376.825312	378.601958	378.561915	
16.41656	376.855404	376.851492	378.618186	378.579368	
16.42668	376.872173	376.877672	378.634956	378.605548	
16.43681	376.889592	376.903852	378.652374	378.631728	
16.45485	376.922953	376.921305	378.685735	378.675361	
16.45918	376.930888	376.947485	378.69367	378.684088	
16.46931	376.950275	376.973665	378.713058	378.710268	
16.47964	376.970697	376.991118	378.733479	378.736448	
16.48963	376.990997	377.008572	378.75378	378.762628	
16.49975	377.012217	377.026025	378.775	378.788808	
16.50994	377.034196	377.052205	378.796978	378.814987	
16.52	377.056502	377.069658	378.819285	378.841167	
16.53017	377.079674	377.087112	378.842457	378.867347	
16.54032	377.103394	377.104565	378.866176	378.893527	
16.55044	377.127693	377.122018	378.890476	378.910981	
16.56061	377.15272	377.130745	378.915502	378.928434	
16.5707	377.178161	377.148198	378.940944	378.945887	
16.58091	377.204544	377.165651	378.967327	378.96334	
16.5911	377.231472	377.191831	378.994255	378.980794	
16.60116	377.258664	377.209285	379.021447	378.998247	
16.61128	377.286626	377.235465	379.049408	379.0157	
16.6214	377.315228	377.261644	379.07801	379.033154	
16.63151	377.344411	377.287824	379.107194	379.050607	
16.6417	377.374458	377.322731	379.137241	379.06806	
16.65178	377.404775	377.348911	379.167557	379.102967	
16.66196	377.436004	377.383818	379.198787	379.129147	
16.67206	377.46761	377.418724	379.230393	379.164053	
16.68226	377.500186	377.453631	379.262969	379.19896	
16.69238	377.533077	377.488537	379.295859	379.242593	
16.70261	377.566969	377.523444	379.329752	379.2775	
16.71264	377.600779	377.55835	379.363562	379.321133	
16.7228	377.635696	377.593257	379.398479	379.364766	
16.73303	377.671431	377.63689	379.434214	379.417126	
16.74337	377.708242	377.680523	379.471024	379.460759	
16.75328	377.744059	377.724157	379.506842	379.504393	
16.76338	377.781188	377.76779	379.543971	379.548026	
16.77533	377.827225	377.811423	379.590008	379.591659	
16.78403	377.859139	377.84633	379.621922	379.644019	
16.79382	377.896887	377.889963	379.65967	379.678925	
16.80391	377.93646	377.933596	379.699243	379.731285	
16.81403	377.976718	377.968503	379.7395	379.766192	
16.82422	378.017944	378.003409	379.780727	379.801099	
16.83433	378.059409	378.047043	379.822191	379.844732	
16.84473	378.102768	378.090676	379.86555	379.879638	
16.85461	378.144471	378.125582	379.907253	379.914545	
16.86491	378.18896	378.169216	379.951742	379.949452	
16.87481	378.231641	378.204122	379.994423	379.984358	
16.88503	378.276717	378.247755	380.0395	380.019265	
16.89521	378.322188	378.282662	380.084971	380.062898	
16.90525	378.36762	378.317569	380.130402	380.097804	
16.91536	378.414049	378.361202	380.176831	380.132711	
16.92776	378.471962	378.404835	380.234745	380.185071	
16.93754	378.518122	378.457195	380.280904	380.219978	
16.94767	378.566579	378.500828	380.329362	380.272337	
16.95785	378.615894	378.553188	380.378677	380.315971	
16.96807	378.666026	378.605548	380.428809	380.359604	
16.97887	378.719767	378.657908	380.48255	380.411964	
16.98839	378.76756	378.710268	380.530343	380.464324	
16.99856	378.819326	378.771354	380.582108	380.52541	
17.00867	378.871356	378.823714	380.634139	380.586497	
17.01873	378.923787	378.876074	380.68657	380.638857	
17.02909	378.978414	378.937161	380.741196	380.70867	
17.03926	379.03262	378.998247	380.795403	380.769756	
17.04936	379.087085	379.059334	380.849868	380.830843	
17.05948	379.142306	379.12042	380.905089	380.891929	
17.06966	379.198456	379.181507	380.961239	380.953016	
17.08014	379.256964	379.233867	381.019746	381.014102	
17.08996	379.31228	379.294953	381.075062	381.075189	
17.10006	379.369829	379.35604	381.132611	381.136275	
17.1102	379.428212	379.417126	381.190995	381.197362	
17.12032	379.487053	379.478213	381.249836	381.249722	
17.13048	379.54683	379.539299	381.309612	381.302082	
17.14065	379.607256	379.591659	381.370039	381.371895	
17.15076	379.667932	379.644019	381.430715	381.424255	
17.1609	379.729382	379.705105	381.492164	381.476615	
17.17098	379.791118	379.757465	381.5539	381.537701	
17.18142	379.855749	379.818552	381.618531	381.590061	
17.19137	379.917872	379.879638	381.680654	381.651148	
17.20143	379.981235	379.931998	381.744017	381.703507	
17.21157	380.045849	379.993085	381.808631	381.764594	
17.2217	380.110944	380.054171	381.873727	381.82568	
17.23204	380.178024	380.115258	381.940806	381.895494	
17.24196	380.243008	380.176344	382.005791	381.95658	
17.25209	380.309977	380.237431	382.07276	382.017667	
17.26226	380.377805	380.307244	382.140588	382.08748	
17.27235	380.445681	380.377057	382.208463	382.157293	
17.28373	380.523211	380.44687	382.285994	382.227106	
17.30081	380.641397	380.57777	382.404179	382.349279	
17.30519	380.671604	380.612677	382.434387	382.384186	
17.31527	380.742098	380.691216	382.50488	382.453999	
17.3254	380.813523	380.76103	382.576306	382.532539	
17.33555	380.88568	380.839569	382.648462	382.611079	
17.34573	380.958687	380.918109	382.721469	382.689618	
17.35584	381.031839	380.996649	382.794622	382.768158	
17.36599	381.105798	381.075189	382.86858	382.846698	
17.37634	381.181975	381.153729	382.944757	382.925238	
17.3866	381.258089	381.232269	383.020871	383.012504	
17.39673	381.33379	381.302082	383.096573	383.091044	
17.40685	381.410053	381.380621	383.172836	383.169584	
17.41701	381.487338	381.459161	383.25012	383.248124	
17.43536	381.6292	381.528974	383.391983	383.379023	
17.43971	381.662789	381.633694	383.425571	383.41393	
17.44985	381.741811	381.703507	383.504593	383.483743	
17.45998	381.82137	381.790774	383.584152	383.562283	
17.47011	381.901632	381.869314	383.664414	383.632096	
17.48026	381.982591	381.95658	383.745374	383.710636	
17.49045	382.064518	382.03512	383.827301	383.780449	
17.50062	382.146921	382.122386	383.909703	383.850262	
17.51074	382.229465	382.1922	383.992248	383.928802	
17.52082	382.312416	382.279466	384.075198	384.007342	
17.53099	382.396647	382.366733	384.159429	384.094608	
17.54114	382.481363	382.445272	384.244146	384.173148	
17.55131	382.566766	382.523812	384.329549	384.260415	
17.56142	382.652404	382.611079	384.415187	384.347681	
17.57151	382.738371	382.689618	384.501154	384.434948	
17.58163	382.825295	382.776885	384.588078	384.522214	
17.59186	382.913778	382.864151	384.676561	384.618207	
17.60199	383.002	382.951418	384.764783	384.705474	
17.61209	383.090617	383.029958	384.853399	384.801467	
17.62238	383.181452	383.125951	384.944234	384.89746	
17.63239	383.270442	383.213217	385.033225	384.984726	
17.64249	383.360883	383.30921	385.123666	385.08072	
17.65263	383.452256	383.396477	385.215038	385.176713	
17.66281	383.544676	383.49247	385.307458	385.272706	
17.67288	383.636611	383.59719	385.399393	385.359972	
17.68304	383.730064	383.693183	385.492846	385.455965	
17.69325	383.824585	383.789176	385.587368	385.551958	
17.70352	383.920231	383.885169	385.683013	385.647952	
17.71348	384.01362	383.989889	385.776403	385.735218	
17.72361	384.109253	384.085882	385.872036	385.831211	
17.73394	384.207402	384.181875	385.970184	385.927204	
17.74407	384.304317	384.269141	386.0671	386.014471	
17.75418	384.401606	384.365135	386.164389	386.11919	
17.76432	384.499724	384.461128	386.262507	386.206457	
17.77449	384.598802	384.557121	386.361584	386.30245	
17.78494	384.702124	384.653114	386.464906	386.398443	
17.79515	384.802205	384.749107	386.564988	386.503163	
17.80494	384.899278	384.8451	386.662061	386.599156	
17.81508	385.000573	384.94982	386.763355	386.695149	
17.82522	385.102433	385.037086	386.865216	386.799869	
17.83531	385.204482	385.141806	386.967265	386.895862	
17.84546	385.307645	385.237799	387.070428	387.000582	
17.85563	385.411725	385.342519	387.174508	387.096575	
17.86571	385.515398	385.447239	387.278181	387.201295	
17.87592	385.621215	385.551958	387.383998	387.306014	
17.88629	385.729235	385.665405	387.492018	387.410734	
17.89623	385.833335	385.770125	387.596118	387.515454	
17.90631	385.939452	385.883571	387.702234	387.6289	
17.91642	386.046508	385.988291	387.809291	387.742347	
17.92654	386.154403	386.101737	387.917186	387.855793	
17.93673	386.263627	386.215184	388.026409	387.969239	
17.94685	386.372701	386.319903	388.135484	388.073959	
17.957	386.48273	386.43335	388.245512	388.187406	
17.96721	386.594035	386.546796	388.356818	388.300852	
17.97722	386.701895	386.660242	388.464677	388.414298	
17.98771	386.814353	386.764962	388.577136	388.536471	
17.99752	386.919008	386.878409	388.68179	388.649918	
18.00766	387.026502	386.991855	388.789285	388.763364	
18.01777	387.133037	387.114028	388.89582	388.876811	
18.02785	387.238721	387.218748	389.001504	388.98153	
18.03804	387.344914	387.332194	389.107696	389.094977	
18.04814	387.449602	387.445641	389.212384	389.208423	
18.05827	387.553976	387.559087	389.316758	389.313143	
18.06847	387.658498	387.663807	389.42128	389.426589	
18.07858	387.76156	387.777253	389.524342	389.531309	
18.08907	387.867692	387.881973	389.630474	389.636029	
18.09942	387.971901	387.986693	389.734684	389.732022	
18.10932	388.07089	388.091412	389.833672	389.836742	
18.11943	388.171393	388.196132	389.934175	389.924008	
18.12955	388.271403	388.300852	390.034186	390.028728	
18.13972	388.371387	388.388118	390.134169	390.115994	
18.1499	388.470742	388.484112	390.233524	390.211988	
18.15999	388.5687	388.580105	390.331483	390.307981	
18.17012	388.666366	388.667371	390.429148	390.395247	
18.18027	388.763695	388.763364	390.526477	390.482514	
18.19042	388.860447	388.850631	390.623229	390.587233	
18.20071	388.957934	388.937897	390.720716	390.6745	
18.21071	389.051955	389.025164	390.814738	390.770493	
18.22086	389.146789	389.11243	390.909572	390.866486	
18.23096	389.240696	389.199697	391.003479	390.953752	
18.24116	389.334753	389.29569	391.097535	391.049746	
18.25128	389.427609	389.382956	391.190391	391.145739	
18.26141	389.519881	389.478949	391.282664	391.233005	
18.27155	389.611649	389.566216	391.374432	391.328998	
18.29157	389.790013	389.749475	391.552795	391.512258	
18.29685	389.837066	389.793108	391.599849	391.564618	
18.30611	389.918997	389.897828	391.68178	391.651884	
18.3162	390.007679	389.985095	391.770461	391.739151	
18.32633	390.096082	390.081088	391.858865	391.835144	
18.3365	390.184253	390.177081	391.947036	391.931137	
18.3466	390.271186	390.273074	392.033969	392.018403	
18.35672	390.358013	390.360341	392.120795	392.10567	
18.36683	390.44357	390.456334	392.206353	392.192936	
18.37701	390.529492	390.5436	392.292274	392.288929	
18.38758	390.617926	390.630867	392.380708	392.376196	
18.39828	390.706821	390.718133	392.469604	392.472189	
18.40738	390.781952	390.796673	392.544735	392.542002	
18.41753	390.865078	390.883939	392.62786	392.629269	
18.42763	390.947261	390.953752	392.710044	392.707808	
18.43776	391.029055	391.032292	392.791837	392.786348	
18.44793	391.110588	391.119559	392.87337	392.864888	
18.45801	391.190775	391.198099	392.953557	392.934701	
18.46814	391.270796	391.267912	393.033579	393.013241	
18.47826	391.350154	391.337725	393.112937	393.083054	
18.48846	391.429512	391.416265	393.192294	393.161594	
18.50729	391.573415	391.555891	393.336197	393.30122	
18.51206	391.609905	391.590798	393.372687	393.3274	
18.52215	391.686404	391.669337	393.449186	393.40594	
18.53229	391.762648	391.739151	393.525431	393.48448	
18.54257	391.839434	391.81769	393.602217	393.554293	
18.5526	391.91367	391.89623	393.676452	393.624106	
18.56268	391.987665	391.97477	393.750448	393.702646	
18.57284	392.061707	392.044583	393.824489	393.781186	
18.58291	392.134452	392.123123	393.897235	393.859726	
18.59306	392.207192	392.192936	393.969974	393.938265	
18.60327	392.279778	392.271476	394.04256	394.008079	
18.61342	392.351253	392.350016	394.114035	394.095345	
18.62355	392.422071	392.419829	394.184854	394.165158	
18.63367	392.492179	392.489642	394.254962	394.243698	
18.64377	392.561588	392.559455	394.32437	394.322238	
18.65397	392.631071	392.637995	394.393854	394.392051	
18.66408	392.699307	392.699082	394.46209	394.461864	
18.6742	392.767038	392.768895	394.529821	394.540404	
18.68433	392.83425	392.838708	394.597032	394.610217	
18.69448	392.900958	392.908521	394.663741	394.671304	
18.70482	392.968286	392.978334	394.731069	394.741117	
18.71478	393.032609	393.048148	394.795392	394.81093	
18.72488	393.097243	393.109234	394.860025	394.872017	
18.73534	393.16344	393.170321	394.926223	394.94183	
18.74531	393.226044	393.240134	394.988827	394.99419	
18.7555	393.289391	393.30122	395.052174	395.055276	
18.76559	393.35155	393.362307	395.114333	395.116363	
18.77574	393.413416	393.414667	395.176198	395.168723	
18.78597	393.475234	393.475753	395.238017	395.229809	
18.7964	393.537613	393.528113	395.300396	395.282169	
18.80627	393.596046	393.5892	395.358829	395.343256	
18.81644	393.655638	393.641559	395.418421	395.404342	
18.82655	393.714268	393.702646	395.477051	395.456702	
18.83665	393.772507	393.763733	395.535289	395.509062	
18.84679	393.829995	393.816092	395.592778	395.570148	
18.85693	393.886983	393.868452	395.649765	395.622508	
18.87501	393.986462	393.920812	395.749244	395.727228	
18.87943	394.010736	393.990625	395.773518	395.753408	
18.88947	394.065356	394.051712	395.828138	395.805768	
18.89967	394.120203	394.112798	395.882985	395.858128	
18.9099	394.174644	394.173885	395.937426	395.919214	
18.91999	394.227643	394.234971	395.990425	395.980301	
18.9301	394.280236	394.296058	396.043018	396.032661	
18.9402	394.332158	394.348418	396.094941	396.093747	
18.9504	394.384023	394.409504	396.146806	396.146107	
18.96052	394.434859	394.461864	396.197641	396.198467	
18.97065	394.485182	394.514224	396.247965	396.250827	
18.98078	394.534842	394.566584	396.297625	396.303187	
18.9909	394.583903	394.618944	396.346686	396.355546	
19.00107	394.632623	394.662577	396.395406	396.407906	
19.01129	394.680943	394.714937	396.443725	396.45154	
19.02138	394.728038	394.75857	396.49082	396.503899	
19.03155	394.774951	394.793477	396.537734	396.547533	
19.04161	394.820765	394.845837	396.583547	396.591166	
19.0518	394.866591	394.88947	396.629374	396.634799	
19.06198	394.911742	394.933103	396.674524	396.678432	
19.07208	394.955902	394.96801	396.718685	396.722066	
19.08219	394.999571	395.002916	396.762353	396.756972	
19.09229	395.042606	395.04655	396.805389	396.800605	
19.10248	395.085414	395.090183	396.848196	396.835512	
19.11277	395.128039	395.125089	396.890821	396.870419	
19.12274	395.168757	395.159996	396.931539	396.914052	
19.13292	395.209713	395.203629	396.972495	396.957685	
19.14302	395.24978	395.247262	397.012562	396.992592	
19.15321	395.289602	395.282169	397.052385	397.027498	
19.16333	395.328589	395.325802	397.091371	397.071131	
19.17346	395.366992	395.360709	397.129774	397.106038	
19.18361	395.404858	395.404342	397.16764	397.149671	
19.19368	395.441891	395.447975	397.204674	397.184578	
19.20388	395.478774	395.491609	397.241556	397.228211	
19.21411	395.515166	395.526515	397.277948	397.271844	
19.22418	395.550382	395.561422	397.313165	397.306751	
19.23449	395.586046	395.596328	397.348829	397.350384	
19.2444	395.619386	395.631235	397.382169	397.385291	
19.2546	395.653293	395.666141	397.416075	397.428924	
19.26478	395.686546	395.709775	397.449328	397.463831	
19.27484	395.718811	395.744681	397.481593	397.498737	
19.28496	395.750705	395.770861	397.513488	397.533644	
19.29505	395.78194	395.805768	397.544723	397.559824	
19.30528	395.812978	395.840674	397.575761	397.59473	
19.31543	395.843187	395.875581	397.60597	397.62091	
19.32555	395.872716	395.901761	397.635499	397.655817	
19.33572	395.901781	395.927941	397.664563	397.67327	
19.34615	395.930991	395.954121	397.693774	397.708177	
19.35594	395.957868	395.980301	397.720651	397.734357	
19.36605	395.985059	395.997754	397.747841	397.75181	
19.37616	396.011649	396.023934	397.774432	397.77799	
19.38629	396.037714	396.050114	397.800496	397.80417	
19.39644	396.063232	396.076294	397.826014	397.821623	
19.40656	396.088111	396.093747	397.850894	397.847803	
19.41684	396.112777	396.119927	397.87556	397.865256	
19.42687	396.136261	396.13738	397.899044	397.88271	
19.43704	396.15949	396.154834	397.922272	397.90889	
19.44718	396.182081	396.181014	397.944864	397.926343	
19.45761	396.204699	396.198467	397.967481	397.952523	
19.46737	396.225344	396.224647	397.988126	397.969976	
19.47747	396.246117	396.2421	398.008899	397.987429	
19.48761	396.266403	396.259553	398.029186	398.013609	
19.49768	396.285984	396.277007	398.048766	398.039789	
19.50788	396.305225	396.29446	398.068008	398.057243	
19.51808	396.323886	396.311913	398.086668	398.074696	
19.52828	396.341968	396.329367	398.104751	398.092149	
19.53828	396.359149	396.34682	398.121931	398.118329	
19.54843	396.376011	396.364273	398.138793	398.135782	
19.56679	396.404219	396.39918	398.167001	398.161962	
19.57115	396.410975	396.407906	398.173758	398.170689	
19.58127	396.42595	396.434086	398.188732	398.188142	
19.59146	396.440471	396.442813	398.203254	398.196869	
19.60155	396.454285	396.468993	398.217068	398.214322	
19.61203	396.468024	396.47772	398.230807	398.223049	
19.62184	396.480382	396.495173	398.243164	398.231775	
19.63196	396.492563	396.512626	398.255346	398.249229	
19.64208	396.504207	396.521353	398.266989	398.257955	
19.65219	396.515281	396.530079	398.278063	398.266682	
19.66236	396.525874	396.538806	398.288657	398.275409	
19.67249	396.535884	396.547533	398.298666	398.284135	
19.68262	396.545348	396.556259	398.30813	398.292862	
19.69279	396.554308	396.564986	398.317091	398.301589	
19.7029	396.562686	396.573713	398.325468	398.301589	
19.7133	396.570746	396.573713	398.333528	398.319042	
19.72321	396.577924	396.573713	398.340707	398.319042	
19.7335	396.58484	396.582439	398.347623	398.327769	
19.74352	396.591078	396.582439	398.35386	398.336495	
19.75356	396.596831	396.582439	398.359614	398.336495	
19.76374	396.602159	396.582439	398.364942	398.336495	
19.77386	396.606962	396.582439	398.369745	398.345222	
19.79385	396.614112	396.582439	398.376894	398.345222	
19.79825	396.615768	396.582439	398.37855	398.345222	
19.80837	396.61902	396.582439	398.381803	398.345222	
19.81885	396.621939	396.582439	398.384721	398.345222	
19.82868	396.624314	396.591166	398.387096	398.345222	
19.83883	396.62638	396.591166	398.389163	398.345222	
19.84895	396.628085	396.599893	398.390868	398.345222	
19.85914	396.633326	396.599893	398.396108	398.345222	
19.86924	396.633326	396.599893	398.396108	398.345222	
19.87945	396.633326	396.599893	398.396108	398.345222	
19.88952	396.633326	396.608619	398.396108	398.345222	
19.89961	396.633326	396.608619	398.396108	398.345222	
19.90979	396.633326	396.608619	398.396108	398.345222	
19.92002	396.633326	396.608619	398.396108	398.353948	
19.93014	396.633326	396.617346	398.396108	398.353948	
19.94023	396.633326	396.617346	398.396108	398.353948	
19.95035	396.633326	396.617346	398.396108	398.353948	
19.96053	396.633326	396.617346	398.396108	398.353948	
19.97063	396.633326	396.608619	398.396108	398.353948	
19.98083	396.633326	396.608619	398.396108	398.353948	
19.99093	396.633326	396.617346	398.396108	398.353948	
20.00102	396.633326	396.617346	398.396108	398.353948	
20.01119	396.633326	396.617346	398.396108	398.353948	
20.02138	396.633326	396.617346	398.396108	398.353948	
20.03158	396.633326	396.617346	398.396108	398.353948	
20.04165	396.633326	396.617346	398.396108	398.353948	
20.05175	396.633326	396.617346	398.396108	398.353948	
20.06197	396.633326	396.617346	398.396108	398.353948	
20.07208	396.633326	396.617346	398.396108	398.353948	
20.08218	396.633326	396.617346	398.396108	398.353948	
20.09232	396.633326	396.617346	398.396108	398.353948	
20.10242	396.633326	396.617346	398.396108	398.353948	
20.11261	396.633326	396.617346	398.396108	398.353948	
20.12301	396.633326	396.617346	398.396108	398.353948	
20.13288	396.633326	396.617346	398.396108	398.353948	
20.14302	396.633326	396.617346	398.396108	398.353948	
20.15315	396.633326	396.617346	398.396108	398.353948	
20.16324	396.633326	396.617346	398.396108	398.353948	
20.17343	396.633326	396.617346	398.396108	398.353948	
20.1836	396.633326	396.617346	398.396108	398.353948	
20.19368	396.633326	396.617346	398.396108	398.353948	
20.20381	396.633326	396.617346	398.396108	398.353948	
20.21394	396.633326	396.617346	398.396108	398.353948	
20.22418	396.633326	396.617346	398.396108	398.353948	
20.23434	396.633326	396.617346	398.396108	398.353948	
20.24445	396.633326	396.617346	398.396108	398.353948	
20.25464	396.633326	396.617346	398.396108	398.353948	
20.26493	396.633326	396.617346	398.396108	398.353948	
20.27507	396.633326	396.617346	398.396108	398.353948	
20.2852	396.633326	396.617346	398.396108	398.353948	
20.29535	396.633326	396.617346	398.396108	398.353948	
20.30544	396.633326	396.617346	398.396108	398.353948	
20.31552	396.633326	396.617346	398.396108	398.353948	
20.32624	396.633326	396.617346	398.396108	398.353948	
20.33591	396.633326	396.617346	398.396108	398.353948	
20.34599	396.633326	396.617346	398.396108	398.353948	
20.35609	396.633326	396.617346	398.396108	398.353948	
20.36642	396.633326	396.617346	398.396108	398.353948	
20.37635	396.633326	396.617346	398.396108	398.353948	
20.38648	396.633326	396.617346	398.396108	398.353948	
20.39661	396.633326	396.617346	398.396108	398.353948	
20.4068	396.633326	396.617346	398.396108	398.353948	
20.41692	396.633326	396.617346	398.396108	398.353948	
20.43497	396.633326	396.617346	398.396108	398.353948	
20.43943	396.633326	396.617346	398.396108	398.353948	
20.4495	396.633326	396.617346	398.396108	398.353948	
20.45961	396.633326	396.617346	398.396108	398.353948	
20.46978	396.633326	396.617346	398.396108	398.353948	
20.47992	396.633326	396.617346	398.396108	398.353948	
20.49004	396.633326	396.617346	398.396108	398.353948	
20.50017	396.633326	396.617346	398.396108	398.353948	
20.51032	396.633326	396.617346	398.396108	398.353948	
20.52044	396.633326	396.617346	398.396108	398.353948	
20.53067	396.633326	396.617346	398.396108	398.353948	
20.54077	396.633326	396.617346	398.396108	398.353948	
20.55091	396.633326	396.617346	398.396108	398.353948	
20.56102	396.633326	396.617346	398.396108	398.353948	
20.57121	396.633326	396.617346	398.396108	398.353948	
20.58129	396.633326	396.617346	398.396108	398.353948	
20.59152	396.633326	396.617346	398.396108	398.353948	
20.6016	396.633326	396.617346	398.396108	398.353948	
20.61168	396.633326	396.617346	398.396108	398.353948	
20.62183	396.633326	396.617346	398.396108	398.353948	
20.63237	396.633326	396.617346	398.396108	398.353948	
20.64214	396.633326	396.617346	398.396108	398.353948	
20.65225	396.633326	396.617346	398.396108	398.353948	
20.66237	396.633326	396.617346	398.396108	398.353948	
20.67254	396.633326	396.617346	398.396108	398.353948	
20.68265	396.633326	396.617346	398.396108	398.353948	
20.69278	396.633326	396.617346	398.396108	398.353948	
20.70292	396.633326	396.617346	398.396108	398.353948	
20.71305	396.633326	396.617346	398.396108	398.353948	
20.72322	396.633326	396.617346	398.396108	398.353948	
20.73378	396.633326	396.617346	398.396108	398.353948	
20.74359	396.633326	396.617346	398.396108	398.353948	
20.75364	396.633326	396.617346	398.396108	398.353948	
20.76373	396.633326	396.617346	398.396108	398.353948	
20.7739	396.633326	396.617346	398.396108	398.353948	
20.78537	396.633326	396.617346	398.396108	398.353948	
20.79416	396.633326	396.617346	398.396108	398.353948	
20.80426	396.633326	396.617346	398.396108	398.353948	
20.8145	396.633326	396.617346	398.396108	398.353948	
20.82569	396.633326	396.617346	398.396108	398.353948	
20.83513	396.633326	396.617346	398.396108	398.353948	
20.84498	396.633326	396.617346	398.396108	398.353948	
20.8551	396.633326	396.617346	398.396108	398.353948	
20.86526	396.633326	396.617346	398.396108	398.353948	
20.87534	396.633326	396.617346	398.396108	398.353948	
20.88551	396.633326	396.617346	398.396108	398.353948	
20.8957	396.633326	396.617346	398.396108	398.353948	
20.90576	396.633326	396.617346	398.396108	398.353948	
20.91587	396.633326	396.617346	398.396108	398.353948	
20.92692	396.633326	396.617346	398.396108	398.353948	
20.93627	396.633326	396.617346	398.396108	398.353948	
20.94631	396.633326	396.617346	398.396108	398.353948	
20.95642	396.633326	396.617346	398.396108	398.353948	
20.96653	396.633326	396.617346	398.396108	398.353948	
20.97667	396.633326	396.617346	398.396108	398.353948	
20.98679	396.633326	396.617346	398.396108	398.353948	
20.99695	396.633326	396.617346	398.396108	398.353948	
21.0149	396.633326	396.617346	398.396108	398.353948	
21.0192	396.633326	396.617346	398.396108	398.353948	
21.02954	396.633326	396.617346	398.396108	398.353948	
21.03966	396.633326	396.617346	398.396108	398.353948	
21.04967	396.633326	396.617346	398.396108	398.353948	
21.05979	396.633326	396.617346	398.396108	398.353948	
21.06994	396.633326	396.617346	398.396108	398.353948	
21.0801	396.633326	396.617346	398.396108	398.353948	
21.0902	396.633326	396.617346	398.396108	398.353948	
21.10034	396.633326	396.617346	398.396108	398.353948	
21.11049	396.633326	396.617346	398.396108	398.353948	
21.12059	396.633326	396.617346	398.396108	398.353948	
21.13192	396.633326	396.617346	398.396108	398.353948	
21.14097	396.633326	396.617346	398.396108	398.353948	
21.15106	396.633326	396.617346	398.396108	398.353948	
21.16118	396.633326	396.617346	398.396108	398.353948	
21.17126	396.633326	396.617346	398.396108	398.353948	
21.18146	396.633326	396.617346	398.396108	398.353948	
21.19162	396.633326	396.617346	398.396108	398.353948	
21.20171	396.633326	396.617346	398.396108	398.353948	
21.21188	396.633326	396.617346	398.396108	398.353948	
21.22197	396.633326	396.617346	398.396108	398.353948	
21.23326	396.633326	396.617346	398.396108	398.353948	
21.24233	396.633326	396.617346	398.396108	398.353948	
21.25244	396.633326	396.617346	398.396108	398.353948	
21.26257	396.633326	396.617346	398.396108	398.353948	
21.27269	396.633326	396.617346	398.396108	398.353948	
21.28286	396.633326	396.617346	398.396108	398.353948	
21.293	396.633326	396.617346	398.396108	398.353948	
21.30312	396.633326	396.617346	398.396108	398.353948	
21.31321	396.633326	396.617346	398.396108	398.353948	
21.32334	396.633326	396.617346	398.396108	398.353948	
21.33459	396.633326	396.617346	398.396108	398.353948	
21.34371	396.633326	396.617346	398.396108	398.353948	
21.3538	396.633326	396.617346	398.396108	398.353948	
21.36393	396.633326	396.617346	398.396108	398.353948	
21.37401	396.633326	396.617346	398.396108	398.353948	
21.3842	396.633326	396.617346	398.396108	398.353948	
21.39431	396.633326	396.617346	398.396108	398.353948	
21.40444	396.633326	396.617346	398.396108	398.353948	
21.41458	396.633326	396.617346	398.396108	398.353948	
21.42497	396.633326	396.617346	398.396108	398.353948	
21.43593	396.633326	396.617346	398.396108	398.353948	
21.44514	396.633326	396.617346	398.396108	398.353948	
21.45516	396.633326	396.617346	398.396108	398.353948	
21.46527	396.633326	396.617346	398.396108	398.353948	
21.47537	396.633326	396.617346	398.396108	398.353948	
21.48555	396.633326	396.617346	398.396108	398.353948	
21.49572	396.633326	396.617346	398.396108	398.353948	
21.5058	396.633326	396.617346	398.396108	398.353948	
21.51592	396.633326	396.617346	398.396108	398.353948	
21.52629	396.633326	396.617346	398.396108	398.353948	
21.53722	396.633326	396.617346	398.396108	398.353948	
21.54633	396.633326	396.617346	398.396108	398.353948	
21.55648	396.633326	396.617346	398.396108	398.353948	
21.56656	396.633326	396.617346	398.396108	398.353948	
21.57668	396.633326	396.617346	398.396108	398.353948	
21.58682	396.633326	396.617346	398.396108	398.353948	
21.59703	396.633326	396.617346	398.396108	398.353948	
21.60716	396.633326	396.617346	398.396108	398.353948	
21.61719	396.633326	396.617346	398.396108	398.353948	
21.62768	396.633326	396.617346	398.396108	398.353948	
21.63856	396.633326	396.617346	398.396108	398.353948	
21.64766	396.633326	396.617346	398.396108	398.353948	
21.65776	396.633326	396.617346	398.396108	398.353948	
21.66785	396.633326	396.617346	398.396108	398.353948	
21.67798	396.633326	396.617346	398.396108	398.353948	
21.68813	396.633326	396.617346	398.396108	398.353948	
21.69824	396.633326	396.617346	398.396108	398.353948	
21.70841	396.633326	396.617346	398.396108	398.353948	
21.71859	396.633326	396.617346	398.396108	398.353948	
21.72862	396.633326	396.617346	398.396108	398.353948	
21.73983	396.633326	396.617346	398.396108	398.353948	
21.74932	396.633326	396.617346	398.396108	398.353948	
21.75956	396.633326	396.617346	398.396108	398.353948	
21.76958	396.633326	396.617346	398.396108	398.353948	
21.77967	396.633326	396.617346	398.396108	398.353948	
21.79101	396.633326	396.617346	398.396108	398.353948	
21.80035	396.633326	396.617346	398.396108	398.353948	
21.81045	396.633326	396.617346	398.396108	398.353948	
21.82056	396.633326	396.617346	398.396108	398.353948	
21.8307	396.633326	396.617346	398.396108	398.353948	
21.84114	396.633326	396.617346	398.396108	398.353948	
21.85912	396.633326	396.617346	398.396108	398.353948	
21.86388	396.633326	396.617346	398.396108	398.353948	
21.87359	396.633326	396.617346	398.396108	398.353948	
21.88371	396.633326	396.617346	398.396108	398.353948	
21.89386	396.633326	396.617346	398.396108	398.353948	
21.90427	396.633326	396.617346	398.396108	398.353948	
21.91414	396.633326	396.617346	398.396108	398.353948	
21.92652	396.633326	396.617346	398.396108	398.353948	
21.93439	396.633326	396.617346	398.396108	398.353948	
21.94474	396.633326	396.617346	398.396108	398.353948	
21.95472	396.633326	396.617346	398.396108	398.353948	
21.96507	396.633326	396.617346	398.396108	398.353948	
21.975	396.633326	396.617346	398.396108	398.353948	
21.98513	396.633326	396.617346	398.396108	398.353948	
21.99526	396.633326	396.617346	398.396108	398.353948	
22.00537	396.633326	396.617346	398.396108	398.353948	
22.01554	396.633326	396.617346	398.396108	398.353948	
22.02568	396.633326	396.617346	398.396108	398.353948	
22.03614	396.633326	396.617346	398.396108	398.353948	
22.0459	396.633326	396.617346	398.396108	398.353948	
22.05604	396.633326	396.617346	398.396108	398.353948	
22.06618	396.633326	396.617346	398.396108	398.353948	
22.07627	396.633326	396.617346	398.396108	398.353948	
22.08644	396.633326	396.617346	398.396108	398.353948	
22.09655	396.633326	396.617346	398.396108	398.353948	
22.10673	396.633326	396.617346	398.396108	398.353948	
22.11682	396.633326	396.617346	398.396108	398.353948	
22.12699	396.633326	396.617346	398.396108	398.353948	
22.1376	396.633326	396.617346	398.396108	398.353948	
22.14737	396.633326	396.617346	398.396108	398.353948	
22.15747	396.633326	396.617346	398.396108	398.353948	
22.16763	396.633326	396.617346	398.396108	398.353948	
22.17766	396.633326	396.617346	398.396108	398.353948	
22.18789	396.633326	396.617346	398.396108	398.353948	
22.19797	396.633326	396.617346	398.396108	398.353948	
22.2081	396.633326	396.617346	398.396108	398.353948	
22.21822	396.633326	396.617346	398.396108	398.353948	
22.22831	396.633326	396.617346	398.396108	398.353948	
22.24727	396.633326	396.617346	398.396108	398.353948	
22.25165	396.633326	396.617346	398.396108	398.353948	
22.26991	396.633326	396.617346	398.396108	398.353948	
22.27424	396.633326	396.617346	398.396108	398.353948	
22.29379	396.633326	396.617346	398.396108	398.353948	
22.29817	396.633326	396.617346	398.396108	398.353948	
22.30826	396.633326	396.617346	398.396108	398.353948	
22.31859	396.633326	396.617346	398.396108	398.353948	
22.32855	396.633326	396.617346	398.396108	398.353948	
22.33901	396.633326	396.617346	398.396108	398.353948	
22.34918	396.633326	396.617346	398.396108	398.353948	
22.35927	396.633326	396.617346	398.396108	398.353948	
22.3694	396.633326	396.617346	398.396108	398.353948	
22.37952	396.633326	396.617346	398.396108	398.353948	
22.38968	396.633326	396.617346	398.396108	398.353948	
22.39986	396.633326	396.617346	398.396108	398.353948	
22.4099	396.633326	396.617346	398.396108	398.353948	
22.42011	396.633326	396.617346	398.396108	398.353948	
22.43022	396.633326	396.617346	398.396108	398.353948	
22.44035	396.633326	396.617346	398.396108	398.353948	
22.45053	396.633326	396.617346	398.396108	398.353948	
22.46068	396.633326	396.617346	398.396108	398.353948	
22.47081	396.633326	396.617346	398.396108	398.353948	
22.48099	396.633326	396.617346	398.396108	398.353948	
22.49105	396.633326	396.617346	398.396108	398.353948	
22.50124	396.633326	396.617346	398.396108	398.353948	
22.51134	396.633326	396.617346	398.396108	398.353948	
22.52147	396.633326	396.617346	398.396108	398.353948	
22.5316	396.633326	396.617346	398.396108	398.353948	
22.54171	396.633326	396.617346	398.396108	398.353948	
22.55195	396.633326	396.617346	398.396108	398.353948	
22.56209	396.633326	396.617346	398.396108	398.353948	
22.57218	396.633326	396.617346	398.396108	398.353948	
22.58235	396.633326	396.617346	398.396108	398.353948	
22.59242	396.633326	396.617346	398.396108	398.353948	
22.60259	396.633326	396.617346	398.396108	398.353948	
22.61271	396.633326	396.617346	398.396108	398.353948	
22.62281	396.633326	396.617346	398.396108	398.353948	
22.63302	396.633326	396.617346	398.396108	398.353948	
22.64307	396.633326	396.617346	398.396108	398.353948	
22.65331	396.633326	396.617346	398.396108	398.353948	
22.66342	396.633326	396.617346	398.396108	398.353948	
22.6736	396.633326	396.617346	398.396108	398.353948	
22.68367	396.633326	396.617346	398.396108	398.353948	
22.69377	396.633326	396.617346	398.396108	398.353948	
22.70399	396.633326	396.617346	398.396108	398.353948	
22.71407	396.633326	396.617346	398.396108	398.353948	
22.72422	396.633326	396.617346	398.396108	398.353948	
22.73436	396.633326	396.617346	398.396108	398.353948	
22.74445	396.633326	396.617346	398.396108	398.353948	
22.75466	396.633326	396.617346	398.396108	398.353948	
22.76481	396.633326	396.617346	398.396108	398.353948	
22.77492	396.633326	396.617346	398.396108	398.353948	
22.78508	396.633326	396.617346	398.396108	398.353948	
22.7952	396.633326	396.617346	398.396108	398.353948	
22.80529	396.633326	396.617346	398.396108	398.353948	
22.8154	396.633326	396.617346	398.396108	398.353948	
22.82554	396.633326	396.617346	398.396108	398.353948	
22.83573	396.633326	396.617346	398.396108	398.353948	
22.84615	396.633326	396.617346	398.396108	398.353948	
22.85605	396.633326	396.617346	398.396108	398.353948	
22.86615	396.633326	396.617346	398.396108	398.353948	
22.87664	396.633326	396.617346	398.396108	398.353948	
22.88643	396.633326	396.617346	398.396108	398.353948	
22.89651	396.633326	396.617346	398.396108	398.353948	
22.90664	396.633326	396.617346	398.396108	398.353948	
22.91676	396.633326	396.617346	398.396108	398.353948	
22.9269	396.633326	396.617346	398.396108	398.353948	
22.93715	396.633326	396.617346	398.396108	398.353948	
22.94759	396.633326	396.617346	398.396108	398.353948	
22.95739	396.633326	396.617346	398.396108	398.353948	
22.96756	396.633326	396.617346	398.396108	398.353948	
22.97762	396.633326	396.617346	398.396108	398.353948	
22.98773	396.633326	396.617346	398.396108	398.353948	
22.99791	396.633326	396.617346	398.396108	398.353948	
23.00805	396.633326	396.617346	398.396108	398.353948	
23.01812	396.633326	396.617346	398.396108	398.353948	
23.02825	396.633326	396.617346	398.396108	398.353948	
23.03837	396.633326	396.617346	398.396108	398.353948	
23.05721	396.633326	396.617346	398.396108	398.353948	
23.06192	396.633326	396.617346	398.396108	398.353948	
23.07208	396.633326	396.617346	398.396108	398.353948	
23.08216	396.633326	396.617346	398.396108	398.353948	
23.09241	396.633326	396.617346	398.396108	398.353948	
23.10248	396.633326	396.617346	398.396108	398.353948	
23.11256	396.633326	396.617346	398.396108	398.353948	
23.12266	396.633326	396.617346	398.396108	398.353948	
23.13282	396.633326	396.617346	398.396108	398.353948	
23.14294	396.633326	396.617346	398.396108	398.353948	
23.15426	396.633326	396.617346	398.396108	398.353948	
23.16327	396.633326	396.617346	398.396108	398.353948	
23.17342	396.633326	396.617346	398.396108	398.353948	
23.18359	396.633326	396.617346	398.396108	398.353948	
23.19362	396.633326	396.617346	398.396108	398.353948	
23.20382	396.633326	396.617346	398.396108	398.353948	
23.21393	396.633326	396.617346	398.396108	398.353948	
23.2241	396.633326	396.617346	398.396108	398.353948	
23.23419	396.633326	396.617346	398.396108	398.353948	
23.2443	396.633326	396.617346	398.396108	398.353948	
23.25553	396.633326	396.617346	398.396108	398.353948	
23.26501	396.633326	396.617346	398.396108	398.353948	
23.27478	396.633326	396.617346	398.396108	398.353948	
23.28489	396.633326	396.617346	398.396108	398.353948	
23.29506	396.633326	396.617346	398.396108	398.353948	
23.3052	396.633326	396.617346	398.396108	398.353948	
23.31525	396.633326	396.617346	398.396108	398.353948	
23.32541	396.633326	396.617346	398.396108	398.353948	
23.33554	396.633326	396.617346	398.396108	398.353948	
23.34571	396.633326	396.617346	398.396108	398.353948	
23.35675	396.633326	396.617346	398.396108	398.353948	
23.36626	396.633326	396.617346	398.396108	398.353948	
23.37608	396.633326	396.617346	398.396108	398.353948	
23.38618	396.633326	396.617346	398.396108	398.353948	
23.39628	396.633326	396.617346	398.396108	398.353948	
23.40649	396.633326	396.617346	398.396108	398.353948	
23.41658	396.633326	396.617346	398.396108	398.353948	
23.42669	396.633326	396.617346	398.396108	398.353948	
23.43683	396.633326	396.617346	398.396108	398.353948	
23.447	396.633326	396.617346	398.396108	398.353948	
23.45796	396.633326	396.617346	398.396108	398.353948	
23.46752	396.633326	396.617346	398.396108	398.353948	
23.47738	396.633326	396.617346	398.396108	398.353948	
23.48752	396.633326	396.617346	398.396108	398.353948	
23.49764	396.633326	396.617346	398.396108	398.353948	
23.50789	396.633326	396.617346	398.396108	398.353948	
23.51789	396.633326	396.617346	398.396108	398.353948	
23.52803	396.633326	396.617346	398.396108	398.353948	
23.53813	396.633326	396.617346	398.396108	398.353948	
23.54827	396.633326	396.617346	398.396108	398.353948	
23.55919	396.633326	396.617346	398.396108	398.353948	
23.56866	396.633326	396.617346	398.396108	398.353948	
23.57867	396.633326	396.617346	398.396108	398.353948	
23.58884	396.633326	396.617346	398.396108	398.353948	
23.59893	396.633326	396.617346	398.396108	398.353948	
23.60915	396.633326	396.617346	398.396108	398.353948	
23.61919	396.633326	396.617346	398.396108	398.353948	
23.62936	396.633326	396.617346	398.396108	398.353948	
23.6395	396.633326	396.617346	398.396108	398.353948	
23.64959	396.633326	396.617346	398.396108	398.353948	
23.66039	396.633326	396.617346	398.396108	398.353948	
23.67034	396.633326	396.617346	398.396108	398.353948	
23.68011	396.633326	396.617346	398.396108	398.353948	
23.69018	396.633326	396.617346	398.396108	398.353948	
23.70027	396.633326	396.617346	398.396108	398.353948	
23.71056	396.633326	396.617346	398.396108	398.353948	
23.72059	396.633326	396.617346	398.396108	398.353948	
23.73072	396.633326	396.617346	398.396108	398.353948	
23.74105	396.633326	396.617346	398.396108	398.353948	
23.75135	396.633326	396.617346	398.396108	398.353948	
23.76264	396.633326	396.617346	398.396108	398.353948	
23.77165	396.633326	396.617346	398.396108	398.353948	
23.78179	396.633326	396.617346	398.396108	398.353948	
23.79398	396.633326	396.617346	398.396108	398.353948	
23.802	396.633326	396.617346	398.396108	398.353948	
23.81214	396.633326	396.617346	398.396108	398.353948	
23.82225	396.633326	396.617346	398.396108	398.353948	
23.83242	396.633326	396.617346	398.396108	398.353948	
23.84254	396.633326	396.617346	398.396108	398.353948	
23.85263	396.633326	396.617346	398.396108	398.353948	
23.86395	396.633326	396.617346	398.396108	398.353948	
23.87335	396.633326	396.617346	398.396108	398.353948	
23.88344	396.633326	396.617346	398.396108	398.353948	
23.89357	396.633326	396.617346	398.396108	398.353948	
23.90375	396.633326	396.617346	398.396108	398.353948	
23.91385	396.633326	396.617346	398.396108	398.353948	
23.92398	396.633326	396.617346	398.396108	398.353948	
23.9341	396.633326	396.617346	398.396108	398.353948	
23.94434	396.633326	396.617346	398.396108	398.353948	
23.95436	396.633326	396.617346	398.396108	398.353948	
23.96546	396.633326	396.617346	398.396108	398.353948	
23.97474	396.633326	396.617346	398.396108	398.353948	
23.98483	396.633326	396.617346	398.396108	398.353948	
23.99495	396.633326	396.617346	398.396108	398.353948	
24.00503	396.633326	396.617346	398.396108	398.353948	
24.01548	396.633326	396.617346	398.396108	398.353948	
24.02538	396.633326	396.617346	398.396108	398.353948	
24.03547	396.633326	396.617346	398.396108	398.353948	
24.04558	396.633326	396.617346	398.396108	398.353948	
24.05614	396.633326	396.617346	398.396108	398.353948	
24.06684	396.633326	396.617346	398.396108	398.353948	
24.076	396.633326	396.617346	398.396108	398.353948	
24.08612	396.633326	396.617346	398.396108	398.353948	
24.09623	396.633326	396.617346	398.396108	398.353948	
24.10634	396.633326	396.617346	398.396108	398.353948	
24.11648	396.633326	396.617346	398.396108	398.353948	
24.12663	396.633326	396.617346	398.396108	398.353948	
24.13674	396.633326	396.617346	398.396108	398.353948	
24.14687	396.633326	396.617346	398.396108	398.353948	
24.15703	396.633326	396.617346	398.396108	398.353948	
24.16813	396.633326	396.617346	398.396108	398.353948	
24.17735	396.633326	396.617346	398.396108	398.353948	
24.18738	396.633326	396.617346	398.396108	398.353948	
24.1975	396.633326	396.617346	398.396108	398.353948	
24.20759	396.633326	396.617346	398.396108	398.353948	
24.21789	396.633326	396.617346	398.396108	398.353948	
24.22787	396.633326	396.617346	398.396108	398.353948	
24.238	396.633326	396.617346	398.396108	398.353948	
24.24818	396.633326	396.617346	398.396108	398.353948	
24.25822	396.633326	396.617346	398.396108	398.353948	
24.26942	396.633326	396.617346	398.396108	398.353948	
24.28839	396.633326	396.617346	398.396108	398.353948	
24.29277	396.633326	396.617346	398.396108	398.353948	
24.31099	396.633326	396.617346	398.396108	398.353948	
24.31534	396.633326	396.617346	398.396108	398.353948	
24.32554	396.633326	396.617346	398.396108	398.353948	
24.33574	396.633326	396.617346	398.396108	398.353948	
24.34579	396.633326	396.617346	398.396108	398.353948	
24.35592	396.633326	396.617346	398.396108	398.353948	
24.36636	396.633326	396.617346	398.396108	398.353948	
24.37623	396.633326	396.617346	398.396108	398.353948	
24.38631	396.633326	396.617346	398.396108	398.353948	
24.39649	396.633326	396.617346	398.396108	398.353948	
24.4066	396.633326	396.617346	398.396108	398.353948	
24.41671	396.633326	396.617346	398.396108	398.353948	
24.42688	396.633326	396.617346	398.396108	398.353948	
24.43705	396.633326	396.617346	398.396108	398.353948	
24.44717	396.633326	396.617346	398.396108	398.353948	
24.45733	396.633326	396.617346	398.396108	398.353948	
24.46762	396.633326	396.617346	398.396108	398.353948	
24.47756	396.633326	396.617346	398.396108	398.353948	
24.48775	396.633326	396.617346	398.396108	398.353948	
24.49781	396.633326	396.617346	398.396108	398.353948	
24.5079	396.633326	396.617346	398.396108	398.353948	
24.51809	396.633326	396.617346	398.396108	398.353948	
24.52823	396.633326	396.617346	398.396108	398.353948	
24.53833	396.633326	396.617346	398.396108	398.353948	
24.54851	396.633326	396.617346	398.396108	398.353948	
24.55863	396.633326	396.617346	398.396108	398.353948	
24.56904	396.633326	396.617346	398.396108	398.353948	
24.57943	396.633326	396.617346	398.396108	398.353948	
24.58931	396.633326	396.617346	398.396108	398.353948	
24.5994	396.633326	396.617346	398.396108	398.353948	
24.6095	396.633326	396.617346	398.396108	398.353948	
24.61963	396.633326	396.617346	398.396108	398.353948	
24.62981	396.633326	396.617346	398.396108	398.353948	
24.64	396.633326	396.617346	398.396108	398.353948	
24.65008	396.633326	396.617346	398.396108	398.353948	
24.66017	396.633326	396.617346	398.396108	398.353948	
24.67035	396.633326	396.617346	398.396108	398.353948	
24.68054	396.633326	396.617346	398.396108	398.353948	
24.69068	396.633326	396.617346	398.396108	398.353948	
24.70078	396.633326	396.617346	398.396108	398.353948	
24.71102	396.633326	396.617346	398.396108	398.353948	
24.7211	396.633326	396.617346	398.396108	398.353948	
24.73119	396.633326	396.617346	398.396108	398.353948	
24.74136	396.633326	396.617346	398.396108	398.353948	
24.75151	396.633326	396.617346	398.396108	398.353948	
24.7616	396.633326	396.617346	398.396108	398.353948	
24.77174	396.633326	396.617346	398.396108	398.353948	
24.78207	396.633326	396.617346	398.396108	398.353948	
24.79412	396.633326	396.617346	398.396108	398.353948	
24.80218	396.633326	396.617346	398.396108	398.353948	
24.81227	396.633326	396.617346	398.396108	398.353948	
24.82245	396.633326	396.617346	398.396108	398.353948	
24.83259	396.633326	396.617346	398.396108	398.353948	
24.8427	396.633326	396.617346	398.396108	398.353948	
24.85281	396.633326	396.617346	398.396108	398.353948	
24.86291	396.633326	396.617346	398.396108	398.353948	
24.87305	396.633326	396.617346	398.396108	398.353948	
24.88351	396.633326	396.617346	398.396108	398.353948	
24.89343	396.633326	396.617346	398.396108	398.353948	
24.90353	396.633326	396.617346	398.396108	398.353948	
24.91364	396.633326	396.617346	398.396108	398.353948	
24.92373	396.633326	396.617346	398.396108	398.353948	
24.93413	396.633326	396.617346	398.396108	398.353948	
24.94428	396.633326	396.617346	398.396108	398.353948	
24.95438	396.633326	396.617346	398.396108	398.353948	
24.96449	396.633326	396.617346	398.396108	398.353948	
24.97489	396.633326	396.617346	398.396108	398.353948	
24.98486	396.633326	396.617346	398.396108	398.353948	
24.99494	396.633326	396.617346	398.396108	398.353948	
25.00507	396.633326	396.617346	398.396108	398.353948	
25.01519	396.633326	396.617346	398.396108	398.353948	
25.02535	396.633326	396.617346	398.396108	398.353948	
25.03544	396.633326	396.617346	398.396108	398.353948	
25.04556	396.633326	396.617346	398.396108	398.353948	
25.05573	396.633326	396.617346	398.396108	398.353948	
25.06582	396.633326	396.617346	398.396108	398.353948	
25.07625	396.633326	396.617346	398.396108	398.353948	
25.08617	396.633326	396.617346	398.396108	398.353948	
25.09629	396.633326	396.617346	398.396108	398.353948	
25.10638	396.633326	396.617346	398.396108	398.353948	
25.11651	396.633326	396.617346	398.396108	398.353948	
25.12666	396.633326	396.617346	398.396108	398.353948	
25.13677	396.633326	396.617346	398.396108	398.353948	
25.14693	396.633326	396.617346	398.396108	398.353948	
25.16491	396.633326	396.617346	398.396108	398.353948	
25.16926	396.633326	396.617346	398.396108	398.353948	
25.18047	396.633326	396.617346	398.396108	398.353948	
25.18957	396.633326	396.617346	398.396108	398.353948	
25.19969	396.633326	396.617346	398.396108	398.353948	
25.20983	396.633326	396.617346	398.396108	398.353948	
25.21992	396.633326	396.617346	398.396108	398.353948	
25.23011	396.633326	396.617346	398.396108	398.353948	
25.24036	396.633326	396.617346	398.396108	398.353948	
25.25038	396.633326	396.617346	398.396108	398.353948	
25.2605	396.633326	396.617346	398.396108	398.353948	
25.27063	396.633326	396.617346	398.396108	398.353948	
25.28177	396.633326	396.617346	398.396108	398.353948	
25.29095	396.633326	396.617346	398.396108	398.353948	
25.30105	396.633326	396.617346	398.396108	398.353948	
25.31118	396.633326	396.617346	398.396108	398.353948	
25.32141	396.633326	396.617346	398.396108	398.353948	
25.33148	396.633326	396.617346	398.396108	398.353948	
25.34161	396.633326	396.617346	398.396108	398.353948	
25.35182	396.633326	396.617346	398.396108	398.353948	
25.3619	396.633326	396.617346	398.396108	398.353948	
25.37198	396.633326	396.617346	398.396108	398.353948	
25.38313	396.633326	396.617346	398.396108	398.353948	
25.39236	396.633326	396.617346	398.396108	398.353948	
25.40247	396.633326	396.617346	398.396108	398.353948	
25.41278	396.633326	396.617346	398.396108	398.353948	
25.42281	396.633326	396.617346	398.396108	398.353948	
25.43295	396.633326	396.617346	398.396108	398.353948	
25.44305	396.633326	396.617346	398.396108	398.353948	
25.45322	396.633326	396.617346	398.396108	398.353948	
25.46334	396.633326	396.617346	398.396108	398.353948	
25.47349	396.633326	396.617346	398.396108	398.353948	
25.48444	396.633326	396.617346	398.396108	398.353948	
25.49405	396.633326	396.617346	398.396108	398.353948	
25.50398	396.633326	396.617346	398.396108	398.353948	
25.52937	396.633326	396.617346	398.396108	398.353948	
