13.12556	5.97869678	5.97775269	6.23176952	6.23082543	
13.13568	5.9802404	5.97775269	6.23331314	6.23082543	
13.14577	5.98238817	5.97775269	6.23546091	6.23082543	
13.15595	5.98518282	5.97775269	6.23825557	6.23082543	
13.16612	5.98859445	5.97775269	6.24166719	6.23082543	
13.17622	5.99259242	5.98647933	6.24566516	6.23082543	
13.18632	5.99719612	5.98647933	6.25026886	6.23082543	
13.19645	6.0024356	5.98647933	6.25550834	6.23082543	
13.20661	6.00831367	5.98647933	6.26138641	6.23082543	
13.21688	6.01489072	5.98647933	6.26796346	6.23082543	
13.22705	6.02201767	5.98647933	6.27509041	6.23082543	
13.23706	6.02962694	5.98647933	6.28269968	6.23082543	
13.24718	6.0379454	5.98647933	6.29101814	6.23082543	
13.25733	6.04690331	5.98647933	6.29997605	6.23082543	
13.26757	6.05656944	5.98647933	6.30964218	6.23082543	
13.27761	6.06665391	5.98647933	6.31972665	6.23082543	
13.28776	6.07746165	5.98647933	6.33053439	6.23955208	
13.29783	6.0887874	5.98647933	6.34186014	6.24827872	
13.308	6.10086531	5.98647933	6.35393805	6.24827872	
13.31821	6.11359825	5.98647933	6.36667099	6.26573201	
13.32834	6.12685918	5.98647933	6.37993192	6.27445866	
13.33849	6.1407582	5.98647933	6.39383095	6.29191195	
13.34861	6.15523264	5.98647933	6.40830538	6.3006386	
13.35872	6.17029796	5.98647933	6.4233707	6.32681854	
13.36884	6.18599577	5.98647933	6.43906851	6.33554518	
13.37909	6.20254817	5.98647933	6.45562091	6.36172512	
13.38911	6.21930311	5.98647933	6.47237585	6.37917842	
13.39931	6.23698477	5.99520598	6.49005751	6.39663171	
13.40939	6.25507865	6.00393263	6.50815139	6.42281165	
13.41974	6.27431822	6.00393263	6.52739096	6.44026494	
13.42977	6.29354812	6.01265927	6.54662086	6.45771823	
13.43989	6.31356179	6.03011257	6.56663453	6.47517152	
13.45	6.3341664	6.03883921	6.58723914	6.50135146	
13.46021	6.35561629	6.0562925	6.60868903	6.51880476	
13.47029	6.3773656	6.0737458	6.63043835	6.54498469	
13.48037	6.39976251	6.09119909	6.65283526	6.56243799	
13.49049	6.42283384	6.10865238	6.67590658	6.58861793	
13.50063	6.4466064	6.12610567	6.69967914	6.61479787	
13.51071	6.47083486	6.14355897	6.7239076	6.63225116	
13.52091	6.49594171	6.16973891	6.74901445	6.64970445	
13.53107	6.52160865	6.19591884	6.77468139	6.67588439	
13.5412	6.54780185	6.22209878	6.80087459	6.70206433	
13.55134	6.57464361	6.24827872	6.82771635	6.71951762	
13.56158	6.60237689	6.27445866	6.85544963	6.75442421	
13.57157	6.63000439	6.30936525	6.88307713	6.7718775	
13.58163	6.65847788	6.33554518	6.91155062	6.79805744	
13.59178	6.68780093	6.37045177	6.94087367	6.82423738	
13.60189	6.71762035	6.39663171	6.97069309	6.85914396	
13.61204	6.74818629	6.43153829	7.00125904	6.8853239	
13.63011	6.79932909	6.45771823	7.05240183	6.92023048	
13.63446	6.81166605	6.50135146	7.06473879	6.95513707	
13.64468	6.84000729	6.53625805	7.09308003	6.99004365	
13.65473	6.86728029	6.57116463	7.12035303	7.02495024	
13.6649	6.89434863	6.60607122	7.14742137	7.05985682	
13.67504	6.92072873	6.6409778	7.17380147	7.09476341	
13.68519	6.94659143	6.66715774	7.19966417	7.12966999	
13.69536	6.97191947	6.70206433	7.22499221	7.15584993	
13.70543	6.99644295	6.73697091	7.24951569	7.19075652	
13.71563	7.02072569	6.7718775	7.27379843	7.21693646	
13.72575	7.0442591	6.80678408	7.29733184	7.2431164	
13.73593	7.06733881	6.84169067	7.32041155	7.27802298	
13.74608	7.08979325	6.87659725	7.34286599	7.30420292	
13.75621	7.11164006	6.91150384	7.36471281	7.33038286	
13.76634	7.13292587	6.94641042	7.38599861	7.34783615	
13.77649	7.15370641	6.98131701	7.40677915	7.37401609	
13.78657	7.17377369	7.01622359	7.42684643	7.39146938	
13.79674	7.19345482	7.05113018	7.44652756	7.41764932	
13.80687	7.21251648	7.07731012	7.46558922	7.43510261	
13.81696	7.23092825	7.10349006	7.48400099	7.45255591	
13.82717	7.24902574	7.12966999	7.50209848	7.4700092	
13.83736	7.26650441	7.15584993	7.51957715	7.48746249	
13.84759	7.28348129	7.18202987	7.53655404	7.50491578	
13.85765	7.29963614	7.19948316	7.55270888	7.52236908	
13.86775	7.31530955	7.2256631	7.56838229	7.53982237	
13.8889	7.34512639	7.26929633	7.59819913	7.57472895	
13.89324	7.35132817	7.27802298	7.60440091	7.5834556	
13.90341	7.36517658	7.29547627	7.61824932	7.60090889	
13.91345	7.37832604	7.31292957	7.63139878	7.61836218	
13.93309	7.40152525	7.33038286	7.65459799	7.64454212	
13.93764	7.40696891	7.3391095	7.66004165	7.64454212	
13.94764	7.41826642	7.34783615	7.67133916	7.66199542	
13.95772	7.42913738	7.36528944	7.68221012	7.67072206	
13.96785	7.43954489	7.36528944	7.69261763	7.67944871	
13.97795	7.44939065	7.38274274	7.70246339	7.68817536	
13.98809	7.4587541	7.38274274	7.71182684	7.696902	
13.99827	7.46763438	7.39146938	7.72070712	7.70562865	
14.00835	7.47591276	7.40019603	7.7289855	7.71435529	
14.0185	7.48374177	7.40019603	7.73681451	7.72308194	
14.02865	7.49105883	7.40019603	7.74413157	7.73180859	
14.03878	7.49786237	7.40892267	7.75093511	7.73180859	
14.04896	7.50419696	7.41764932	7.7572697	7.74053523	
14.05938	7.51015807	7.41764932	7.76323081	7.74926188	
14.06918	7.51532106	7.41764932	7.76839381	7.74926188	
14.07929	7.52016837	7.41764932	7.77324111	7.74926188	
14.08946	7.52457567	7.41764932	7.77764841	7.75798853	
14.09962	7.52851633	7.41764932	7.78158908	7.75798853	
14.10974	7.53199841	7.41764932	7.78507115	7.75798853	
14.11985	7.53505111	7.41764932	7.78812385	7.75798853	
14.13018	7.53773295	7.41764932	7.79080569	7.75798853	
14.14018	7.53995076	7.41764932	7.7930235	7.75798853	
14.15036	7.54182797	7.41764932	7.79490071	7.75798853	
14.16043	7.54334503	7.41764932	7.79641777	7.75798853	
14.17056	7.54775269	7.41764932	7.80082543	7.75798853	
14.18066	7.54775269	7.41764932	7.80082543	7.75798853	
14.19093	7.54775269	7.41764932	7.80082543	7.75798853	
14.20096	7.54775269	7.41764932	7.80082543	7.75798853	
14.21115	7.54775269	7.41764932	7.80082543	7.75798853	
14.2212	7.54775269	7.41764932	7.80082543	7.75798853	
14.23155	7.54775269	7.41764932	7.80082543	7.75798853	
14.24151	7.54775269	7.41764932	7.80082543	7.75798853	
14.25167	7.54775269	7.41764932	7.80082543	7.75798853	
14.26176	7.54775269	7.41764932	7.80082543	7.75798853	
14.27186	7.54775269	7.41764932	7.80082543	7.75798853	
14.28199	7.54775269	7.41764932	7.80082543	7.75798853	
14.29215	7.54775269	7.41764932	7.80082543	7.75798853	
14.30232	7.54775269	7.41764932	7.80082543	7.75798853	
14.31239	7.54775269	7.41764932	7.80082543	7.75798853	
14.32248	7.54775269	7.41764932	7.80082543	7.75798853	
14.33291	7.54775269	7.41764932	7.80082543	7.75798853	
14.3431	7.54775269	7.41764932	7.80082543	7.75798853	
14.35481	7.54775269	7.41764932	7.80082543	7.76671517	
14.36301	7.54775269	7.41764932	7.80082543	7.76671517	
14.37312	7.54775269	7.41764932	7.80082543	7.76671517	
14.38325	7.54775269	7.41764932	7.80082543	7.76671517	
14.39341	7.54775269	7.41764932	7.80082543	7.76671517	
14.40357	7.54775269	7.41764932	7.80082543	7.76671517	
14.42149	7.54775269	7.41764932	7.80082543	7.76671517	
14.42577	7.54775269	7.41764932	7.80082543	7.76671517	
14.43594	7.54775269	7.41764932	7.80082543	7.76671517	
14.44625	7.54775269	7.41764932	7.80082543	7.76671517	
14.45626	7.54775269	7.41764932	7.80082543	7.76671517	
14.46653	7.54775269	7.41764932	7.80082543	7.76671517	
14.4765	7.54775269	7.41764932	7.80082543	7.76671517	
14.48669	7.54775269	7.41764932	7.80082543	7.76671517	
14.49681	7.54775269	7.41764932	7.80082543	7.76671517	
14.5069	7.54775269	7.41764932	7.80082543	7.76671517	
14.51708	7.54775269	7.41764932	7.80082543	7.76671517	
14.52717	7.54775269	7.41764932	7.80082543	7.76671517	
14.53734	7.54775269	7.41764932	7.80082543	7.76671517	
14.54781	7.54775269	7.41764932	7.80082543	7.76671517	
14.55765	7.54775269	7.41764932	7.80082543	7.76671517	
14.56778	7.54775269	7.41764932	7.80082543	7.76671517	
14.57786	7.54775269	7.41764932	7.80082543	7.76671517	
14.588	7.54775269	7.41764932	7.80082543	7.76671517	
14.59822	7.54775269	7.41764932	7.80082543	7.76671517	
14.60828	7.54775269	7.41764932	7.80082543	7.76671517	
14.61841	7.54775269	7.41764932	7.80082543	7.76671517	
14.62851	7.54775269	7.41764932	7.80082543	7.76671517	
14.63869	7.54775269	7.41764932	7.80082543	7.76671517	
14.6489	7.54775269	7.41764932	7.80082543	7.76671517	
14.65898	7.54775269	7.41764932	7.80082543	7.76671517	
14.66911	7.54775269	7.41764932	7.80082543	7.76671517	
14.67926	7.54775269	7.41764932	7.80082543	7.76671517	
14.68933	7.54775269	7.41764932	7.80082543	7.76671517	
14.69955	7.54775269	7.41764932	7.80082543	7.76671517	
14.70966	7.54775269	7.41764932	7.80082543	7.76671517	
14.71979	7.54775269	7.41764932	7.80082543	7.76671517	
14.72991	7.54775269	7.41764932	7.80082543	7.76671517	
14.74019	7.54775269	7.41764932	7.80082543	7.76671517	
14.75032	7.54775269	7.41764932	7.80082543	7.76671517	
14.76034	7.54775269	7.41764932	7.80082543	7.76671517	
14.77045	7.54775269	7.41764932	7.80082543	7.76671517	
14.78059	7.54775269	7.41764932	7.80082543	7.76671517	
14.79066	7.54775269	7.41764932	7.80082543	7.76671517	
14.80087	7.54775269	7.41764932	7.80082543	7.76671517	
14.81097	7.54775269	7.41764932	7.80082543	7.76671517	
14.8211	7.54775269	7.41764932	7.80082543	7.76671517	
14.8312	7.54775269	7.41764932	7.80082543	7.76671517	
14.84154	7.54775269	7.41764932	7.80082543	7.76671517	
14.85962	7.54775269	7.41764932	7.80082543	7.76671517	
14.86415	7.54775269	7.41764932	7.80082543	7.76671517	
14.87426	7.54775269	7.41764932	7.80082543	7.76671517	
14.88437	7.54775269	7.41764932	7.80082543	7.76671517	
14.89457	7.54775269	7.41764932	7.80082543	7.76671517	
14.90467	7.54775269	7.41764932	7.80082543	7.76671517	
14.91484	7.54775269	7.41764932	7.80082543	7.76671517	
14.92496	7.54775269	7.41764932	7.80082543	7.76671517	
14.93508	7.54775269	7.41764932	7.80082543	7.76671517	
14.94577	7.54775269	7.41764932	7.80082543	7.76671517	
14.9554	7.54775269	7.41764932	7.80082543	7.76671517	
14.96553	7.54775269	7.41764932	7.80082543	7.76671517	
14.9759	7.54775269	7.41764932	7.80082543	7.76671517	
14.986	7.54775269	7.41764932	7.80082543	7.76671517	
14.99617	7.54775269	7.41764932	7.80082543	7.76671517	
15.00635	7.54775269	7.41764932	7.80082543	7.76671517	
15.01893	7.54775269	7.41764932	7.80082543	7.76671517	
15.02653	7.54775269	7.41764932	7.80082543	7.76671517	
15.03663	7.54775269	7.41764932	7.80082543	7.76671517	
15.04704	7.54775269	7.41764932	7.80082543	7.76671517	
15.05699	7.54775269	7.41764932	7.80082543	7.76671517	
15.06711	7.54775269	7.41764932	7.80082543	7.76671517	
15.07725	7.54775269	7.41764932	7.80082543	7.76671517	
15.08735	7.54775269	7.41764932	7.80082543	7.76671517	
15.09753	7.54775269	7.41764932	7.80082543	7.76671517	
15.10764	7.54775269	7.41764932	7.80082543	7.76671517	
15.1178	7.54775269	7.41764932	7.80082543	7.76671517	
15.12792	7.54775269	7.41764932	7.80082543	7.76671517	
15.138	7.54775269	7.41764932	7.80082543	7.76671517	
15.15726	7.54775269	7.41764932	7.80082543	7.76671517	
15.16163	7.54775269	7.41764932	7.80082543	7.76671517	
15.17175	7.54775269	7.41764932	7.80082543	7.76671517	
15.18185	7.54775269	7.41764932	7.80082543	7.76671517	
15.192	7.54775269	7.41764932	7.80082543	7.76671517	
15.20218	7.54775269	7.41764932	7.80082543	7.76671517	
15.21232	7.54775269	7.41764932	7.80082543	7.76671517	
15.22244	7.54775269	7.41764932	7.80082543	7.76671517	
15.23251	7.54775269	7.41764932	7.80082543	7.76671517	
15.24298	7.54775269	7.41764932	7.80082543	7.76671517	
15.25287	7.54775269	7.41764932	7.80082543	7.76671517	
15.26295	7.54775269	7.41764932	7.80082543	7.76671517	
15.27306	7.54775269	7.41764932	7.80082543	7.76671517	
15.28316	7.54775269	7.41764932	7.80082543	7.76671517	
15.29329	7.54775269	7.41764932	7.80082543	7.76671517	
15.30351	7.54775269	7.41764932	7.80082543	7.76671517	
15.31363	7.54775269	7.41764932	7.80082543	7.76671517	
15.32378	7.54775269	7.41764932	7.80082543	7.76671517	
15.33381	7.54775269	7.41764932	7.80082543	7.76671517	
15.34423	7.54775269	7.41764932	7.80082543	7.76671517	
15.35436	7.54775269	7.41764932	7.80082543	7.76671517	
15.36453	7.54775269	7.41764932	7.80082543	7.76671517	
15.37465	7.54775269	7.41764932	7.80082543	7.76671517	
15.38474	7.54775269	7.41764932	7.80082543	7.76671517	
15.39494	7.54775269	7.41764932	7.80082543	7.76671517	
15.40508	7.54775269	7.41764932	7.80082543	7.76671517	
15.41519	7.54775269	7.41764932	7.80082543	7.76671517	
15.42532	7.54775269	7.41764932	7.80082543	7.76671517	
15.43542	7.54775269	7.41764932	7.80082543	7.76671517	
15.44559	7.54775269	7.41764932	7.80082543	7.76671517	
15.45582	7.54775269	7.41764932	7.80082543	7.76671517	
15.46598	7.54775269	7.41764932	7.80082543	7.76671517	
15.47609	7.54775269	7.41764932	7.80082543	7.76671517	
15.4863	7.54775269	7.41764932	7.80082543	7.76671517	
15.49633	7.54775269	7.41764932	7.80082543	7.76671517	
15.50646	7.54775269	7.41764932	7.80082543	7.76671517	
15.51662	7.54775269	7.41764932	7.80082543	7.76671517	
15.52676	7.54775269	7.41764932	7.80082543	7.76671517	
15.53688	7.54775269	7.41764932	7.80082543	7.76671517	
15.54698	7.54775269	7.41764932	7.80082543	7.76671517	
15.55722	7.54775269	7.41764932	7.80082543	7.76671517	
15.56736	7.54775269	7.41764932	7.80082543	7.76671517	
15.57743	7.54775269	7.41764932	7.80082543	7.76671517	
15.58755	7.54775269	7.41764932	7.80082543	7.76671517	
15.59768	7.54775269	7.41764932	7.80082543	7.76671517	
15.60789	7.54775269	7.41764932	7.80082543	7.76671517	
15.61799	7.54775269	7.41764932	7.80082543	7.76671517	
15.62812	7.54775269	7.41764932	7.80082543	7.76671517	
15.63834	7.54775269	7.41764932	7.80082543	7.76671517	
15.64836	7.54775269	7.41764932	7.80082543	7.76671517	
15.65859	7.54775269	7.41764932	7.80082543	7.76671517	
15.66877	7.54775269	7.41764932	7.80082543	7.76671517	
15.67888	7.54775269	7.41764932	7.80082543	7.76671517	
15.68898	7.54775269	7.41764932	7.80082543	7.76671517	
15.69908	7.54775269	7.41764932	7.80082543	7.76671517	
15.70927	7.54775269	7.41764932	7.80082543	7.76671517	
15.7194	7.54775269	7.41764932	7.80082543	7.76671517	
15.72953	7.54775269	7.41764932	7.80082543	7.76671517	
15.75282	7.54775269	7.41764932	7.80082543	7.76671517	
15.7629	7.54775269	7.41764932	7.80082543	7.76671517	
15.77266	7.54775269	7.41764932	7.80082543	7.76671517	
15.78278	7.54775269	7.41764932	7.80082543	7.76671517	
15.79289	7.54775269	7.41764932	7.80082543	7.76671517	
15.80309	7.54775269	7.41764932	7.80082543	7.76671517	
15.81318	7.54775269	7.41764932	7.80082543	7.76671517	
15.82332	7.54775269	7.41764932	7.80082543	7.76671517	
15.83343	7.54775269	7.41764932	7.80082543	7.76671517	
15.84353	7.54775269	7.41764932	7.80082543	7.76671517	
15.86274	7.54775269	7.41764932	7.80082543	7.76671517	
15.86708	7.54775269	7.41764932	7.80082543	7.76671517	
15.88731	7.54775269	7.41764932	7.80082543	7.76671517	
15.89168	7.54775269	7.41764932	7.80082543	7.76671517	
15.90177	7.54775269	7.41764932	7.80082543	7.76671517	
15.91191	7.54775269	7.41764932	7.80082543	7.76671517	
15.92203	7.54775269	7.41764932	7.80082543	7.76671517	
15.93222	7.54775269	7.41764932	7.80082543	7.76671517	
15.94237	7.54775269	7.41764932	7.80082543	7.76671517	
15.95278	7.54775269	7.41764932	7.80082543	7.76671517	
15.9626	7.54775269	7.41764932	7.80082543	7.76671517	
15.97274	7.54775269	7.41764932	7.80082543	7.76671517	
15.98284	7.54775269	7.41764932	7.80082543	7.76671517	
15.99295	7.54775269	7.41764932	7.80082543	7.76671517	
16.00316	7.54775269	7.41764932	7.80082543	7.76671517	
16.01322	7.54775269	7.41764932	7.80082543	7.76671517	
16.02339	7.54775269	7.41764932	7.80082543	7.76671517	
16.03347	7.54775269	7.41764932	7.80082543	7.76671517	
16.05161	7.54775269	7.41764932	7.80082543	7.76671517	
16.05603	7.54775269	7.41764932	7.80082543	7.76671517	
16.06636	7.54775269	7.41764932	7.80082543	7.76671517	
16.0765	7.54775269	7.41764932	7.80082543	7.76671517	
16.08654	7.54775269	7.41764932	7.80082543	7.76671517	
16.09657	7.54775269	7.41764932	7.80082543	7.76671517	
16.10675	7.54775269	7.41764932	7.80082543	7.76671517	
16.11692	7.54775269	7.41764932	7.80082543	7.76671517	
16.12703	7.54775269	7.41764932	7.80082543	7.76671517	
16.13717	7.54775269	7.41764932	7.80082543	7.76671517	
16.14724	7.54775269	7.41764932	7.80082543	7.76671517	
16.1574	7.54775269	7.41764932	7.80082543	7.76671517	
16.16765	7.54775269	7.41764932	7.80082543	7.76671517	
16.17772	7.54775269	7.41764932	7.80082543	7.76671517	
16.18785	7.54775269	7.41764932	7.80082543	7.76671517	
16.19795	7.54775269	7.41764932	7.80082543	7.76671517	
16.20813	7.54775269	7.41764932	7.80082543	7.76671517	
16.21838	7.54775269	7.41764932	7.80082543	7.76671517	
16.22838	7.54775269	7.41764932	7.80082543	7.76671517	
16.23854	7.54775269	7.41764932	7.80082543	7.76671517	
16.2486	7.54775269	7.41764932	7.80082543	7.76671517	
16.25877	7.54775269	7.41764932	7.80082543	7.76671517	
16.26903	7.54775269	7.41764932	7.80082543	7.76671517	
16.27909	7.54775269	7.41764932	7.80082543	7.76671517	
16.2892	7.54775269	7.41764932	7.80082543	7.76671517	
16.2993	7.54775269	7.41764932	7.80082543	7.76671517	
16.30943	7.54775269	7.41764932	7.80082543	7.76671517	
16.31965	7.54775269	7.41764932	7.80082543	7.76671517	
16.32975	7.54775269	7.41764932	7.80082543	7.76671517	
16.33989	7.54775269	7.41764932	7.80082543	7.76671517	
16.35	7.54775269	7.41764932	7.80082543	7.76671517	
16.36019	7.54775269	7.41764932	7.80082543	7.76671517	
16.37034	7.54775269	7.41764932	7.80082543	7.76671517	
16.38041	7.54775269	7.41764932	7.80082543	7.76671517	
16.39054	7.54775269	7.41764932	7.80082543	7.76671517	
16.40071	7.54775269	7.41764932	7.80082543	7.76671517	
16.41091	7.54775269	7.41764932	7.80082543	7.76671517	
16.42098	7.54775269	7.41764932	7.80082543	7.76671517	
16.43107	7.54775269	7.41764932	7.80082543	7.76671517	
16.4412	7.54775269	7.41764932	7.80082543	7.76671517	
16.4513	7.54775269	7.41764932	7.80082543	7.76671517	
16.46157	7.54775269	7.41764932	7.80082543	7.76671517	
16.47169	7.54775269	7.41764932	7.80082543	7.76671517	
16.48174	7.54775269	7.41764932	7.80082543	7.76671517	
16.4919	7.54775269	7.41764932	7.80082543	7.76671517	
16.50199	7.54775269	7.41764932	7.80082543	7.76671517	
16.51213	7.54775269	7.41764932	7.80082543	7.76671517	
16.52231	7.54775269	7.41764932	7.80082543	7.76671517	
16.53239	7.54775269	7.41764932	7.80082543	7.76671517	
16.54252	7.54775269	7.41764932	7.80082543	7.76671517	
16.55278	7.54775269	7.41764932	7.80082543	7.76671517	
16.56414	7.54775269	7.41764932	7.80082543	7.76671517	
16.57296	7.54775269	7.41764932	7.80082543	7.76671517	
16.58301	7.54775269	7.41764932	7.80082543	7.76671517	
16.59317	7.54775269	7.41764932	7.80082543	7.76671517	
16.60325	7.54775269	7.41764932	7.80082543	7.76671517	
16.61343	7.54775269	7.41764932	7.80082543	7.76671517	
16.62357	7.54775269	7.41764932	7.80082543	7.76671517	
16.64155	7.54775269	7.41764932	7.80082543	7.76671517	
16.64589	7.54775269	7.41764932	7.80082543	7.76671517	
16.65596	7.54775269	7.41764932	7.80082543	7.76671517	
16.66697	7.54775269	7.41764932	7.80082543	7.76671517	
16.67634	7.54775269	7.41764932	7.80082543	7.76671517	
16.6865	7.54775269	7.41764932	7.80082543	7.76671517	
16.69664	7.54775269	7.41764932	7.80082543	7.76671517	
16.70673	7.54775269	7.41764932	7.80082543	7.76671517	
16.71693	7.54775269	7.41764932	7.80082543	7.76671517	
16.72721	7.54775269	7.41764932	7.80082543	7.76671517	
16.73718	7.54775269	7.41764932	7.80082543	7.76671517	
16.7473	7.54775269	7.41764932	7.80082543	7.76671517	
16.75739	7.54775269	7.41764932	7.80082543	7.76671517	
16.76823	7.54775269	7.41764932	7.80082543	7.76671517	
16.77769	7.54775269	7.41764932	7.80082543	7.76671517	
16.78783	7.54775269	7.41764932	7.80082543	7.76671517	
16.79796	7.54775269	7.41764932	7.80082543	7.76671517	
16.80806	7.54775269	7.41764932	7.80082543	7.76671517	
16.81823	7.54775269	7.41764932	7.80082543	7.76671517	
16.82836	7.54775269	7.41764932	7.80082543	7.76671517	
16.83855	7.54775269	7.41764932	7.80082543	7.76671517	
16.84862	7.54775269	7.41764932	7.80082543	7.76671517	
16.85872	7.54775269	7.41764932	7.80082543	7.76671517	
16.86954	7.54775269	7.41764932	7.80082543	7.76671517	
16.87909	7.54775269	7.41764932	7.80082543	7.76671517	
16.88917	7.54775269	7.41764932	7.80082543	7.76671517	
16.89933	7.54775269	7.41764932	7.80082543	7.76671517	
16.90941	7.54775269	7.41764932	7.80082543	7.76671517	
16.91958	7.54775269	7.41764932	7.80082543	7.76671517	
16.92975	7.54775269	7.41764932	7.80082543	7.76671517	
16.93985	7.54775269	7.41764932	7.80082543	7.76671517	
16.94998	7.54775269	7.41764932	7.80082543	7.76671517	
16.96013	7.54775269	7.41764932	7.80082543	7.76671517	
16.97088	7.54775269	7.41764932	7.80082543	7.76671517	
16.98041	7.54775269	7.41764932	7.80082543	7.76671517	
16.99051	7.54775269	7.41764932	7.80082543	7.76671517	
17.00097	7.54775269	7.41764932	7.80082543	7.76671517	
17.01073	7.54775269	7.41764932	7.80082543	7.76671517	
17.02319	7.54775269	7.41764932	7.80082543	7.76671517	
17.03097	7.54775269	7.41764932	7.80082543	7.76671517	
17.04117	7.54775269	7.41764932	7.80082543	7.76671517	
17.05128	7.54775269	7.41764932	7.80082543	7.76671517	
17.06161	7.54775269	7.41764932	7.80082543	7.76671517	
17.07216	7.54775269	7.41764932	7.80082543	7.76671517	
17.08176	7.54775269	7.41764932	7.80082543	7.76671517	
17.09185	7.54775269	7.41764932	7.80082543	7.76671517	
17.10203	7.54775269	7.41764932	7.80082543	7.76671517	
17.11216	7.54775269	7.41764932	7.80082543	7.76671517	
17.13052	7.54775269	7.41764932	7.80082543	7.76671517	
17.13485	7.54775269	7.41764932	7.80082543	7.76671517	
17.15297	7.54775269	7.41764932	7.80082543	7.76671517	
17.15729	7.54775269	7.41764932	7.80082543	7.76671517	
17.16739	7.54775269	7.41764932	7.80082543	7.76671517	
17.17762	7.54775269	7.41764932	7.80082543	7.76671517	
17.18772	7.54775269	7.41764932	7.80082543	7.76671517	
17.19789	7.54775269	7.41764932	7.80082543	7.76671517	
17.20805	7.54775269	7.41764932	7.80082543	7.76671517	
17.21812	7.54775269	7.41764932	7.80082543	7.76671517	
17.22831	7.54775269	7.41764932	7.80082543	7.76671517	
17.23851	7.54775269	7.41764932	7.80082543	7.76671517	
17.24858	7.54775269	7.41764932	7.80082543	7.76671517	
17.25869	7.54775269	7.41764932	7.80082543	7.76671517	
17.26879	7.54775269	7.41764932	7.80082543	7.76671517	
17.27903	7.54775269	7.41764932	7.80082543	7.76671517	
17.28917	7.54775269	7.41764932	7.80082543	7.76671517	
17.29926	7.54775269	7.41764932	7.80082543	7.76671517	
17.30948	7.54775269	7.41764932	7.80082543	7.76671517	
17.31954	7.54775269	7.41764932	7.80082543	7.76671517	
17.32973	7.54775269	7.41764932	7.80082543	7.76671517	
17.33987	7.54775269	7.41764932	7.80082543	7.76671517	
17.34997	7.54775269	7.41764932	7.80082543	7.76671517	
17.36011	7.54775269	7.41764932	7.80082543	7.76671517	
17.37021	7.54775269	7.41764932	7.80082543	7.76671517	
17.38043	7.54775269	7.41764932	7.80082543	7.76671517	
17.39056	7.54775269	7.41764932	7.80082543	7.76671517	
17.40067	7.54775269	7.41764932	7.80082543	7.76671517	
17.41084	7.54775269	7.41764932	7.80082543	7.76671517	
17.42134	7.54775269	7.41764932	7.80082543	7.76671517	
17.43107	7.54775269	7.41764932	7.80082543	7.76671517	
17.44118	7.54775269	7.41764932	7.80082543	7.76671517	
17.45131	7.54775269	7.41764932	7.80082543	7.76671517	
17.46142	7.54775269	7.41764932	7.80082543	7.76671517	
17.47157	7.54775269	7.41764932	7.80082543	7.76671517	
17.48176	7.54775269	7.41764932	7.80082543	7.76671517	
17.49187	7.54775269	7.41764932	7.80082543	7.76671517	
17.50196	7.54775269	7.41764932	7.80082543	7.76671517	
17.51226	7.54775269	7.41764932	7.80082543	7.76671517	
17.53051	7.54775269	7.41764932	7.80082543	7.76671517	
17.53485	7.54775269	7.41764932	7.80082543	7.76671517	
17.54494	7.54775269	7.41764932	7.80082543	7.76671517	
17.55528	7.54775269	7.41764932	7.80082543	7.76671517	
17.5652	7.54775269	7.41764932	7.80082543	7.76671517	
17.57534	7.54775269	7.41764932	7.80082543	7.76671517	
17.58553	7.54775269	7.41764932	7.80082543	7.76671517	
17.59565	7.54775269	7.41764932	7.80082543	7.76671517	
17.60579	7.54775269	7.41764932	7.80082543	7.76671517	
17.616	7.54775269	7.41764932	7.80082543	7.76671517	
17.62611	7.54775269	7.41764932	7.80082543	7.76671517	
17.63624	7.54775269	7.41764932	7.80082543	7.76671517	
17.64644	7.54775269	7.41764932	7.80082543	7.76671517	
17.6565	7.54775269	7.41764932	7.80082543	7.76671517	
17.6666	7.54775269	7.41764932	7.80082543	7.76671517	
17.67677	7.54775269	7.41764932	7.80082543	7.76671517	
17.68729	7.54775269	7.41764932	7.80082543	7.76671517	
17.69708	7.54775269	7.41764932	7.80082543	7.76671517	
17.70721	7.54775269	7.41764932	7.80082543	7.76671517	
17.71762	7.54775269	7.41764932	7.80082543	7.76671517	
17.7275	7.54775269	7.41764932	7.80082543	7.76671517	
17.73761	7.54775269	7.41764932	7.80082543	7.76671517	
17.74774	7.54775269	7.41764932	7.80082543	7.76671517	
17.75789	7.54775269	7.41764932	7.80082543	7.76671517	
17.768	7.54775269	7.41764932	7.80082543	7.76671517	
17.77929	7.54775269	7.41764932	7.80082543	7.76671517	
17.78833	7.54775269	7.41764932	7.80082543	7.76671517	
17.79848	7.54775269	7.41764932	7.80082543	7.76671517	
17.80857	7.54775269	7.41764932	7.80082543	7.76671517	
17.81882	7.54775269	7.41764932	7.80082543	7.76671517	
17.82885	7.54775269	7.41764932	7.80082543	7.76671517	
17.83898	7.54775269	7.41764932	7.80082543	7.76671517	
17.84911	7.54775269	7.41764932	7.80082543	7.76671517	
17.85923	7.54775269	7.41764932	7.80082543	7.76671517	
17.86934	7.54775269	7.41764932	7.80082543	7.76671517	
17.88906	7.54775269	7.41764932	7.80082543	7.76671517	
17.89343	7.54775269	7.41764932	7.80082543	7.76671517	
17.90354	7.54775269	7.41764932	7.80082543	7.76671517	
17.92152	7.54775269	7.41764932	7.80082543	7.76671517	
17.92583	7.54775269	7.41764932	7.80082543	7.76671517	
17.93617	7.54775269	7.41764932	7.80082543	7.76671517	
17.94612	7.54775269	7.41764932	7.80082543	7.76671517	
17.95625	7.54775269	7.41764932	7.80082543	7.76671517	
17.96643	7.54775269	7.41764932	7.80082543	7.76671517	
17.97648	7.54775269	7.41764932	7.80082543	7.76671517	
17.98666	7.54775269	7.41764932	7.80082543	7.76671517	
17.99684	7.54775269	7.41764932	7.80082543	7.76671517	
18.00696	7.54775269	7.41764932	7.80082543	7.76671517	
18.01711	7.54775269	7.41764932	7.80082543	7.76671517	
18.02737	7.54775269	7.41764932	7.80082543	7.76671517	
18.03748	7.54775269	7.41764932	7.80082543	7.76671517	
18.04758	7.54775269	7.41764932	7.80082543	7.76671517	
18.05773	7.54775269	7.41764932	7.80082543	7.76671517	
18.0679	7.54775269	7.41764932	7.80082543	7.76671517	
18.07799	7.54775269	7.41764932	7.80082543	7.76671517	
18.08821	7.54775269	7.41764932	7.80082543	7.76671517	
18.09835	7.54775269	7.41764932	7.80082543	7.76671517	
18.10845	7.54775269	7.41764932	7.80082543	7.76671517	
18.11863	7.54775269	7.41764932	7.80082543	7.76671517	
18.12874	7.54775269	7.41764932	7.80082543	7.76671517	
18.13889	7.54775269	7.41764932	7.80082543	7.76671517	
18.14904	7.54775269	7.41764932	7.80082543	7.76671517	
18.15915	7.54775269	7.41764932	7.80082543	7.76671517	
18.16927	7.54775269	7.41764932	7.80082543	7.76671517	
18.17937	7.54775269	7.41764932	7.80082543	7.76671517	
18.18956	7.54775269	7.41764932	7.80082543	7.76671517	
18.19975	7.54775269	7.41764932	7.80082543	7.76671517	
18.20985	7.54775269	7.41764932	7.80082543	7.76671517	
18.22011	7.54775269	7.41764932	7.80082543	7.76671517	
18.23022	7.54775269	7.41764932	7.80082543	7.76671517	
18.24027	7.54775269	7.41764932	7.80082543	7.76671517	
18.25037	7.54775269	7.41764932	7.80082543	7.76671517	
18.26049	7.54775269	7.41764932	7.80082543	7.76671517	
18.27067	7.54775269	7.41764932	7.80082543	7.76671517	
18.28071	7.54775269	7.41764932	7.80082543	7.76671517	
18.29094	7.54775269	7.41764932	7.80082543	7.76671517	
18.30116	7.54775269	7.41764932	7.80082543	7.76671517	
18.31121	7.54775269	7.41764932	7.80082543	7.76671517	
18.32128	7.54775269	7.41764932	7.80082543	7.76671517	
18.33157	7.54775269	7.41764932	7.80082543	7.76671517	
18.34156	7.54775269	7.41764932	7.80082543	7.76671517	
18.35168	7.54775269	7.41764932	7.80082543	7.76671517	
18.36182	7.54775269	7.41764932	7.80082543	7.76671517	
18.37194	7.54775269	7.41764932	7.80082543	7.76671517	
18.38204	7.54775269	7.41764932	7.80082543	7.76671517	
18.40041	7.54775269	7.41764932	7.80082543	7.76671517	
18.40477	7.54775269	7.41764932	7.80082543	7.76671517	
18.41491	7.54775269	7.41764932	7.80082543	7.76671517	
18.42499	7.54775269	7.41764932	7.80082543	7.76671517	
18.43519	7.54775269	7.41764932	7.80082543	7.76671517	
18.44531	7.54775269	7.41764932	7.80082543	7.76671517	
18.45544	7.54775269	7.41764932	7.80082543	7.76671517	
18.46556	7.54775269	7.41764932	7.80082543	7.76671517	
18.47566	7.54775269	7.41764932	7.80082543	7.76671517	
18.48586	7.54775269	7.41764932	7.80082543	7.76671517	
18.49616	7.54775269	7.41764932	7.80082543	7.76671517	
18.50621	7.54775269	7.41764932	7.80082543	7.76671517	
18.51638	7.54775269	7.41764932	7.80082543	7.76671517	
18.52654	7.54775269	7.41764932	7.80082543	7.76671517	
18.53684	7.54775269	7.41764932	7.80082543	7.76671517	
18.54674	7.54775269	7.41764932	7.80082543	7.76671517	
18.55692	7.54775269	7.41764932	7.80082543	7.76671517	
18.56703	7.54775269	7.41764932	7.80082543	7.76671517	
18.57711	7.54775269	7.41764932	7.80082543	7.76671517	
18.58725	7.54775269	7.41764932	7.80082543	7.76671517	
18.5975	7.54775269	7.41764932	7.80082543	7.76671517	
18.60759	7.54775269	7.41764932	7.80082543	7.76671517	
18.61773	7.54775269	7.41764932	7.80082543	7.76671517	
18.62781	7.54775269	7.41764932	7.80082543	7.76671517	
18.63802	7.54775269	7.41764932	7.80082543	7.76671517	
18.64814	7.54775269	7.41764932	7.80082543	7.76671517	
18.65826	7.54775269	7.41764932	7.80082543	7.76671517	
18.6684	7.54775269	7.41764932	7.80082543	7.76671517	
18.67857	7.54775269	7.41764932	7.80082543	7.76671517	
18.68868	7.54775269	7.41764932	7.80082543	7.76671517	
18.69888	7.54775269	7.41764932	7.80082543	7.76671517	
18.70898	7.54775269	7.41764932	7.80082543	7.76671517	
18.71912	7.54775269	7.41764932	7.80082543	7.76671517	
18.72924	7.54775269	7.41764932	7.80082543	7.76671517	
18.73936	7.54775269	7.41764932	7.80082543	7.76671517	
18.74954	7.54775269	7.41764932	7.80082543	7.76671517	
18.75966	7.54775269	7.41764932	7.80082543	7.76671517	
18.76981	7.54775269	7.41764932	7.80082543	7.76671517	
18.77996	7.54775269	7.41764932	7.80082543	7.76671517	
18.7902	7.54775269	7.41764932	7.80082543	7.76671517	
18.80021	7.54775269	7.41764932	7.80082543	7.76671517	
18.81034	7.54775269	7.41764932	7.80082543	7.76671517	
18.82045	7.54775269	7.41764932	7.80082543	7.76671517	
18.83066	7.54775269	7.41764932	7.80082543	7.76671517	
18.84066	7.54775269	7.41764932	7.80082543	7.76671517	
18.85087	7.54775269	7.41764932	7.80082543	7.76671517	
18.86098	7.54775269	7.41764932	7.80082543	7.76671517	
18.87113	7.54775269	7.41764932	7.80082543	7.76671517	
18.88123	7.54775269	7.41764932	7.80082543	7.76671517	
18.89277	7.54775269	7.41764932	7.80082543	7.76671517	
18.90158	7.54775269	7.41764932	7.80082543	7.76671517	
18.91166	7.54775269	7.41764932	7.80082543	7.76671517	
18.92179	7.54775269	7.41764932	7.80082543	7.76671517	
18.93189	7.54775269	7.41764932	7.80082543	7.76671517	
18.94205	7.54775269	7.41764932	7.80082543	7.76671517	
18.96007	7.54775269	7.41764932	7.80082543	7.76671517	
18.96439	7.54775269	7.41764932	7.80082543	7.76671517	
18.9746	7.54775269	7.41764932	7.80082543	7.76671517	
18.98462	7.54775269	7.41764932	7.80082543	7.76671517	
18.99541	7.54775269	7.41764932	7.80082543	7.76671517	
19.00521	7.54775269	7.41764932	7.80082543	7.76671517	
19.01529	7.54775269	7.41764932	7.80082543	7.76671517	
19.03531	7.54775269	7.41764932	7.80082543	7.76671517	
19.03962	7.54775269	7.41764932	7.80082543	7.76671517	
19.04981	7.54775269	7.41764932	7.80082543	7.76671517	
19.0599	7.54775269	7.41764932	7.80082543	7.76671517	
19.07007	7.54775269	7.41764932	7.80082543	7.76671517	
19.08021	7.54775269	7.41764932	7.80082543	7.76671517	
19.09027	7.54775269	7.41764932	7.80082543	7.76671517	
19.10052	7.54775269	7.41764932	7.80082543	7.76671517	
19.11072	7.54775269	7.41764932	7.80082543	7.76671517	
19.12082	7.54775269	7.41764932	7.80082543	7.76671517	
19.13088	7.54775269	7.41764932	7.80082543	7.76671517	
19.14136	7.54775269	7.41764932	7.80082543	7.76671517	
19.15923	7.54775269	7.41764932	7.80082543	7.76671517	
19.16357	7.54775269	7.41764932	7.80082543	7.76671517	
19.18152	7.54775269	7.41764932	7.80082543	7.76671517	
19.1858	7.54775269	7.41764932	7.80082543	7.76671517	
19.19655	7.54775269	7.41764932	7.80082543	7.76671517	
19.20617	7.54775269	7.41764932	7.80082543	7.76671517	
19.21625	7.54775269	7.41764932	7.80082543	7.76671517	
19.2264	7.54775269	7.41764932	7.80082543	7.76671517	
19.23651	7.54775269	7.41764932	7.80082543	7.76671517	
19.24672	7.54775269	7.41764932	7.80082543	7.76671517	
19.25683	7.54775269	7.41764932	7.80082543	7.76671517	
19.26694	7.54775269	7.41764932	7.80082543	7.76671517	
19.27711	7.54775269	7.41764932	7.80082543	7.76671517	
19.28718	7.54775269	7.41764932	7.80082543	7.76671517	
19.29777	7.54775269	7.41764932	7.80082543	7.76671517	
19.30754	7.54775269	7.41764932	7.80082543	7.76671517	
19.31763	7.54775269	7.41764932	7.80082543	7.76671517	
19.32777	7.54775269	7.41764932	7.80082543	7.76671517	
19.33786	7.54775269	7.41764932	7.80082543	7.76671517	
19.34806	7.54775269	7.41764932	7.80082543	7.76671517	
19.3679	7.54775269	7.41764932	7.80082543	7.76671517	
19.37234	7.54775269	7.41764932	7.80082543	7.76671517	
19.38241	7.54775269	7.41764932	7.80082543	7.76671517	
19.39294	7.54775269	7.41764932	7.80082543	7.76671517	
19.40309	7.54775269	7.41764932	7.80082543	7.76671517	
19.41324	7.54775269	7.41764932	7.80082543	7.76671517	
19.42332	7.54775269	7.41764932	7.80082543	7.76671517	
19.4334	7.54775269	7.41764932	7.80082543	7.76671517	
19.44358	7.54775269	7.41764932	7.80082543	7.76671517	
19.46159	7.54775269	7.41764932	7.80082543	7.76671517	
19.46594	7.54775269	7.41764932	7.80082543	7.76671517	
19.47607	7.54775269	7.41764932	7.80082543	7.76671517	
19.48617	7.54775269	7.41764932	7.80082543	7.76671517	
19.49632	7.54775269	7.41764932	7.80082543	7.76671517	
19.50648	7.54775269	7.41764932	7.80082543	7.76671517	
19.51665	7.54775269	7.41764932	7.80082543	7.76671517	
19.52682	7.54775269	7.41764932	7.80082543	7.76671517	
19.5369	7.54775269	7.41764932	7.80082543	7.76671517	
19.54699	7.54775269	7.41764932	7.80082543	7.76671517	
19.5574	7.54775269	7.41764932	7.80082543	7.76671517	
19.56732	7.54775269	7.41764932	7.80082543	7.76671517	
19.5774	7.54775269	7.41764932	7.80082543	7.76671517	
19.5876	7.54775269	7.41764932	7.80082543	7.76671517	
19.59766	7.54775269	7.41764932	7.80082543	7.76671517	
19.60789	7.54775269	7.41764932	7.80082543	7.76671517	
19.61802	7.54775269	7.41764932	7.80082543	7.76671517	
19.62817	7.54775269	7.41764932	7.80082543	7.76671517	
19.63827	7.54775269	7.41764932	7.80082543	7.76671517	
19.64835	7.54775269	7.41764932	7.80082543	7.76671517	
19.65854	7.54775269	7.41764932	7.80082543	7.76671517	
19.66869	7.54775269	7.41764932	7.80082543	7.76671517	
19.67887	7.54775269	7.41764932	7.80082543	7.76671517	
19.68894	7.54775269	7.41764932	7.80082543	7.76671517	
19.69905	7.54775269	7.41764932	7.80082543	7.76671517	
19.70931	7.54775269	7.41764932	7.80082543	7.76671517	
19.71942	7.54775269	7.41764932	7.80082543	7.76671517	
19.72952	7.54775269	7.41764932	7.80082543	7.76671517	
19.73965	7.54775269	7.41764932	7.80082543	7.76671517	
19.75005	7.54775269	7.41764932	7.80082543	7.76671517	
19.75996	7.54775269	7.41764932	7.80082543	7.76671517	
19.77008	7.54775269	7.41764932	7.80082543	7.76671517	
19.78021	7.54775269	7.41764932	7.80082543	7.76671517	
19.79027	7.54775269	7.41764932	7.80082543	7.76671517	
19.8004	7.54775269	7.41764932	7.80082543	7.76671517	
19.81064	7.54775269	7.41764932	7.80082543	7.76671517	
19.82073	7.54775269	7.41764932	7.80082543	7.76671517	
19.8309	7.54775269	7.41764932	7.80082543	7.76671517	
19.84098	7.54775269	7.41764932	7.80082543	7.76671517	
19.85149	7.54775269	7.41764932	7.80082543	7.76671517	
19.86124	7.54775269	7.41764932	7.80082543	7.76671517	
19.87257	7.54775269	7.41764932	7.80082543	7.76671517	
19.88184	7.54775269	7.41764932	7.80082543	7.76671517	
19.89192	7.54775269	7.41764932	7.80082543	7.76671517	
19.90205	7.54775269	7.41764932	7.80082543	7.76671517	
19.91235	7.54775269	7.41764932	7.80082543	7.76671517	
19.9224	7.54775269	7.41764932	7.80082543	7.76671517	
19.9325	7.54775269	7.41764932	7.80082543	7.76671517	
19.94269	7.54775269	7.41764932	7.80082543	7.76671517	
19.95302	7.54775269	7.41764932	7.80082543	7.76671517	
19.96287	7.54775269	7.41764932	7.80082543	7.76671517	
19.97323	7.54775269	7.41764932	7.80082543	7.76671517	
19.98312	7.54775269	7.41764932	7.80082543	7.76671517	
19.99323	7.54775269	7.41764932	7.80082543	7.76671517	
20.00339	7.54775269	7.41764932	7.80082543	7.76671517	
20.01365	7.54775269	7.41764932	7.80082543	7.76671517	
20.02422	7.54775269	7.41764932	7.80082543	7.76671517	
20.0343	7.54775269	7.41764932	7.80082543	7.76671517	
20.04439	7.54775269	7.41764932	7.80082543	7.76671517	
20.05456	7.54775269	7.41764932	7.80082543	7.76671517	
20.06471	7.54775269	7.41764932	7.80082543	7.76671517	
20.07521	7.54775269	7.41764932	7.80082543	7.76671517	
20.08499	7.54775269	7.41764932	7.80082543	7.76671517	
20.09509	7.54775269	7.41764932	7.80082543	7.76671517	
20.10525	7.54775269	7.41764932	7.80082543	7.76671517	
20.11564	7.54775269	7.41764932	7.80082543	7.76671517	
20.12558	7.54775269	7.41764932	7.80082543	7.76671517	
20.13571	7.54775269	7.41764932	7.80082543	7.76671517	
20.14578	7.54775269	7.41764932	7.80082543	7.76671517	
20.15597	7.54775269	7.41764932	7.80082543	7.76671517	
20.1661	7.54775269	7.41764932	7.80082543	7.76671517	
20.1763	7.54775269	7.41764932	7.80082543	7.76671517	
20.18636	7.54775269	7.41764932	7.80082543	7.76671517	
20.19648	7.54775269	7.41764932	7.80082543	7.76671517	
20.20671	7.54775269	7.41764932	7.80082543	7.76671517	
20.21686	7.54775269	7.41764932	7.80082543	7.76671517	
20.22695	7.54775269	7.41764932	7.80082543	7.76671517	
20.23707	7.54775269	7.41764932	7.80082543	7.76671517	
20.24718	7.54775269	7.41764932	7.80082543	7.76671517	
20.25735	7.54775269	7.41764932	7.80082543	7.76671517	
20.26747	7.54775269	7.41764932	7.80082543	7.76671517	
20.27786	7.54775269	7.41764932	7.80082543	7.76671517	
20.28776	7.54775269	7.41764932	7.80082543	7.76671517	
20.29786	7.54775269	7.41764932	7.80082543	7.76671517	
20.308	7.54775269	7.41764932	7.80082543	7.76671517	
20.31825	7.54775269	7.41764932	7.80082543	7.76671517	
20.32834	7.54775269	7.41764932	7.80082543	7.76671517	
20.33846	7.54775269	7.41764932	7.80082543	7.76671517	
20.34856	7.54775269	7.41764932	7.80082543	7.76671517	
20.35879	7.54775269	7.41764932	7.80082543	7.76671517	
20.36886	7.54775269	7.41764932	7.80082543	7.76671517	
20.37902	7.54775269	7.41764932	7.80082543	7.76671517	
20.38909	7.54775269	7.41764932	7.80082543	7.76671517	
20.39921	7.54775269	7.41764932	7.80082543	7.76671517	
20.40938	7.54775269	7.41764932	7.80082543	7.76671517	
20.41988	7.54775269	7.41764932	7.80082543	7.76671517	
20.42976	7.54775269	7.41764932	7.80082543	7.76671517	
20.43985	7.54775269	7.41764932	7.80082543	7.76671517	
20.44996	7.54775269	7.41764932	7.80082543	7.76671517	
20.4602	7.54775269	7.41764932	7.80082543	7.76671517	
20.47023	7.54775269	7.41764932	7.80082543	7.76671517	
20.48041	7.54775269	7.41764932	7.80082543	7.76671517	
20.49049	7.54775269	7.41764932	7.80082543	7.76671517	
20.50059	7.54775269	7.41764932	7.80082543	7.76671517	
20.51077	7.54775269	7.41764932	7.80082543	7.76671517	
20.52095	7.54775269	7.41764932	7.80082543	7.76671517	
20.53109	7.54775269	7.41764932	7.80082543	7.76671517	
20.54113	7.54775269	7.41764932	7.80082543	7.76671517	
20.55124	7.54775269	7.41764932	7.80082543	7.76671517	
20.56155	7.54775269	7.41764932	7.80082543	7.76671517	
20.57151	7.54775269	7.41764932	7.80082543	7.76671517	
20.58162	7.54775269	7.41764932	7.80082543	7.76671517	
20.5918	7.54775269	7.41764932	7.80082543	7.76671517	
20.60191	7.54775269	7.41764932	7.80082543	7.76671517	
20.61208	7.54775269	7.41764932	7.80082543	7.76671517	
20.62232	7.54775269	7.41764932	7.80082543	7.76671517	
20.63238	7.54775269	7.41764932	7.80082543	7.76671517	
20.64254	7.54775269	7.41764932	7.80082543	7.76671517	
20.65258	7.54775269	7.41764932	7.80082543	7.76671517	
20.66309	7.54775269	7.41764932	7.80082543	7.76671517	
20.67288	7.54775269	7.41764932	7.80082543	7.76671517	
20.68298	7.54775269	7.41764932	7.80082543	7.76671517	
20.69317	7.54775269	7.41764932	7.80082543	7.76671517	
20.70323	7.54775269	7.41764932	7.80082543	7.76671517	
20.7134	7.54775269	7.41764932	7.80082543	7.76671517	
20.72359	7.54775269	7.41764932	7.80082543	7.76671517	
20.74154	7.54775269	7.41764932	7.80082543	7.76671517	
20.74585	7.54775269	7.41764932	7.80082543	7.76671517	
20.75595	7.54775269	7.41764932	7.80082543	7.76671517	
20.76609	7.54775269	7.41764932	7.80082543	7.76671517	
20.77628	7.54775269	7.41764932	7.80082543	7.76671517	
20.78634	7.54775269	7.41764932	7.80082543	7.76671517	
20.7965	7.54775269	7.41764932	7.80082543	7.76671517	
20.80663	7.54775269	7.41764932	7.80082543	7.76671517	
20.81761	7.54775269	7.41764932	7.80082543	7.76671517	
20.8269	7.54775269	7.41764932	7.80082543	7.76671517	
20.83704	7.54775269	7.41764932	7.80082543	7.76671517	
20.84718	7.54775269	7.41764932	7.80082543	7.76671517	
20.85728	7.54775269	7.41764932	7.80082543	7.76671517	
20.86746	7.54775269	7.41764932	7.80082543	7.76671517	
20.87763	7.54775269	7.41764932	7.80082543	7.76671517	
20.89588	7.54775269	7.41764932	7.80082543	7.76671517	
20.90023	7.54775269	7.41764932	7.80082543	7.76671517	
20.91032	7.54775269	7.41764932	7.80082543	7.76671517	
20.92159	7.54775269	7.41764932	7.80082543	7.76671517	
20.9317	7.54775269	7.41764932	7.80082543	7.76671517	
20.94183	7.54775269	7.41764932	7.80082543	7.76671517	
20.95194	7.54775269	7.41764932	7.80082543	7.76671517	
20.96208	7.54775269	7.41764932	7.80082543	7.76671517	
20.98008	7.54775269	7.41764932	7.80082543	7.76671517	
20.98445	7.54775269	7.41764932	7.80082543	7.76671517	
20.99508	7.54775269	7.41764932	7.80082543	7.76671517	
21.00471	7.54775269	7.41764932	7.80082543	7.76671517	
21.01492	7.54775269	7.41764932	7.80082543	7.76671517	
21.02506	7.54775269	7.41764932	7.80082543	7.76671517	
21.03519	7.54775269	7.41764932	7.80082543	7.76671517	
21.04532	7.54775269	7.41764932	7.80082543	7.76671517	
21.05542	7.54775269	7.41764932	7.80082543	7.76671517	
21.06556	7.54775269	7.41764932	7.80082543	7.76671517	
21.08384	7.54775269	7.41764932	7.80082543	7.76671517	
21.08827	7.54775269	7.41764932	7.80082543	7.76671517	
21.09864	7.54775269	7.41764932	7.80082543	7.76671517	
21.10871	7.54775269	7.41764932	7.80082543	7.76671517	
21.12004	7.54775269	7.41764932	7.80082543	7.76671517	
21.12907	7.54775269	7.41764932	7.80082543	7.76671517	
21.13917	7.54775269	7.41764932	7.80082543	7.76671517	
21.14932	7.54775269	7.41764932	7.80082543	7.76671517	
21.1594	7.54775269	7.41764932	7.80082543	7.76671517	
21.16958	7.54775269	7.41764932	7.80082543	7.76671517	
21.17974	7.54775269	7.41764932	7.80082543	7.76671517	
21.18983	7.54775269	7.41764932	7.80082543	7.76671517	
21.19999	7.54775269	7.41764932	7.80082543	7.76671517	
21.2102	7.54775269	7.41764932	7.80082543	7.76671517	
21.22133	7.54775269	7.41764932	7.80082543	7.76671517	
21.23079	7.54775269	7.41764932	7.80082543	7.76671517	
21.24048	7.54775269	7.41764932	7.80082543	7.76671517	
21.2506	7.54775269	7.41764932	7.80082543	7.76671517	
21.26073	7.54775269	7.41764932	7.80082543	7.76671517	
21.27131	7.54775269	7.41764932	7.80082543	7.76671517	
21.28098	7.54775269	7.41764932	7.80082543	7.76671517	
21.29109	7.54775269	7.41764932	7.80082543	7.76671517	
21.30127	7.54775269	7.41764932	7.80082543	7.76671517	
21.31135	7.54775269	7.41764932	7.80082543	7.76671517	
21.32256	7.54775269	7.41764932	7.80082543	7.76671517	
21.332	7.54775269	7.41764932	7.80082543	7.76671517	
21.34179	7.54775269	7.41764932	7.80082543	7.76671517	
21.35192	7.54775269	7.41764932	7.80082543	7.76671517	
21.36202	7.54775269	7.41764932	7.80082543	7.76671517	
21.38043	7.54775269	7.41764932	7.80082543	7.76671517	
21.38473	7.54775269	7.41764932	7.80082543	7.76671517	
21.39489	7.54775269	7.41764932	7.80082543	7.76671517	
21.40505	7.54775269	7.41764932	7.80082543	7.76671517	
21.41515	7.54775269	7.41764932	7.80082543	7.76671517	
21.42642	7.54775269	7.41764932	7.80082543	7.76671517	
21.43547	7.54775269	7.41764932	7.80082543	7.76671517	
21.44559	7.54775269	7.41764932	7.80082543	7.76671517	
21.45572	7.54775269	7.41764932	7.80082543	7.76671517	
21.46582	7.54775269	7.41764932	7.80082543	7.76671517	
21.476	7.54775269	7.41764932	7.80082543	7.76671517	
21.48613	7.54775269	7.41764932	7.80082543	7.76671517	
21.49633	7.54775269	7.41764932	7.80082543	7.76671517	
21.50671	7.54775269	7.41764932	7.80082543	7.76671517	
21.51653	7.54775269	7.41764932	7.80082543	7.76671517	
21.52839	7.54775269	7.41764932	7.80082543	7.76671517	
21.53685	7.54775269	7.41764932	7.80082543	7.76671517	
21.54691	7.54775269	7.41764932	7.80082543	7.76671517	
21.55724	7.54775269	7.41764932	7.80082543	7.76671517	
21.56719	7.54775269	7.41764932	7.80082543	7.76671517	
21.57731	7.54775269	7.41764932	7.80082543	7.76671517	
21.58743	7.54775269	7.41764932	7.80082543	7.76671517	
21.5976	7.54775269	7.41764932	7.80082543	7.76671517	
21.60796	7.54775269	7.41764932	7.80082543	7.76671517	
21.61784	7.54775269	7.41764932	7.80082543	7.76671517	
21.62817	7.54775269	7.41764932	7.80082543	7.76671517	
21.63818	7.54775269	7.41764932	7.80082543	7.76671517	
21.64838	7.54775269	7.41764932	7.80082543	7.76671517	
21.65847	7.54775269	7.41764932	7.80082543	7.76671517	
21.66855	7.54775269	7.41764932	7.80082543	7.76671517	
21.6788	7.54775269	7.41764932	7.80082543	7.76671517	
21.68885	7.54775269	7.41764932	7.80082543	7.76671517	
21.69897	7.54775269	7.41764932	7.80082543	7.76671517	
21.70911	7.54775269	7.41764932	7.80082543	7.76671517	
21.71923	7.54775269	7.41764932	7.80082543	7.76671517	
21.73057	7.54775269	7.41764932	7.80082543	7.76671517	
21.73976	7.54775269	7.41764932	7.80082543	7.76671517	
21.74975	7.54775269	7.41764932	7.80082543	7.76671517	
21.7598	7.54775269	7.41764932	7.80082543	7.76671517	
21.77008	7.54775269	7.41764932	7.80082543	7.76671517	
21.78006	7.54775269	7.41764932	7.80082543	7.76671517	
21.79017	7.54775269	7.41764932	7.80082543	7.76671517	
21.80035	7.54775269	7.41764932	7.80082543	7.76671517	
21.81048	7.54775269	7.41764932	7.80082543	7.76671517	
21.82057	7.54775269	7.41764932	7.80082543	7.76671517	
21.83248	7.54775269	7.41764932	7.80082543	7.76671517	
21.84092	7.54775269	7.41764932	7.80082543	7.76671517	
21.851	7.54775269	7.41764932	7.80082543	7.76671517	
21.86113	7.54775269	7.41764932	7.80082543	7.76671517	
21.87296	7.54775269	7.41764932	7.80082543	7.76671517	
21.88155	7.54775269	7.41764932	7.80082543	7.76671517	
21.89172	7.54775269	7.41764932	7.80082543	7.76671517	
21.90181	7.54775269	7.41764932	7.80082543	7.76671517	
21.9119	7.54775269	7.41764932	7.80082543	7.76671517	
21.92209	7.54775269	7.41764932	7.80082543	7.76671517	
21.94145	7.54775269	7.41764932	7.80082543	7.76671517	
21.94581	7.54775269	7.41764932	7.80082543	7.76671517	
21.95594	7.54775269	7.41764932	7.80082543	7.76671517	
21.96608	7.54775269	7.41764932	7.80082543	7.76671517	
21.9763	7.54775269	7.41764932	7.80082543	7.76671517	
21.98634	7.54775269	7.41764932	7.80082543	7.76671517	
21.9965	7.54775269	7.41764932	7.80082543	7.76671517	
22.00664	7.54775269	7.41764932	7.80082543	7.76671517	
22.01706	7.54775269	7.41764932	7.80082543	7.76671517	
22.02686	7.54775269	7.41764932	7.80082543	7.76671517	
22.03732	7.54775269	7.41764932	7.80082543	7.76671517	
22.04746	7.54775269	7.41764932	7.80082543	7.76671517	
22.05773	7.54775269	7.41764932	7.80082543	7.76671517	
22.06769	7.54775269	7.41764932	7.80082543	7.76671517	
22.07781	7.54775269	7.41764932	7.80082543	7.76671517	
22.08797	7.54775269	7.41764932	7.80082543	7.76671517	
22.0981	7.54775269	7.41764932	7.80082543	7.76671517	
22.10823	7.54775269	7.41764932	7.80082543	7.76671517	
22.1184	7.54775269	7.41764932	7.80082543	7.76671517	
22.12848	7.54775269	7.41764932	7.80082543	7.76671517	
22.13871	7.54775269	7.41764932	7.80082543	7.76671517	
22.14886	7.54775269	7.41764932	7.80082543	7.76671517	
22.15902	7.54775269	7.41764932	7.80082543	7.76671517	
22.16911	7.54775269	7.41764932	7.80082543	7.76671517	
22.1792	7.54775269	7.41764932	7.80082543	7.76671517	
22.18939	7.54775269	7.41764932	7.80082543	7.76671517	
22.19952	7.54775269	7.41764932	7.80082543	7.76671517	
22.20964	7.54775269	7.41764932	7.80082543	7.76671517	
22.21977	7.54775269	7.41764932	7.80082543	7.76671517	
22.23008	7.54775269	7.41764932	7.80082543	7.76671517	
22.2401	7.54775269	7.41764932	7.80082543	7.76671517	
22.25023	7.54775269	7.41764932	7.80082543	7.76671517	
22.26036	7.54775269	7.41764932	7.80082543	7.76671517	
22.27047	7.54775269	7.41764932	7.80082543	7.76671517	
22.28057	7.54775269	7.41764932	7.80082543	7.76671517	
22.29073	7.54775269	7.41764932	7.80082543	7.76671517	
22.30087	7.54775269	7.41764932	7.80082543	7.76671517	
22.31106	7.54775269	7.41764932	7.80082543	7.76671517	
22.32109	7.54775269	7.41764932	7.80082543	7.76671517	
22.33151	7.54775269	7.41764932	7.80082543	7.76671517	
22.34145	7.54775269	7.41764932	7.80082543	7.76671517	
22.35159	7.54775269	7.41764932	7.80082543	7.76671517	
22.36168	7.54775269	7.41764932	7.80082543	7.76671517	
22.37178	7.54775269	7.41764932	7.80082543	7.76671517	
22.38191	7.54775269	7.41764932	7.80082543	7.76671517	
22.39204	7.54775269	7.41764932	7.80082543	7.76671517	
22.40224	7.54775269	7.41764932	7.80082543	7.76671517	
22.41237	7.54775269	7.41764932	7.80082543	7.76671517	
22.42244	7.54775269	7.41764932	7.80082543	7.76671517	
22.43281	7.54775269	7.41764932	7.80082543	7.76671517	
22.44276	7.54775269	7.41764932	7.80082543	7.76671517	
22.45286	7.54775269	7.41764932	7.80082543	7.76671517	
22.46303	7.54775269	7.41764932	7.80082543	7.76671517	
22.47308	7.54775269	7.41764932	7.80082543	7.76671517	
22.48325	7.54775269	7.41764932	7.80082543	7.76671517	
22.49336	7.54775269	7.41764932	7.80082543	7.76671517	
22.50345	7.54775269	7.41764932	7.80082543	7.76671517	
22.52164	7.54775269	7.41764932	7.80082543	7.76671517	
22.52596	7.54775269	7.41764932	7.80082543	7.76671517	
22.53612	7.54775269	7.41764932	7.80082543	7.76671517	
22.54628	7.54775269	7.41764932	7.80082543	7.76671517	
22.55641	7.54775269	7.41764932	7.80082543	7.76671517	
22.56656	7.54775269	7.41764932	7.80082543	7.76671517	
22.57664	7.54775269	7.41764932	7.80082543	7.76671517	
22.58676	7.54775269	7.41764932	7.80082543	7.76671517	
22.59693	7.54775269	7.41764932	7.80082543	7.76671517	
22.6071	7.54775269	7.41764932	7.80082543	7.76671517	
22.61718	7.54775269	7.41764932	7.80082543	7.76671517	
22.62727	7.54775269	7.41764932	7.80082543	7.76671517	
22.63752	7.54775269	7.41764932	7.80082543	7.76671517	
22.64767	7.54775269	7.41764932	7.80082543	7.76671517	
22.65776	7.54775269	7.41764932	7.80082543	7.76671517	
22.66788	7.54775269	7.41764932	7.80082543	7.76671517	
22.67803	7.54775269	7.41764932	7.80082543	7.76671517	
22.68812	7.54775269	7.41764932	7.80082543	7.76671517	
22.6983	7.54775269	7.41764932	7.80082543	7.76671517	
22.70841	7.54775269	7.41764932	7.80082543	7.76671517	
22.71856	7.54775269	7.41764932	7.80082543	7.76671517	
22.7287	7.54775269	7.41764932	7.80082543	7.76671517	
22.73882	7.54775269	7.41764932	7.80082543	7.76671517	
22.74904	7.54775269	7.41764932	7.80082543	7.76671517	
22.75921	7.54775269	7.41764932	7.80082543	7.76671517	
22.7693	7.54775269	7.41764932	7.80082543	7.76671517	
22.77942	7.54775269	7.41764932	7.80082543	7.76671517	
22.78952	7.54775269	7.41764932	7.80082543	7.76671517	
22.79966	7.54775269	7.41764932	7.80082543	7.76671517	
22.80982	7.54775269	7.41764932	7.80082543	7.76671517	
22.81996	7.54775269	7.41764932	7.80082543	7.76671517	
22.83007	7.54775269	7.41764932	7.80082543	7.76671517	
22.84022	7.54775269	7.41764932	7.80082543	7.76671517	
22.85043	7.54775269	7.41764932	7.80082543	7.76671517	
22.86984	7.54775269	7.41764932	7.80082543	7.76671517	
22.87439	7.54775269	7.41764932	7.80082543	7.76671517	
22.88503	7.54775269	7.41764932	7.80082543	7.76671517	
