14.99465	720.813736	720.812254	475.778235	475.776754	
15.00243	720.814878	720.812254	475.779377	475.776754	
15.01256	720.817053	720.812254	475.781553	475.776754	
15.02263	720.81982	720.820981	475.78432	475.785481	
15.0328	720.823241	720.820981	475.78774	475.785481	
15.04291	720.827253	720.820981	475.791752	475.785481	
15.0531	720.831924	720.820981	475.796424	475.794207	
15.06323	720.837175	720.820981	475.801674	475.794207	
15.07333	720.843029	720.829708	475.807529	475.794207	
15.08356	720.849586	720.829708	475.814085	475.802934	
15.09443	720.857297	720.838434	475.821796	475.802934	
15.10378	720.864383	720.838434	475.828883	475.811661	
15.11394	720.872744	720.838434	475.837244	475.811661	
15.12405	720.88168	720.847161	475.84618	475.820387	
15.13417	720.891242	720.855888	475.855742	475.829114	
15.14428	720.901403	720.855888	475.865903	475.829114	
15.15446	720.912258	720.864614	475.876758	475.837841	
15.16455	720.923624	720.873341	475.888124	475.846567	
15.17462	720.935578	720.873341	475.900077	475.855294	
15.1848	720.948284	720.882068	475.912784	475.864021	
15.19586	720.962861	720.890794	475.927361	475.864021	
15.21348	720.988281	720.899521	475.952781	475.872747	
15.21794	720.994645	720.908248	475.959144	475.881474	
15.22807	721.009942	720.908248	475.974442	475.898927	
15.23814	721.02571	720.916974	475.99021	475.907654	
15.24843	721.042501	720.925701	476.007001	475.91638	
15.2586	721.059694	720.934427	476.024194	475.933834	
15.26874	721.077453	720.943154	476.041952	475.951287	
15.27888	721.095839	720.951881	476.060339	475.96874	
15.28901	721.114813	720.960607	476.079313	475.986194	
15.29988	721.135915	720.978061	476.100414	476.003647	
15.30997	721.15609	720.986787	476.120589	476.0211	
15.3201	721.176949	720.995514	476.141448	476.04728	
15.33025	721.198474	721.012967	476.162974	476.064733	
15.34031	721.220429	721.030421	476.184929	476.090913	
15.35049	721.243255	721.047874	476.207755	476.108367	
15.36063	721.266595	721.065327	476.231095	476.12582	
15.3708	721.290645	721.08278	476.255145	476.152	
15.38094	721.315233	721.10896	476.279732	476.169453	
15.39101	721.340272	721.126414	476.304772	476.195633	
15.40126	721.366382	721.152594	476.330882	476.221813	
15.4115	721.393106	721.170047	476.357606	476.247993	
15.42153	721.419847	721.196227	476.384347	476.265446	
15.43168	721.447555	721.222407	476.412054	476.300353	
15.44177	721.475708	721.248587	476.440207	476.326533	
15.45199	721.504854	721.283493	476.469354	476.352713	
15.46206	721.534162	721.309673	476.498661	476.387619	
15.47217	721.564224	721.335853	476.528724	476.413799	
15.4824	721.595247	721.362033	476.559747	476.439979	
15.49243	721.626293	721.39694	476.590792	476.474886	
15.50262	721.658458	721.431846	476.622958	476.509792	
15.51299	721.691942	721.466753	476.656442	476.535972	
15.5229	721.724263	721.501659	476.688762	476.570879	
15.53328	721.758968	721.536566	476.723467	476.597059	
15.54312	721.792393	721.571473	476.756893	476.631965	
15.55332	721.827645	721.606379	476.792145	476.666872	
15.56347	721.863394	721.641286	476.827893	476.693052	
15.57358	721.89957	721.676192	476.86407	476.727959	
15.5837	721.936456	721.711099	476.900956	476.762865	
15.59377	721.973737	721.746006	476.938237	476.806498	
15.60407	722.012514	721.780912	476.977013	476.841405	
15.62227	722.083456	721.850725	477.047956	476.911218	
15.62673	722.100757	721.868179	477.065257	476.928671	
15.6368	722.140619	721.903085	477.105118	476.963578	
15.64735	722.183117	721.946718	477.147617	477.007211	
15.65711	722.223077	721.981625	477.187576	477.042118	
15.6672	722.26472	722.016532	477.22922	477.085751	
15.67734	722.307343	722.060165	477.271843	477.129384	
15.68744	722.350374	722.095071	477.314874	477.173017	
15.6976	722.39433	722.129978	477.35883	477.207924	
15.70784	722.439255	722.173611	477.403754	477.260284	
15.71815	722.485167	722.217244	477.449667	477.295191	
15.72806	722.52981	722.252151	477.49431	477.34755	
15.73817	722.575987	722.295784	477.540487	477.382457	
15.74847	722.623674	722.339418	477.588174	477.434817	
15.75862	722.671313	722.374324	477.635813	477.47845	
15.76875	722.719397	722.426684	477.683897	477.522083	
15.77892	722.768355	722.470317	477.732855	477.565717	
15.78907	722.817839	722.51395	477.782339	477.618076	
15.7992	722.867812	722.557584	477.832311	477.66171	
15.80939	722.918801	722.601217	477.883301	477.71407	
15.81961	722.970415	722.64485	477.934915	477.766429	
15.82966	723.021832	722.688483	477.986331	477.810063	
15.83975	723.074117	722.740843	478.038617	477.862423	
15.84995	723.127526	722.784476	478.092026	477.914782	
15.86011	723.181424	722.82811	478.145924	477.967142	
15.8702	723.235452	722.88047	478.199951	478.019502	
15.88037	723.290613	722.924103	478.255112	478.071862	
15.89062	723.346846	722.976463	478.311346	478.124222	
15.90078	723.403181	723.020096	478.36768	478.185308	
15.91144	723.462968	723.072456	478.427468	478.237668	
15.92109	723.517585	723.124816	478.482084	478.290028	
15.93127	723.575927	723.177176	478.540427	478.351115	
15.94134	723.634176	723.229535	478.598675	478.412201	
15.9515	723.693614	723.281895	478.658114	478.464561	
15.96165	723.753618	723.334255	478.718118	478.525648	
15.97183	723.814368	723.386615	478.778867	478.578008	
15.98194	723.875371	723.438975	478.839871	478.639094	
15.99205	723.936902	723.491335	478.901402	478.700181	
16.00222	723.999489	723.543695	478.963989	478.75254	
16.01241	724.06286	723.596055	479.02736	478.813627	
16.02253	724.126327	723.648414	479.090827	478.874714	
16.03269	724.190678	723.700774	479.155177	478.9358	
16.04277	724.255161	723.761861	479.21966	478.996887	
16.05297	724.321059	723.814221	479.285559	479.057973	
16.06308	724.386921	723.875307	479.351421	479.110333	
16.07323	724.453703	723.927667	479.418203	479.171419	
16.08335	724.520901	723.980027	479.485401	479.232506	
16.09343	724.588422	724.041114	479.552922	479.293593	
16.10359	724.657148	724.1022	479.621648	479.354679	
16.11423	724.729759	724.15456	479.694259	479.415766	
16.12402	724.797146	724.215646	479.761646	479.476852	
16.13419	724.86778	724.276733	479.83228	479.537939	
16.14458	724.940569	724.329093	479.905068	479.599025	
16.15448	725.010582	724.398906	479.975082	479.660112	
16.16466	725.083163	724.459993	480.047662	479.721198	
16.17513	725.158382	724.521079	480.122882	479.782285	
16.18494	725.229471	724.582166	480.193971	479.843371	
16.19516	725.304208	724.643252	480.268708	479.904458	
16.20674	725.389725	724.704339	480.354224	479.965544	
16.21544	725.454339	724.765425	480.418838	480.035357	
16.22592	725.532904	724.835238	480.497404	480.096444	
16.23582	725.607708	724.896325	480.572208	480.157531	
16.24592	725.684533	724.957411	480.649033	480.227344	
16.25605	725.762373	725.027225	480.726873	480.279704	
16.26627	725.841386	725.097038	480.805886	480.349517	
16.27652	725.921333	725.166851	480.885832	480.410603	
16.28663	726.000804	725.236664	480.965304	480.480416	
16.29677	726.081057	725.306477	481.045557	480.541503	
16.30797	726.170614	725.37629	481.135114	480.602589	
16.3175	726.247269	725.446104	481.211768	480.663676	
16.32728	726.326539	725.515917	481.291039	480.733489	
16.33747	726.40971	725.58573	481.37421	480.794576	
16.3476	726.492955	725.66427	481.457455	480.855662	
16.35777	726.577275	725.74281	481.541775	480.925475	
16.36799	726.662604	725.821349	481.627104	480.986562	
16.3781	726.747626	725.899889	481.712125	481.047648	
16.38822	726.833355	725.969702	481.797855	481.117462	
16.39866	726.922355	726.048242	481.886855	481.178548	
16.4175	727.085761	726.126782	482.05026	481.239635	
16.42273	727.13098	726.240228	482.095479	481.326901	
16.43293	727.220134	726.318768	482.184634	481.396714	
16.44307	727.30938	726.406035	482.27388	481.466527	
16.45338	727.400702	726.484574	482.365202	481.527614	
16.46336	727.48976	726.563114	482.45426	481.588701	
16.48167	727.65552	726.659107	482.62002	481.649787	
16.48684	727.702195	726.763827	482.666695	481.737053	
16.49707	727.795928	726.851094	482.760428	481.806867	
16.5163	727.97374	726.93836	482.93824	481.867953	
16.52152	728.022091	727.060533	482.986591	481.95522	
16.53175	728.117502	727.156526	483.082002	482.025033	
16.54185	728.212298	727.243793	483.176798	482.086119	
16.55197	728.307934	727.331059	483.272434	482.155933	
16.57037	728.484402	727.418326	483.448902	482.217019	
16.57559	728.534381	727.540499	483.498881	482.304285	
16.58574	728.6323	727.627765	483.5968	482.365372	
16.59609	728.732995	727.723758	483.697494	482.435185	
16.60603	728.83009	727.819751	483.794589	482.496272	
16.61619	728.93	727.915744	483.8945	482.566085	
16.62651	729.032128	728.011738	483.996628	482.627171	
16.63657	729.135779	728.099004	484.100279	482.688258	
16.64676	729.234549	728.203724	484.199048	482.758071	
16.65735	729.341307	728.299717	484.305807	482.827884	
16.66711	729.440242	728.39571	484.404742	482.897697	
16.68669	729.643333	728.491703	484.607833	482.958784	
16.69711	729.749616	728.683689	484.714116	483.089684	
16.70733	729.855351	728.788409	484.819851	483.15077	
16.71762	729.962942	728.884402	484.927442	483.220583	
16.72764	730.06818	728.989122	485.03268	483.28167	
16.7378	730.175492	729.093842	485.139991	483.351483	
16.74801	730.284022	729.198561	485.248522	483.421296	
16.7585	730.396176	729.294555	485.360676	483.491109	
16.76862	730.504945	729.399274	485.469444	483.552196	
16.77876	730.614578	729.503994	485.579078	483.622009	
16.78922	730.728393	729.608714	485.692893	483.683096	
16.79902	730.835455	729.713434	485.799955	483.752909	
16.80947	730.950364	729.818153	485.914864	483.813995	
16.8194	731.060131	729.9316	486.024631	483.883808	
16.82951	731.172495	730.03632	486.136995	483.944895	
16.84008	731.290816	730.141039	486.255315	484.014708	
16.84984	731.40039	730.245759	486.36489	484.084521	
16.86023	731.517882	730.350479	486.482382	484.145608	
16.87018	731.630833	730.463925	486.595333	484.215421	
16.88057	731.749547	730.568645	486.714047	484.285234	
16.89055	731.864198	730.682091	486.828698	484.346321	
16.90065	731.980692	730.786811	486.945191	484.416134	
16.91104	732.101387	730.900258	487.065887	484.47722	
16.92106	732.21824	731.013704	487.18274	484.547034	
16.93119	732.337089	731.118424	487.301589	484.60812	
16.94141	732.457433	731.240597	487.421933	484.677933	
16.95156	732.577758	731.345316	487.542258	484.747746	
16.96201	732.702327	731.458763	487.666827	484.808833	
16.97192	732.820869	731.572209	487.785368	484.878646	
16.98205	732.942441	731.694382	487.90694	484.939733	
16.99219	733.064145	731.799102	488.028644	485.009546	
17.00237	733.186221	731.912548	488.15072	485.070632	
17.0129	733.312689	732.025995	488.277188	485.140446	
17.02268	733.430049	732.148168	488.394548	485.201532	
17.03283	733.551717	732.252888	488.516216	485.271345	
17.04335	733.678005	732.375061	488.642504	485.341158	
17.06167	733.897869	732.5845	488.862368	485.454605	
17.06689	733.960509	732.63686	488.925008	485.489511	
17.07737	734.086317	732.759033	489.050816	485.550598	
17.08717	734.203833	732.881206	489.168332	485.620411	
17.09766	734.329785	732.985926	489.294284	485.681498	
17.1075	734.447901	733.108099	489.4124	485.742584	
17.1188	734.583417	733.221545	489.547916	485.812397	
17.12804	734.694285	733.334992	489.658784	485.864757	
17.1458	734.907405	733.544431	489.871904	485.978204	
17.15109	734.970921	733.605518	489.93542	486.004384	
17.16114	735.091869	733.727691	490.056368	486.074197	
17.1713	735.213453	733.841137	490.177952	486.135283	
17.18148	735.335505	733.96331	490.300004	486.187643	
17.19186	735.460197	734.076757	490.424696	486.24873	
17.20175	735.578781	734.207656	490.54328	486.309816	
17.21223	735.704565	734.312376	490.669064	486.370903	
17.22298	735.833541	734.452003	490.79804	486.440716	
17.23313	735.955401	734.565449	490.9199	486.493076	
17.2433	736.077369	734.687622	491.041868	486.554162	
17.25347	736.199433	734.801068	491.163932	486.615249	
17.26376	736.322937	734.923241	491.287436	486.676335	
17.27388	736.445097	735.045414	491.409596	486.737422	
17.28431	736.569537	735.158861	491.534036	486.789782	
17.29421	736.688337	735.281034	491.652836	486.850868	
17.3044	736.810725	735.39448	491.775224	486.911955	
17.31459	736.932861	735.516653	491.89736	486.973041	
17.3247	737.054253	735.6301	492.018752	487.025401	
17.33487	737.176329	735.752273	492.140828	487.086488	
17.34506	737.298501	735.865719	492.263	487.147574	
17.36365	737.521737	735.987892	492.486236	487.208661	
17.36894	737.585097	736.144972	492.549596	487.287201	
17.37914	737.707569	736.267145	492.672068	487.348287	
17.38929	737.829249	736.380591	492.793748	487.409374	
17.3994	737.950593	736.494038	492.915092	487.47046	
17.41772	738.170457	736.616211	493.134956	487.531547	
17.42407	738.246669	736.764564	493.211168	487.610086	
17.43307	738.354693	736.87801	493.319192	487.671173	
17.44329	738.477369	737.000183	493.441868	487.732259	
17.45339	738.598533	737.11363	493.563032	487.784619	
17.46359	738.721005	737.235803	493.685504	487.854433	
17.47369	738.842097	737.349249	493.806596	487.906792	
17.4847	738.974217	737.471422	493.938716	487.976606	
17.49478	739.095129	737.593595	494.059628	488.037692	
17.50565	739.225653	737.707042	494.190152	488.098779	
17.51513	739.339389	737.829215	494.303888	488.159865	
17.53466	739.573785	738.056107	494.538284	488.273312	
17.53993	739.637025	738.117194	494.601524	488.308218	
17.55001	739.757949	738.23064	494.722448	488.369305	
17.56042	739.882845	738.352813	494.847344	488.430391	
17.57037	740.002221	738.46626	494.96672	488.482751	
17.58075	740.126889	738.588433	495.091388	488.552564	
17.59065	740.245533	738.710606	495.210032	488.604924	
17.60078	740.367177	738.824052	495.331676	488.666011	
17.61095	740.489265	738.937499	495.453764	488.727097	
17.62132	740.613657	739.059672	495.578156	488.788184	
17.63146	740.735397	739.181845	495.699896	488.84927	
17.64159	740.856933	739.295291	495.821432	488.910357	
17.66045	741.083337	739.408738	496.047836	488.971443	
17.66567	741.145833	739.574544	496.110332	489.05871	
17.67591	741.268833	739.68799	496.233332	489.11107	
17.68598	741.389613	739.810163	496.354112	489.180883	
17.69612	741.511257	739.932336	496.475756	489.241969	
17.70631	741.633597	740.054509	496.598096	489.303056	
17.71655	741.756417	740.167956	496.720916	489.355416	
17.7278	741.891441	740.281402	496.85594	489.425229	
17.75102	742.170033	740.578108	497.134532	489.573582	
17.76127	742.293177	740.691555	497.257676	489.634668	
17.78113	742.531413	740.927174	497.495912	489.756841	
17.79426	742.688961	740.996987	497.65346	489.791748	
17.79942	742.750869	741.14534	497.715368	489.870288	
17.80963	742.873377	741.267513	497.837876	489.931374	
17.81985	742.996065	741.389686	497.960564	489.992461	
17.83064	743.125605	741.503133	498.090104	490.062274	
17.84058	743.244885	741.634032	498.209384	490.123361	
17.85071	743.366385	741.747479	498.330884	490.193174	
17.86117	743.491953	741.869652	498.456452	490.25426	
17.87133	743.613837	741.991825	498.578336	490.315347	
17.88122	743.732889	742.105271	498.697388	490.376433	
17.89136	743.854065	742.227444	498.818564	490.43752	
17.90152	743.976081	742.340891	498.94058	490.507333	
17.91172	744.098481	742.463064	499.06298	490.56842	
17.92189	744.220521	742.585237	499.18502	490.629506	
17.93209	744.342993	742.698683	499.307492	490.699319	
17.9422	744.464169	742.820856	499.428668	490.760406	
17.95232	744.585669	742.934303	499.550168	490.821492	
17.96252	744.708093	743.056476	499.672592	490.891305	
17.97267	744.829857	743.169922	499.794356	490.952392	
17.98282	744.951645	743.283369	499.916144	491.013478	
17.99292	745.072893	743.405542	500.037392	491.083292	
18.00311	745.195077	743.518988	500.159576	491.144378	
18.01333	745.317777	743.632434	500.282276	491.205465	
18.02342	745.438881	743.754607	500.40338	491.275278	
18.03361	745.561137	743.868054	500.525636	491.336364	
18.05171	745.778373	743.9815	500.742872	491.397451	
18.05729	745.845297	744.13858	500.809796	491.484717	
18.06707	745.962681	744.260753	500.92718	491.545804	
18.07727	746.085009	744.374199	501.049508	491.60689	
18.08742	746.206941	744.496372	501.17144	491.667977	
18.09753	746.328117	744.609819	501.292616	491.729063	
18.10779	746.451273	744.723265	501.415772	491.798877	
18.11829	746.577321	744.845438	501.54182	491.859963	
18.12808	746.694777	744.958885	501.659276	491.92105	
18.13828	746.817165	745.081058	501.781664	491.990863	
18.14838	746.938401	745.194504	501.9029	492.043223	
18.15859	747.060933	745.30795	502.025432	492.113036	
18.16905	747.186429	745.430124	502.150928	492.174122	
18.18709	747.402933	745.639563	502.367432	492.287569	
18.19227	747.465021	745.70065	502.42952	492.313749	
18.20248	747.587613	745.822823	502.552112	492.374835	
18.21257	747.708717	745.936269	502.673216	492.435922	
18.22275	747.830781	746.058442	502.79528	492.497008	
18.23407	747.966705	746.180615	502.931204	492.558095	
18.24325	748.076913	746.294062	503.041412	492.619181	
18.2532	748.196253	746.416235	503.160752	492.680268	
18.2634	748.318725	746.529681	503.283224	492.741354	
18.27353	748.440105	746.651854	503.404604	492.802441	
18.28377	748.563045	746.774027	503.527544	492.863527	
18.29384	748.683861	746.8962	503.64836	492.915887	
18.30428	748.810137	747.009646	503.774636	492.985701	
18.3142	748.928205	747.13182	503.892704	493.03806	
18.32452	749.052057	747.253993	504.016556	493.099147	
18.33605	749.190525	747.367439	504.155024	493.160233	
18.34465	749.293617	747.489612	504.258116	493.22132	
18.35552	749.424153	747.611785	504.388652	493.27368	
18.36493	749.537001	747.733958	504.5015	493.334766	
18.3751	749.659041	747.856131	504.62354	493.395853	
18.38533	749.781813	747.969578	504.746312	493.456939	
18.39566	749.905725	748.091751	504.870224	493.509299	
18.40594	750.029133	748.205197	504.993632	493.579112	
18.41605	750.150453	748.32737	505.114952	493.631472	
18.4259	750.268605	748.449543	505.233104	493.692559	
18.43755	750.408549	748.571716	505.373048	493.753645	
18.44624	750.512685	748.685163	505.477184	493.814732	
18.46475	750.734829	748.807336	505.699328	493.875818	
18.47	750.797793	748.964415	505.762292	493.954358	
18.48108	750.934413	749.077862	505.898912	494.015445	
18.49028	751.041141	749.200035	506.00564	494.067805	
18.50046	751.163325	749.322208	506.127824	494.137618	
18.51102	751.290141	749.435654	506.25464	494.189978	
18.52894	751.505145	749.557827	506.469644	494.251064	
18.53422	751.568433	749.714907	506.532932	494.329604	
18.54445	751.691193	749.828353	506.655692	494.390691	
18.55483	751.815789	749.950526	506.780288	494.451777	
18.56479	751.935369	750.063973	506.899868	494.512864	
18.57487	752.056161	750.186146	507.02066	494.57395	
18.58563	752.185389	750.299592	507.149888	494.62631	
18.59521	752.300421	750.421765	507.26492	494.696123	
18.61323	752.516553	750.631205	507.481052	494.800843	
18.61858	752.580717	750.692291	507.545216	494.827023	
18.62863	752.701413	750.814464	507.665912	494.888109	
18.63973	752.834613	750.927911	507.799112	494.940469	
18.64898	752.945517	751.050084	507.910016	495.010282	
18.65912	753.067269	751.16353	508.031768	495.062642	
18.66928	753.189141	751.276977	508.15364	495.123729	
18.67941	753.310749	751.39915	508.275248	495.184815	
18.70005	753.558513	751.634769	508.523012	495.306988	
18.70562	753.625353	751.695856	508.589852	495.341895	
18.71571	753.746409	751.818029	508.710908	495.394255	
18.72559	753.864885	751.940202	508.829384	495.455341	
18.73575	753.986853	752.053648	508.951352	495.516428	
18.74628	754.113225	752.184548	509.077724	495.586241	
18.75652	754.236057	752.289267	509.200556	495.638601	
18.76722	754.364517	752.420167	509.329016	495.708414	
18.7768	754.479489	752.533614	509.443988	495.769501	
18.78732	754.605777	752.655787	509.570276	495.830587	
18.79709	754.722969	752.77796	509.687468	495.882947	
18.80723	754.844565	752.900133	509.809064	495.95276	
18.81741	754.966761	753.013579	509.93126	496.013847	
18.82792	755.092941	753.135752	510.05744	496.074933	
18.83794	755.213265	753.257925	510.177764	496.127293	
18.85576	755.427009	753.476091	510.391508	496.24074	
18.86096	755.489421	753.537178	510.45392	496.26692	
18.87111	755.611161	753.650624	510.57566	496.336733	
18.88142	755.734809	753.772797	510.699308	496.397819	
18.8916	755.857029	753.89497	510.821528	496.458906	
18.90176	755.978985	754.017143	510.943484	496.519992	
18.91186	756.100197	754.139316	511.064696	496.581079	
18.92209	756.222849	754.26149	511.187348	496.650892	
18.93264	756.349569	754.383663	511.314068	496.703252	
18.9441	756.487137	754.497109	511.451636	496.773065	
18.9526	756.589065	754.628009	511.553564	496.825425	
18.96304	756.714369	754.741455	511.678868	496.895238	
18.97292	756.832881	754.863628	511.79738	496.956325	
18.98308	756.954753	754.977075	511.919252	497.017411	
18.99385	757.084125	755.107974	512.048624	497.078498	
19.00334	757.197945	755.221421	512.162444	497.139584	
19.01353	757.320153	755.343594	512.284652	497.209397	
19.02371	757.442325	755.465767	512.406824	497.270484	
19.03404	757.566369	755.58794	512.530868	497.33157	
19.04557	757.704681	755.701386	512.66918	497.392657	
19.0542	757.808313	755.814833	512.772812	497.453743	
19.07243	758.026989	755.937006	512.991488	497.51483	
19.07769	758.090073	756.094085	513.054572	497.59337	
19.08782	758.211621	756.216258	513.17612	497.663183	
19.098	758.333829	756.338431	513.298328	497.715543	
19.10817	758.455869	756.460604	513.420368	497.785356	
19.11846	758.579445	756.574051	513.543944	497.837716	
19.12855	758.700441	756.696224	513.66494	497.907529	
19.13876	758.822973	756.818397	513.787472	497.959889	
19.14913	758.947413	756.931843	513.911912	498.020975	
19.16727	759.165057	757.054016	514.129556	498.082062	
19.17244	759.227037	757.211096	514.191536	498.160602	
19.18266	759.349749	757.333269	514.314248	498.221688	
19.1928	759.471477	757.455442	514.435976	498.282775	
19.20312	759.595293	757.577615	514.559792	498.343861	
19.21351	759.720009	757.699788	514.684508	498.404948	
19.22337	759.838257	757.804508	514.802756	498.466034	
19.23361	759.961125	757.926681	514.925624	498.527121	
19.24378	760.083201	758.048854	515.0477	498.588207	
19.25396	760.205373	758.171027	515.169872	498.640567	
19.26442	760.330869	758.284473	515.295368	498.71038	
19.2744	760.450725	758.406647	515.415224	498.76274	
19.28443	760.570989	758.52882	515.535488	498.823827	
19.29455	760.692357	758.642266	515.656856	498.884913	
19.30479	760.815393	758.764439	515.779892	498.946	
19.31493	760.937073	758.886612	515.901572	499.007086	
19.32563	761.065413	759.008785	516.029912	499.059446	
19.3352	761.180277	759.122232	516.144776	499.129259	
19.34556	761.304633	759.244405	516.269132	499.181619	
19.3555	761.423865	759.366578	516.388364	499.242706	
19.36567	761.545857	759.480024	516.510356	499.303792	
19.37585	761.667993	759.602197	516.632492	499.364879	
19.38597	761.789445	759.72437	516.753944	499.425965	
19.3962	761.912289	759.837817	516.876788	499.478325	
19.40641	762.034749	759.95999	516.999248	499.548139	
19.41683	762.159861	760.082163	517.12436	499.600498	
19.42736	762.286161	760.204336	517.25066	499.661585	
19.43677	762.399117	760.317782	517.363616	499.722671	
19.44686	762.520149	760.439955	517.484648	499.792485	
19.45721	762.644265	760.562128	517.608764	499.853571	
19.46732	762.765621	760.684301	517.73012	499.914658	
19.47762	762.889365	760.806474	517.853864	499.967018	
19.4978	763.131477	761.033367	518.095976	500.097917	
19.50299	763.193733	761.10318	518.158232	500.132824	
19.51316	763.315749	761.216627	518.280248	500.19391	
19.52351	763.439973	761.3388	518.404472	500.24627	
19.53354	763.560285	761.460973	518.524784	500.316083	
19.54367	763.681905	761.574419	518.646404	500.37717	
19.55472	763.814469	761.696592	518.778968	500.438256	
19.56462	763.933329	761.818765	518.897828	500.50807	
19.57511	764.059209	761.940938	519.023708	500.560429	
19.58491	764.176749	762.063111	519.141248	500.630243	
19.6032	764.396253	762.176558	519.360752	500.691329	
19.60881	764.463585	762.333637	519.428084	500.769869	
19.61893	764.585061	762.45581	519.54956	500.830956	
19.62887	764.704305	762.577983	519.668804	500.892042	
19.63929	764.829333	762.69143	519.793832	500.953129	
19.64947	764.951541	762.813603	519.91604	501.014215	
19.65929	765.069333	762.935776	520.033832	501.075302	
19.66954	765.192309	763.057949	520.156808	501.136388	
19.67966	765.313749	763.180122	520.278248	501.197475	
19.68988	765.436377	763.293568	520.400876	501.258561	
19.70035	765.562077	763.424468	520.526576	501.319648	
19.71019	765.680193	763.537915	520.644692	501.380734	
19.72049	765.803745	763.660088	520.768244	501.441821	
19.73084	765.927981	763.782261	520.89248	501.502907	
19.74069	766.046049	763.904434	521.010548	501.563994	
19.75078	766.167225	764.01788	521.131724	501.62508	
19.76127	766.293129	764.140053	521.257628	501.686167	
19.77929	766.509333	764.262226	521.473832	501.747253	
19.78446	766.571325	764.419306	521.535824	501.83452	
19.79464	766.693497	764.541479	521.657996	501.895606	
19.80486	766.816137	764.663652	521.780636	501.956693	
19.81549	766.943781	764.785825	521.90828	502.026506	
19.8255	767.063805	764.907998	522.028304	502.087593	
19.83576	767.186937	765.030171	522.151436	502.148679	
19.8458	767.307465	765.143617	522.271964	502.209766	
19.85714	767.443557	765.26579	522.408056	502.270852	
19.86612	767.551245	765.387964	522.515744	502.340665	
19.87661	767.677221	765.510137	522.64172	502.401752	
19.89515	767.899689	765.63231	522.864188	502.462838	
19.90039	767.962485	765.798116	522.926984	502.550105	
19.91091	768.088857	765.920289	523.053356	502.611191	
19.92071	768.206325	766.042462	523.170824	502.672278	
19.93092	768.328941	766.164635	523.29344	502.742091	
19.94105	768.450453	766.286808	523.414952	502.803178	
19.9515	768.575877	766.417708	523.540376	502.864264	
19.96139	768.694629	766.531154	523.659128	502.934077	
19.97187	768.820245	766.653327	523.784744	502.995164	
19.98167	768.937917	766.7755	523.902416	503.05625	
19.99184	769.059921	766.897673	524.02442	503.117337	
20.00221	769.184397	767.019846	524.148896	503.178423	
20.01223	769.304565	767.142019	524.269064	503.248237	
20.02235	769.425957	767.264192	524.390456	503.309323	
20.03249	769.547721	767.386366	524.51222	503.37041	
20.04298	769.673565	767.508539	524.638064	503.440223	
20.05284	769.791945	767.630712	524.756444	503.501309	
20.0633	769.917537	767.752885	524.882036	503.562396	
20.07312	770.035329	767.875058	524.999828	503.632209	
20.08326	770.156997	767.997231	525.121496	503.702022	
20.09347	770.279505	768.110677	525.244004	503.763109	
20.10357	770.400621	768.23285	525.36512	503.824195	
20.11377	770.523141	768.355023	525.48764	503.885282	
20.12402	770.646057	768.477196	525.610556	503.946368	
20.1343	770.770377	768.590643	525.734876	504.016181	
20.14426	770.888985	768.712816	525.853484	504.077268	
20.1544	771.010653	768.834989	525.975152	504.138354	
20.16457	771.132669	768.957162	526.097168	504.208168	
20.17465	771.253629	769.079335	526.218128	504.269254	
20.18482	771.375669	769.192781	526.340168	504.330341	
20.19498	771.497565	769.323681	526.462064	504.400154	
20.20521	771.620349	769.437127	526.584848	504.46124	
20.21536	771.742101	769.5593	526.7066	504.522327	
20.22552	771.864093	769.681473	526.828592	504.583413	
20.23577	771.987117	769.803647	526.951616	504.6445	
20.2458	772.107405	769.917093	527.071904	504.705586	
20.25594	772.229133	770.039266	527.193632	504.766673	
20.27427	772.449045	770.161439	527.413544	504.836486	
20.27945	772.511157	770.318519	527.475656	504.915026	
20.28967	772.633953	770.440692	527.598452	504.976112	
20.29984	772.755921	770.554138	527.72042	505.037199	
20.30998	772.877577	770.676311	527.842076	505.098286	
20.32042	773.002857	770.789758	527.967356	505.159372	
20.33032	773.121609	770.911931	528.086108	505.220459	
20.34053	773.244249	771.034104	528.208748	505.281545	
20.35066	773.365797	771.156277	528.330296	505.342632	
20.3618	773.499489	771.27845	528.463988	505.412445	
20.37103	773.610237	771.391896	528.574736	505.473531	
20.38149	773.735697	771.514069	528.700196	505.534618	
20.39131	773.853585	771.627516	528.818084	505.595704	
20.40959	774.073329	771.758415	529.037828	505.656791	
20.41483	774.135693	771.915495	529.100192	505.735331	
20.42506	774.258585	772.037668	529.223084	505.796417	
20.43552	774.384105	772.151114	529.348604	505.86623	
20.44537	774.502281	772.282014	529.46678	505.927317	
20.45577	774.627045	772.39546	529.591544	505.988403	
20.46597	774.749613	772.517634	529.714112	506.04949	
20.47619	774.872097	772.639807	529.836596	506.110576	
20.48636	774.997821	772.770706	529.96232	506.18039	
20.49617	775.111893	772.884153	530.076392	506.23275	
20.51425	775.328829	773.006326	530.293328	506.302563	
20.5194	775.390569	773.163405	530.355068	506.381103	
20.52957	775.512669	773.285578	530.477168	506.442189	
20.53971	775.634289	773.407751	530.598788	506.503276	
20.5501	775.759113	773.529924	530.723612	506.564362	
20.56006	775.878573	773.643371	530.843072	506.634175	
20.57035	776.002149	773.765544	530.966648	506.695262	
20.58048	776.123613	773.896444	531.088112	506.756348	
20.59067	776.245881	774.00989	531.21038	506.826161	
20.601	776.369853	774.132063	531.334352	506.887248	
20.61102	776.490045	774.254236	531.454544	506.948335	
20.62147	776.615565	774.376409	531.580064	507.009421	
20.63947	776.831553	774.498582	531.796052	507.070508	
20.6447	776.894217	774.655662	531.858716	507.157774	
20.65484	777.015897	774.777835	531.980396	507.218861	
20.66657	777.156753	774.900008	532.121252	507.279947	
20.67548	777.263517	775.022181	532.228016	507.341034	
20.68855	777.426153	775.144354	532.390652	507.40212	
20.6976	777.529053	775.292707	532.493552	507.471933	
20.70814	777.655533	775.41488	532.620032	507.541746	
20.71799	777.773793	775.537053	532.738292	507.602833	
20.7281	777.895017	775.667953	532.859516	507.66392	
20.73879	778.023309	775.790126	532.987808	507.725006	
20.74867	778.141917	775.921026	533.106416	507.786093	
20.75914	778.267497	776.043199	533.231996	507.855906	
20.76957	778.392753	776.165372	533.357252	507.925719	
20.7797	778.514277	776.296271	533.478776	507.986805	
20.78985	778.636065	776.418444	533.600564	508.047892	
20.80032	778.761753	776.549344	533.726252	508.108978	
20.8105	778.883865	776.66279	533.848364	508.170065	
20.82037	779.002317	776.79369	533.966816	508.239878	
20.83047	779.123421	776.915863	534.08792	508.300965	
20.84068	779.245977	777.038036	534.210476	508.362051	
20.85111	779.371173	777.168936	534.335672	508.431864	
20.86922	779.588553	777.299836	534.553052	508.492951	
20.87441	779.650737	777.456915	534.615236	508.580217	
20.88457	779.772693	777.587815	534.737192	508.641304	
20.8949	779.896653	777.718715	534.861152	508.711117	
20.9051	780.019053	777.840888	534.983552	508.772204	
20.91529	780.141285	777.963061	535.105784	508.83329	
20.92569	780.266145	778.09396	535.230644	508.903103	
20.93602	780.390177	778.22486	535.354676	508.972916	
20.94592	780.508869	778.347033	535.473368	509.034003	
20.95616	780.631845	778.469206	535.596344	509.103816	
20.96775	780.770901	778.600106	535.7354	509.164903	
20.97646	780.875409	778.722279	535.839908	509.225989	
20.98726	781.005021	778.853179	535.96952	509.295802	
20.99668	781.118037	778.984078	536.082536	509.356889	
21.00716	781.243809	779.106251	536.208308	509.426702	
21.01699	781.361709	779.237151	536.326208	509.487789	
21.0271	781.482969	779.359324	536.447468	509.557602	
21.03732	781.605777	779.481497	536.570276	509.618688	
21.04744	781.727097	779.612397	536.691596	509.688501	
21.05792	781.852857	779.73457	536.817356	509.749588	
21.07595	782.069337	779.86547	537.033836	509.810675	
21.08112	782.131209	780.022549	537.095708	509.906668	
21.09135	782.254029	780.153449	537.218528	509.967754	
21.1018	782.379405	780.284349	537.343904	510.037567	
21.11191	782.500809	780.406522	537.465308	510.098654	
21.13016	782.719785	780.528695	537.684284	510.15974	
21.13565	782.785689	780.703228	537.750188	510.247007	
21.14559	782.904969	780.825401	537.869468	510.31682	
21.15569	783.026157	780.947574	537.990656	510.377907	
21.16612	783.151329	781.078473	538.115828	510.438993	
21.176	783.269793	781.200647	538.234292	510.508806	
21.18615	783.391581	781.331546	538.35608	510.569893	
21.20433	783.609885	781.453719	538.574384	510.630979	
21.20959	783.672885	781.619526	538.637384	510.718246	
21.21971	783.794361	781.750425	538.75886	510.788059	
21.23022	783.920481	781.872598	538.88498	510.849145	
21.24812	784.135317	782.099491	539.099816	510.962592	
21.25347	784.199445	782.169304	539.163944	510.997498	
21.26363	784.321389	782.300204	539.285888	511.058585	
21.27431	784.449597	782.431104	539.414096	511.128398	
21.28429	784.570185	782.553277	539.534684	511.189485	
21.29417	784.688205	782.684176	539.652704	511.250571	
21.30432	784.809609	782.815076	539.774108	511.311658	
21.31479	784.935297	782.937249	539.899796	511.381471	
21.32493	785.057001	783.059422	540.0215	511.442557	
21.33562	785.185305	783.190322	540.149804	511.503644	
21.34499	785.297745	783.321222	540.262244	511.573457	
21.35541	785.422785	783.443395	540.387284	511.634544	
21.3653	785.541453	783.574294	540.505952	511.69563	
21.37584	785.668005	783.705194	540.632504	511.765443	
21.38577	785.787153	783.827367	540.751652	511.82653	
21.39575	785.906853	783.958267	540.871352	511.887616	
21.41399	786.125757	784.089166	541.090256	511.948703	
21.41921	786.188289	784.254973	541.152788	512.035969	
21.42937	786.310341	784.385872	541.27484	512.097056	
21.43984	786.435921	784.508045	541.40042	512.166869	
21.45009	786.558885	784.638945	541.523384	512.227956	
21.45987	786.676341	784.769845	541.64084	512.289042	
21.47032	786.801777	784.900745	541.766276	512.358855	
21.48015	786.919665	785.031644	541.884164	512.419942	
21.49255	787.068477	785.162544	542.032976	512.481028	
21.50046	787.163349	785.293444	542.127848	512.542115	
21.51054	787.284261	785.415617	542.24876	512.603201	
21.5207	787.406241	785.546516	542.37074	512.673014	
21.53091	787.528713	785.677416	542.493212	512.734101	
21.54129	787.653333	785.799589	542.617832	512.795188	
21.55123	787.772577	785.930489	542.737076	512.856274	
21.5614	787.894641	786.061389	542.85914	512.917361	
21.57175	788.018793	786.192288	542.983292	512.987174	
21.58227	788.145105	786.323188	543.109604	513.04826	
21.59189	788.260521	786.445361	543.22502	513.109347	
21.60206	788.382549	786.576261	543.347048	513.17916	
21.6123	788.505333	786.70716	543.469832	513.240246	
21.62241	788.626665	786.83806	543.591164	513.301333	
21.63255	788.748453	786.96896	543.712952	513.371146	
21.64314	788.875593	787.091133	543.840092	513.423506	
21.65282	788.991753	787.222032	543.956252	513.493319	
21.66315	789.115653	787.352932	544.080152	513.545679	
21.67351	789.240045	787.475105	544.204544	513.615492	
21.68335	789.358113	787.606005	544.322612	513.676579	
21.69381	789.483537	787.736905	544.448036	513.737665	
21.70368	789.602037	787.859078	544.566536	513.798752	
21.71411	789.727173	787.989977	544.691672	513.859838	
21.72401	789.845973	788.120877	544.810472	513.920925	
21.73444	789.971109	788.251777	544.935608	513.982011	
21.74429	790.089405	788.382676	545.053904	514.051825	
21.75467	790.213953	788.504849	545.178452	514.112911	
21.77267	790.429857	788.740469	545.394356	514.226358	
21.7789	790.504713	788.801555	545.469212	514.261264	
21.78852	790.620057	788.941182	545.584556	514.322351	
21.79897	790.745517	789.072081	545.710016	514.383437	
21.80882	790.863693	789.202981	545.828192	514.45325	
21.81923	790.988637	789.325154	545.953136	514.523063	
21.82911	791.107113	789.464781	546.071612	514.58415	
21.83931	791.229573	789.586954	546.194072	514.645237	
21.84952	791.352057	789.717853	546.316556	514.71505	
21.85969	791.474193	789.848753	546.438692	514.776136	
21.86991	791.596749	789.979653	546.561248	514.837223	
21.88938	791.830497	790.110552	546.794996	514.907036	
21.89469	791.894097	790.293812	546.858596	514.994302	
21.90491	792.016809	790.424712	546.981308	515.064116	
21.91538	792.142377	790.555611	547.106876	515.125202	
21.92534	792.261921	790.686511	547.22642	515.186289	
21.93565	792.385689	790.817411	547.350188	515.256102	
21.94545	792.503313	790.94831	547.467812	515.325915	
21.9556	792.625089	791.07921	547.589588	515.387001	
21.96585	792.748125	791.21011	547.712624	515.456815	
21.97595	792.869241	791.34101	547.83374	515.517901	
21.9861	792.991137	791.471909	547.955636	515.578988	
22.00455	793.212429	791.602809	548.176928	515.648801	
22.00979	793.275285	791.768615	548.239784	515.736067	
22.02011	793.399161	791.908242	548.36366	515.80588	
22.03007	793.518681	792.030415	548.48318	515.866967	
22.0406	793.645053	792.161314	548.609552	515.93678	
22.05078	793.767261	792.292214	548.73176	515.997867	
22.06068	793.886061	792.423114	548.85056	516.06768	
22.07082	794.007693	792.545287	548.972192	516.128766	
22.08155	794.136501	792.676186	549.101	516.19858	
22.09119	794.252205	792.807086	549.216704	516.268393	
22.10151	794.375961	792.937986	549.34046	516.338206	
22.11181	794.499549	793.060159	549.464048	516.399292	
22.12169	794.618193	793.191059	549.582692	516.469106	
22.13179	794.739309	793.321958	549.703808	516.538919	
22.14197	794.861421	793.444131	549.82592	516.600005	
22.15215	794.983641	793.583758	549.94814	516.669818	
22.16235	795.106065	793.705931	550.070564	516.730905	
22.17255	795.228417	793.828104	550.192916	516.800718	
22.19091	795.448809	793.96773	550.413308	516.861805	
22.19617	795.511917	794.133536	550.476416	516.957798	
22.20638	795.634449	794.264436	550.598948	517.027611	
22.21676	795.758961	794.386609	550.72346	517.088697	
22.22664	795.877605	794.526235	550.842104	517.158511	
22.23745	796.007265	794.648408	550.971764	517.219597	
22.24688	796.120389	794.779308	551.084888	517.280684	
22.25702	796.242021	794.910208	551.20652	517.350497	
22.26726	796.364877	795.041108	551.329376	517.411583	
22.2774	796.486653	795.163281	551.451152	517.47267	
22.28851	796.620069	795.311634	551.584568	517.542483	
22.29869	796.742133	795.433807	551.706632	517.612296	
22.31701	796.962057	795.564706	551.926556	517.673383	
22.32221	797.024313	795.730513	551.988812	517.751923	
22.33241	797.146773	795.861412	552.111272	517.821736	
22.34255	797.268417	795.992312	552.232916	517.882822	
22.35271	797.390349	796.114485	552.354848	517.943909	
22.36289	797.512437	796.245385	552.476936	518.004995	
22.37321	797.636373	796.376284	552.600872	518.066082	
22.38329	797.757369	796.507184	552.721868	518.127168	
22.3934	797.878749	796.638084	552.843248	518.188255	
22.40396	798.005385	796.760257	552.969884	518.258068	
22.4138	798.123429	796.899883	553.087928	518.319155	
22.42423	798.248661	797.022056	553.21316	518.380241	
22.4344	798.370737	797.152956	553.335236	518.432601	
22.44429	798.489417	797.283856	553.453916	518.502414	
22.4546	798.613005	797.406029	553.577504	518.563501	
22.47268	798.827141	797.536928	553.79164	518.624587	
22.47824	798.892982	797.711461	553.857481	518.711854	
22.49006	799.035419	797.842361	553.999918	518.77294	
22.49868	799.13289	797.973261	554.09739	518.834027	
22.5088	799.250814	798.10416	554.215314	518.886387	
22.51893	799.368214	798.226333	554.332714	518.9562	
22.5292	799.486644	798.357233	554.451144	519.017286	
22.53932	799.602655	798.488133	554.567154	519.078373	
22.54947	799.718458	798.619032	554.682957	519.139459	
22.55961	799.833631	798.749932	554.79813	519.200546	
22.56978	799.948454	798.872105	554.912954	519.270359	
22.57993	800.062444	799.003005	555.026944	519.340172	
22.59144	800.190903	799.133905	555.155403	519.401259	
22.60833	800.377358	799.360797	555.341857	519.514705	
22.61352	800.434681	799.430611	555.399181	519.549612	
22.62376	800.547023	799.56151	555.511522	519.610698	
22.63412	800.662532	799.683683	555.627032	519.671785	
22.64412	800.768536	799.814583	555.733036	519.741598	
22.65422	800.877693	799.936756	555.842192	519.802684	
22.66442	800.987162	800.058929	555.951661	519.863771	
22.6746	801.095763	800.181102	556.060263	519.933584	
22.68525	801.210444	800.312002	556.174943	519.994671	
22.69701	801.332578	800.460355	556.297078	520.073211	
22.70724	801.439777	800.591255	556.404277	520.134297	
22.71738	801.545522	800.713428	556.510022	520.195384	
22.72749	801.650209	800.835601	556.614709	520.25647	
22.73763	801.754621	800.949047	556.71912	520.317557	
22.74782	801.858986	801.079947	556.823485	520.38737	
22.7581	801.963647	801.20212	556.928146	520.457183	
22.77028	802.086818	801.315566	557.051317	520.518269	
22.77867	802.171248	801.437739	557.135748	520.579356	
22.78857	802.270235	801.559912	557.234734	520.649169	
22.79872	802.371068	801.673359	557.335568	520.710256	
22.80889	802.471531	801.786805	557.436031	520.780069	
22.81913	802.572125	801.900251	557.536624	520.841155	
22.8292	802.670447	802.022425	557.634947	520.910969	
22.83941	802.769517	802.135871	557.734017	520.980782	
22.84957	802.867391	802.240591	557.831891	521.041868	
22.85978	802.965247	802.354037	557.929747	521.111681	
22.87025	803.065016	802.467483	558.029516	521.172768	
22.88007	803.157841	802.58093	558.122341	521.242581	
22.89029	803.253985	802.694376	558.218484	521.312394	
22.90072	803.351437	802.799096	558.315936	521.373481	
22.91107	803.447458	802.903816	558.411958	521.443294	
22.92082	803.537397	803.008536	558.501897	521.50438	
22.93926	803.705035	803.121982	558.669535	521.574194	
22.9445	803.752588	803.261608	558.717088	521.66146	
22.9547	803.844739	803.366328	558.809239	521.731273	
22.96522	803.939009	803.462321	558.903509	521.801086	
22.9751	804.026891	803.567041	558.991391	521.8709	
22.98553	804.119086	803.671761	559.083586	521.940713	
22.99572	804.20866	803.77648	559.173159	522.010526	
23.00547	804.293719	803.872474	559.258218	522.071613	
23.01561	804.381556	803.968467	559.346056	522.141426	
23.02605	804.471369	804.073186	559.435869	522.211239	
23.03594	804.555883	804.16918	559.520383	522.281052	
23.04607	804.641822	804.265173	559.606322	522.350865	
23.05626	804.727725	804.352439	559.692224	522.420678	
23.06645	804.812926	804.448432	559.777425	522.490492	
23.07685	804.899316	804.544425	559.863816	522.560305	
23.08728	804.985267	804.640418	559.949767	522.621391	
23.09865	805.078232	804.727685	560.042732	522.691204	
23.1073	805.148619	804.823678	560.113119	522.761018	
23.1175	805.230807	804.910944	560.195306	522.830831	
23.12792	805.314268	804.998211	560.278768	522.900644	
23.13784	805.393077	805.085477	560.357577	522.970457	
23.15584	805.533867	805.242557	560.498367	523.09263	
23.16105	805.574574	805.277464	560.539074	523.127537	
23.17126	805.653731	805.36473	560.618231	523.19735	
23.18158	805.733105	805.451997	560.697605	523.267163	
23.19179	805.810949	805.530536	560.775448	523.32825	
23.20265	805.89313	805.617803	560.85763	523.406789	
23.2128	805.96929	805.696343	560.93379	523.476603	
23.22293	806.044788	805.774882	561.009288	523.546416	
23.23305	806.119538	805.853422	561.084037	523.616229	
23.24349	806.196061	805.931962	561.16056	523.677315	
23.25336	806.267817	806.010502	561.232317	523.747129	
23.26383	806.343253	806.089042	561.307752	523.816942	
23.27366	806.413571	806.167581	561.378071	523.886755	
23.28383	806.485627	806.237395	561.450127	523.956568	
23.29418	806.558411	806.315934	561.52291	524.017655	
23.30421	806.628358	806.394474	561.592857	524.087468	
23.31434	806.698363	806.464287	561.662863	524.157281	
23.33258	806.822078	806.534101	561.786577	524.227094	
23.33782	806.857591	806.63882	561.822091	524.314361	
23.35584	806.977398	806.760993	561.941898	524.436534	
23.36105	807.012008	806.7959	561.976507	524.47144	
23.3713	807.079481	806.865713	562.043981	524.541253	
23.38146	807.145723	806.944253	562.110222	524.611067	
23.39186	807.212895	807.014066	562.177394	524.672153	
23.40229	807.279598	807.083879	562.244098	524.741966	
23.41184	807.340146	807.153693	562.304645	524.811779	
23.42204	807.40427	807.214779	562.368769	524.872866	
23.43222	807.467576	807.284592	562.432076	524.942679	
23.44241	807.530406	807.354405	562.494905	525.012492	
23.4526	807.592568	807.424219	562.557067	525.082305	
23.46274	807.653868	807.485305	562.618367	525.152119	
23.48094	807.761498	807.546392	562.725997	525.213205	
23.48619	807.792574	807.633658	562.757074	525.309198	
23.50678	807.911148	807.755831	562.875648	525.440098	
23.51197	807.941072	807.790738	562.905572	525.475005	
23.52215	807.999078	807.851824	562.963577	525.544818	
23.53229	808.056246	807.912911	563.020745	525.605904	
23.54271	808.114351	807.973997	563.078851	525.675717	
23.55288	808.170446	808.035084	563.134945	525.745531	
23.56336	808.227683	808.09617	563.192182	525.815344	
23.57322	808.280897	808.157257	563.245397	525.885157	
23.58335	808.335002	808.209617	563.299502	525.946243	
23.5935	808.388629	808.270703	563.353128	526.016057	
23.60388	808.443159	808.33179	563.407659	526.077143	
23.61387	808.494646	808.38415	563.459145	526.146956	
23.62398	808.546	808.43651	563.5105	526.216769	
23.63433	808.59857	808.488869	563.56307	526.286583	
23.64433	808.648075	808.541229	563.612575	526.347669	
23.65439	808.697661	808.602316	563.662161	526.408756	
23.66462	808.747429	808.654676	563.711928	526.478569	
23.67476	808.796225	808.707036	563.760725	526.539655	
23.68486	808.844233	808.759395	563.808733	526.609469	
23.69529	808.89314	808.811755	563.857639	526.670555	
23.70651	808.945008	808.864115	563.909507	526.740368	
23.7154	808.985681	808.907748	563.950181	526.801455	
23.72551	809.031315	808.960108	563.995815	526.862541	
23.73581	809.077218	809.012468	564.041717	526.932354	
23.74588	809.121501	809.064828	564.086001	526.993441	
23.75644	809.167269	809.117188	564.131769	527.054528	
23.76615	809.20881	809.160821	564.17331	527.124341	
23.77634	809.251821	809.204454	564.21632	527.194154	
23.79473	809.327048	809.256814	564.291548	527.25524	
23.79992	809.348332	809.309174	564.312831	527.33378	
23.81057	809.391176	809.361534	564.355676	527.403593	
23.82078	809.43162	809.405167	564.396119	527.473407	
23.83085	809.470946	809.4488	564.435446	527.534493	
23.84107	809.510241	809.492434	564.47474	527.59558	
23.85125	809.54883	809.536067	564.513329	527.656666	
23.86141	809.586678	809.570974	564.551178	527.717753	
23.87156	809.623969	809.614607	564.588469	527.787566	
23.88179	809.660902	809.65824	564.625401	527.857379	
23.89191	809.696865	809.693147	564.661365	527.918465	
23.90244	809.733642	809.73678	564.698142	527.979552	
23.91293	809.769661	809.780413	564.734161	528.049365	
23.92243	809.801761	809.81532	564.76626	528.110452	
23.93257	809.835415	809.850226	564.799914	528.180265	
23.94278	809.868692	809.893859	564.833191	528.241351	
23.95294	809.901269	809.928766	564.865768	528.311165	
23.96313	809.933283	809.972399	564.897783	528.380978	
23.98136	809.98829	810.007306	564.95279	528.442064	
23.98701	810.005358	810.059666	564.969857	528.520604	
23.99686	810.034457	810.085846	564.998957	528.590417	
24.00709	810.064044	810.129479	565.028544	528.66023	
24.0174	810.09326	810.155659	565.057759	528.730044	
24.03576	810.142949	810.190565	565.107449	528.79113	
24.04097	810.15709	810.234199	565.12159	528.878397	
24.05122	810.184165	810.269105	565.148665	528.939483	
24.06133	810.210299	810.304012	565.174799	529.009296	
24.07152	810.236027	810.330192	565.200527	529.070383	
24.08225	810.262482	810.356372	565.226982	529.131469	
24.09211	810.286249	810.391278	565.250749	529.201282	
24.10228	810.310188	810.417458	565.274687	529.262369	
24.11403	810.337609	810.443638	565.302108	529.323456	
24.12293	810.356912	810.478545	565.321412	529.393269	
24.13325	810.379393	810.504725	565.343893	529.454355	
24.14321	810.400532	810.530905	565.365032	529.515442	
24.1534	810.421584	810.557085	565.386083	529.576528	
24.16353	810.44191	810.583265	565.40641	529.637615	
24.17365	810.461662	810.609444	565.426161	529.707428	
24.18416	810.481557	810.635624	565.446056	529.768515	
24.19467	810.50084	810.653078	565.46534	529.829601	
24.20416	810.517747	810.679258	565.482246	529.890688	
24.21538	810.537025	810.705438	565.501525	529.951774	
24.22453	810.552307	810.722891	565.516806	530.021587	
24.23467	810.568644	810.749071	565.533143	530.082674	
24.24551	810.58546	810.775251	565.54996	530.14376	
24.25498	810.599689	810.792704	565.564189	530.19612	
24.26516	810.614387	810.818884	565.578887	530.265933	
24.27552	810.628762	810.836337	565.593261	530.32702	
24.29353	810.651608	810.862517	565.616107	530.388106	
24.29919	810.658796	810.87997	565.623295	530.475373	
24.30938	810.671067	810.897424	565.635566	530.536459	
24.31971	810.682941	810.90615	565.647441	530.597546	
24.33005	810.69424	810.923604	565.65874	530.649906	
24.34004	810.704646	810.93233	565.669146	530.719719	
24.35007	810.714555	810.941057	565.679055	530.780805	
24.36022	810.724045	810.949784	565.688544	530.841892	
24.3704	810.73301	810.949784	565.69751	530.902979	
24.38061	810.741468	810.95851	565.705968	530.964065	
24.39083	810.749391	810.967237	565.713891	531.025152	
24.40088	810.756676	810.967237	565.721176	531.086238	
24.41121	810.763619	810.967237	565.728119	531.147325	
24.42139	810.769953	810.967237	565.734452	531.208411	
24.43953	810.77925	810.967237	565.74375	531.313131	
24.44476	810.781968	810.95851	565.746468	531.348037	
24.45502	810.786694	810.95851	565.751194	531.409124	
24.46541	810.790987	810.95851	565.755487	531.470211	
24.47531	810.794651	810.95851	565.759151	531.531297	
24.48569	810.79802	810.95851	565.76252	531.592384	
24.49764	810.801262	810.95851	565.765762	531.65347	
24.50564	810.803249	810.95851	565.767749	531.714557	
24.51613	810.805384	810.95851	565.769883	531.775643	
24.5261	810.80707	810.95851	565.77157	531.83673	
24.5362	810.812254	810.95851	565.776754	531.897816	
24.55483	810.812254	810.95851	565.776754	531.958903	
24.56004	810.812254	810.95851	565.776754	532.046169	
24.57023	810.812254	810.95851	565.776754	532.107256	
24.58077	810.812254	810.95851	565.776754	532.168342	
24.59053	810.812254	810.95851	565.776754	532.229429	
24.60088	810.812254	810.95851	565.776754	532.290515	
24.61994	810.812254	810.95851	565.776754	532.351602	
24.62541	810.812254	810.95851	565.776754	532.430142	
24.6356	810.812254	810.95851	565.776754	532.499955	
24.64573	810.812254	810.95851	565.776754	532.552315	
24.6556	810.812254	810.95851	565.776754	532.622128	
24.66579	810.812254	810.95851	565.776754	532.674488	
24.67624	810.812254	810.95851	565.776754	532.744301	
24.68772	810.812254	810.95851	565.776754	532.796661	
24.69725	810.812254	810.95851	565.776754	532.866474	
24.70727	810.812254	810.95851	565.776754	532.918834	
24.71849	810.812254	810.95851	565.776754	532.988647	
24.72755	810.812254	810.95851	565.776754	533.049733	
24.73769	810.812254	810.95851	565.776754	533.102093	
24.75629	810.812254	810.95851	565.776754	533.21554	
24.76151	810.812254	810.95851	565.776754	533.24172	
24.77174	810.812254	810.95851	565.776754	533.302806	
24.78192	810.812254	810.95851	565.776754	533.363893	
24.79198	810.812254	810.95851	565.776754	533.424979	
24.80218	810.812254	810.95851	565.776754	533.486066	
24.81272	810.812254	810.95851	565.776754	533.547152	
24.83149	810.812254	810.95851	565.776754	533.660599	
24.83693	810.812254	810.95851	565.776754	533.686779	
24.84747	810.812254	810.95851	565.776754	533.756592	
24.8573	810.812254	810.95851	565.776754	533.808952	
24.86718	810.812254	810.95851	565.776754	533.870038	
24.87727	810.812254	810.95851	565.776754	533.931125	
24.88742	810.812254	810.95851	565.776754	533.983485	
24.89808	810.812254	810.95851	565.776754	534.044571	
24.90805	810.812254	810.95851	565.776754	534.105658	
24.92613	810.812254	810.95851	565.776754	534.210377	
24.93136	810.812254	810.95851	565.776754	534.245284	
24.94147	810.812254	810.95851	565.776754	534.306371	
24.95183	810.812254	810.95851	565.776754	534.35873	
24.96178	810.812254	810.95851	565.776754	534.419817	
24.97198	810.812254	810.95851	565.776754	534.480903	
24.98222	810.812254	810.95851	565.776754	534.54199	
24.99267	810.812254	810.95851	565.776754	534.603077	
25.00264	810.812254	810.95851	565.776754	534.664163	
25.01298	810.812254	810.95851	565.776754	534.72525	
25.02352	810.812254	810.95851	565.776754	534.786336	
25.03301	810.812254	810.95851	565.776754	534.838696	
25.04316	810.812254	810.95851	565.776754	534.908509	
25.05328	810.812254	810.95851	565.776754	534.960869	
25.06346	810.812254	810.95851	565.776754	535.021956	
25.07354	810.812254	810.95851	565.776754	535.083042	
25.08399	810.812254	810.95851	565.776754	535.144129	
25.09397	810.812254	810.95851	565.776754	535.205215	
25.10431	810.812254	810.95851	565.776754	535.257575	
25.11421	810.812254	810.95851	565.776754	535.318662	
25.1248	810.812254	810.95851	565.776754	535.379748	
25.13455	810.812254	810.95851	565.776754	535.432108	
25.14475	810.812254	810.95851	565.776754	535.493194	
25.1549	810.812254	810.95851	565.776754	535.545554	
25.16511	810.812254	810.95851	565.776754	535.606641	
25.1755	810.812254	810.95851	565.776754	535.659001	
25.18537	810.812254	810.95851	565.776754	535.711361	
25.19576	810.812254	810.95851	565.776754	535.76372	
25.20594	810.812254	810.95851	565.776754	535.81608	
25.2158	810.812254	810.95851	565.776754	535.86844	
25.23511	810.812254	810.95851	565.776754	535.9208	
25.24036	810.812254	810.95851	565.776754	535.99934	
25.25045	810.812254	810.95851	565.776754	536.0517	
25.2607	810.812254	810.95851	565.776754	536.095333	
25.2708	810.812254	810.95851	565.776754	536.147693	
25.28095	810.812254	810.95851	565.776754	536.200053	
25.29123	810.812254	810.95851	565.776754	536.243686	
25.3013	810.812254	810.95851	565.776754	536.296046	
25.3115	810.812254	810.95851	565.776754	536.339679	
25.32166	810.812254	810.95851	565.776754	536.392039	
25.33226	810.812254	810.95851	565.776754	536.435672	
25.34255	810.812254	810.95851	565.776754	536.479305	
25.35216	810.812254	810.95851	565.776754	536.514212	
25.36264	810.812254	810.95851	565.776754	536.566572	
25.38037	810.812254	810.95851	565.776754	536.601479	
25.38554	810.812254	810.95851	565.776754	536.653838	
25.39572	810.812254	810.95851	565.776754	536.688745	
25.40586	810.812254	810.95851	565.776754	536.732378	
25.41604	810.812254	810.95851	565.776754	536.767285	
25.42714	810.812254	810.95851	565.776754	536.802191	
25.43665	810.812254	810.95851	565.776754	536.837098	
25.44657	810.812254	810.95851	565.776754	536.872005	
25.45743	810.812254	810.95851	565.776754	536.906911	
25.46685	810.812254	810.95851	565.776754	536.933091	
25.47705	810.812254	810.95851	565.776754	536.967998	
25.49526	810.812254	810.95851	565.776754	537.002904	
25.50179	810.812254	810.95851	565.776754	537.037811	
25.51055	810.812254	810.95851	565.776754	537.072717	
25.52069	810.812254	810.95851	565.776754	537.098897	
25.53899	810.812254	810.95851	565.776754	537.142531	
25.5446	810.812254	810.95851	565.776754	537.159984	
25.55475	810.812254	810.95851	565.776754	537.177437	
25.56499	810.812254	810.95851	565.776754	537.212344	
25.5751	810.812254	810.95851	565.776754	537.229797	
25.58527	810.812254	810.95851	565.776754	537.255977	
25.5954	810.812254	810.95851	565.776754	537.282157	
25.606	810.812254	810.95851	565.776754	537.29961	
25.61569	810.812254	810.95851	565.776754	537.317064	
25.62587	810.812254	810.95851	565.776754	537.343243	
25.63632	810.812254	810.95851	565.776754	537.360697	
25.64621	810.812254	810.95851	565.776754	537.386877	
25.66476	810.812254	810.95851	565.776754	537.40433	
25.66998	810.812254	810.95851	565.776754	537.421783	
25.68014	810.812254	810.95851	565.776754	537.439237	
25.69033	810.812254	810.95851	565.776754	537.45669	
25.70054	810.812254	810.95851	565.776754	537.474143	
25.71089	810.812254	810.95851	565.776754	537.491596	
25.72083	810.812254	810.95851	565.776754	537.50905	
25.73216	810.812254	810.95851	565.776754	537.517776	
25.74121	810.812254	810.95851	565.776754	537.526503	
25.75132	810.812254	810.95851	565.776754	537.543956	
25.76147	810.812254	810.95851	565.776754	537.56141	
25.77166	810.812254	810.95851	565.776754	537.570136	
25.78204	810.812254	810.95851	565.776754	537.578863	
25.79195	810.812254	810.95851	565.776754	537.596316	
25.80222	810.812254	810.95851	565.776754	537.596316	
25.81233	810.812254	810.95851	565.776754	537.613769	
25.8225	810.812254	810.95851	565.776754	537.613769	
25.83363	810.812254	810.95851	565.776754	537.631223	
25.84286	810.812254	810.95851	565.776754	537.631223	
25.85305	810.812254	810.95851	565.776754	537.639949	
25.86314	810.812254	810.95851	565.776754	537.648676	
25.87333	810.812254	810.95851	565.776754	537.657403	
25.88366	810.812254	810.95851	565.776754	537.657403	
25.89387	810.812254	810.95851	565.776754	537.666129	
25.90386	810.812254	810.95851	565.776754	537.666129	
25.91428	810.812254	810.95851	565.776754	537.666129	
25.9243	810.812254	810.95851	565.776754	537.674856	
25.9349	810.812254	810.95851	565.776754	537.674856	
25.94451	810.812254	810.95851	565.776754	537.683583	
25.95498	810.812254	810.95851	565.776754	537.683583	
25.96492	810.812254	810.95851	565.776754	537.683583	
25.97511	810.812254	810.95851	565.776754	537.683583	
25.98518	810.812254	810.95851	565.776754	537.683583	
25.99539	810.812254	810.95851	565.776754	537.683583	
26.00546	810.812254	810.95851	565.776754	537.692309	
26.0156	810.812254	810.95851	565.776754	537.692309	
26.02581	810.812254	810.95851	565.776754	537.692309	
26.03716	810.812254	810.95851	565.776754	537.692309	
26.04615	810.812254	810.95851	565.776754	537.692309	
26.0562	810.812254	810.95851	565.776754	537.692309	
26.06643	810.812254	810.95851	565.776754	537.692309	
26.07705	810.812254	810.95851	565.776754	537.692309	
26.08671	810.812254	810.95851	565.776754	537.692309	
26.09718	810.812254	810.95851	565.776754	537.692309	
26.10733	810.812254	810.95851	565.776754	537.692309	
26.11715	810.812254	810.95851	565.776754	537.692309	
26.12733	810.812254	810.95851	565.776754	537.692309	
26.13844	810.812254	810.95851	565.776754	537.692309	
26.14763	810.812254	810.95851	565.776754	537.692309	
26.15822	810.812254	810.95851	565.776754	537.692309	
26.16804	810.812254	810.95851	565.776754	537.692309	
26.17871	810.812254	810.95851	565.776754	537.692309	
26.18867	810.812254	810.95851	565.776754	537.692309	
26.19902	810.812254	810.95851	565.776754	537.692309	
26.20892	810.812254	810.95851	565.776754	537.692309	
26.21908	810.812254	810.95851	565.776754	537.692309	
26.22924	810.812254	810.95851	565.776754	537.692309	
26.23971	810.812254	810.95851	565.776754	537.692309	
26.24956	810.812254	810.95851	565.776754	537.692309	
26.25998	810.812254	810.95851	565.776754	537.692309	
26.27	810.812254	810.95851	565.776754	537.692309	
26.28005	810.812254	810.95851	565.776754	537.692309	
26.29026	810.812254	810.95851	565.776754	537.692309	
26.30043	810.812254	810.95851	565.776754	537.692309	
26.31053	810.812254	810.95851	565.776754	537.692309	
26.32072	810.812254	810.95851	565.776754	537.692309	
26.33091	810.812254	810.95851	565.776754	537.692309	
26.34219	810.812254	810.95851	565.776754	537.692309	
26.3512	810.812254	810.95851	565.776754	537.692309	
26.36144	810.812254	810.95851	565.776754	537.692309	
26.37158	810.812254	810.95851	565.776754	537.692309	
26.38177	810.812254	810.95851	565.776754	537.692309	
26.39217	810.812254	810.95851	565.776754	537.692309	
26.40205	810.812254	810.95851	565.776754	537.692309	
26.41224	810.812254	810.95851	565.776754	537.692309	
26.42239	810.812254	810.95851	565.776754	537.692309	
26.43254	810.812254	810.95851	565.776754	537.692309	
26.44373	810.812254	810.95851	565.776754	537.692309	
26.45295	810.812254	810.95851	565.776754	537.692309	
26.46309	810.812254	810.95851	565.776754	537.692309	
26.47321	810.812254	810.95851	565.776754	537.692309	
26.48343	810.812254	810.95851	565.776754	537.692309	
26.49353	810.812254	810.95851	565.776754	537.692309	
26.51354	810.812254	810.95851	565.776754	537.692309	
26.51958	810.812254	810.95851	565.776754	537.692309	
26.52985	810.812254	810.95851	565.776754	537.692309	
26.53977	810.812254	810.95851	565.776754	537.692309	
26.5503	810.812254	810.95851	565.776754	537.692309	
26.56039	810.812254	810.95851	565.776754	537.692309	
26.5702	810.812254	810.95851	565.776754	537.692309	
26.58043	810.812254	810.95851	565.776754	537.692309	
26.59061	810.812254	810.95851	565.776754	537.692309	
26.6007	810.812254	810.95851	565.776754	537.692309	
26.61087	810.812254	810.95851	565.776754	537.692309	
26.62105	810.812254	810.95851	565.776754	537.692309	
26.63122	810.812254	810.95851	565.776754	537.692309	
26.64135	810.812254	810.95851	565.776754	537.692309	
26.65154	810.812254	810.95851	565.776754	537.692309	
26.66169	810.812254	810.95851	565.776754	537.692309	
26.67185	810.812254	810.95851	565.776754	537.692309	
26.68199	810.812254	810.95851	565.776754	537.692309	
26.70206	810.812254	810.95851	565.776754	537.692309	
26.70759	810.812254	810.95851	565.776754	537.692309	
26.71765	810.812254	810.95851	565.776754	537.692309	
26.73624	810.812254	810.95851	565.776754	537.692309	
26.74145	810.812254	810.95851	565.776754	537.692309	
26.75158	810.812254	810.95851	565.776754	537.692309	
26.76179	810.812254	810.95851	565.776754	537.692309	
26.77192	810.812254	810.95851	565.776754	537.692309	
26.78215	810.812254	810.95851	565.776754	537.692309	
26.79223	810.812254	810.95851	565.776754	537.692309	
26.80247	810.812254	810.95851	565.776754	537.692309	
26.813	810.812254	810.95851	565.776754	537.692309	
26.82273	810.812254	810.95851	565.776754	537.692309	
26.83287	810.812254	810.95851	565.776754	537.692309	
26.8432	810.812254	810.95851	565.776754	537.692309	
26.85375	810.812254	810.95851	565.776754	537.692309	
26.87163	810.812254	810.95851	565.776754	537.692309	
26.87751	810.812254	810.95851	565.776754	537.692309	
26.88738	810.812254	810.95851	565.776754	537.692309	
26.89724	810.812254	810.95851	565.776754	537.692309	
26.90733	810.812254	810.95851	565.776754	537.692309	
26.9175	810.812254	810.95851	565.776754	537.692309	
26.92766	810.812254	810.95851	565.776754	537.692309	
26.94593	810.812254	810.95851	565.776754	537.692309	
26.95232	810.812254	810.95851	565.776754	537.692309	
26.96253	810.812254	810.95851	565.776754	537.692309	
26.97299	810.812254	810.95851	565.776754	537.692309	
26.99093	810.812254	810.95851	565.776754	537.692309	
26.99611	810.812254	810.95851	565.776754	537.692309	
27.00647	810.812254	810.95851	565.776754	537.692309	
27.02463	810.812254	810.95851	565.776754	537.692309	
27.02985	810.812254	810.95851	565.776754	537.692309	
27.03995	810.812254	810.95851	565.776754	537.692309	
27.05134	810.812254	810.95851	565.776754	537.692309	
27.06032	810.812254	810.95851	565.776754	537.692309	
27.07048	810.812254	810.95851	565.776754	537.692309	
27.08074	810.812254	810.95851	565.776754	537.692309	
27.09085	810.812254	810.95851	565.776754	537.692309	
27.10112	810.812254	810.95851	565.776754	537.692309	
27.11932	810.812254	810.95851	565.776754	537.692309	
27.1245	810.812254	810.95851	565.776754	537.692309	
27.13476	810.812254	810.95851	565.776754	537.692309	
27.14519	810.812254	810.95851	565.776754	537.692309	
27.15511	810.812254	810.95851	565.776754	537.692309	
27.16548	810.812254	810.95851	565.776754	537.692309	
27.17558	810.812254	810.95851	565.776754	537.692309	
27.1855	810.812254	810.95851	565.776754	537.692309	
27.1957	810.812254	810.95851	565.776754	537.692309	
27.20603	810.812254	810.95851	565.776754	537.692309	
27.21627	810.812254	810.95851	565.776754	537.692309	
27.22618	810.812254	810.95851	565.776754	537.692309	
27.2363	810.812254	810.95851	565.776754	537.692309	
27.24679	810.812254	810.95851	565.776754	537.692309	
27.25666	810.812254	810.95851	565.776754	537.692309	
27.2668	810.812254	810.95851	565.776754	537.692309	
27.27728	810.812254	810.95851	565.776754	537.692309	
27.28746	810.812254	810.95851	565.776754	537.692309	
27.2972	810.812254	810.95851	565.776754	537.692309	
27.30741	810.812254	810.95851	565.776754	537.692309	
27.31752	810.812254	810.95851	565.776754	537.692309	
27.32769	810.812254	810.95851	565.776754	537.692309	
27.33787	810.812254	810.95851	565.776754	537.692309	
27.34804	810.812254	810.95851	565.776754	537.692309	
27.35831	810.812254	810.95851	565.776754	537.692309	
27.36842	810.812254	810.95851	565.776754	537.692309	
27.37889	810.812254	810.95851	565.776754	537.692309	
27.38883	810.812254	810.95851	565.776754	537.692309	
27.39898	810.812254	810.95851	565.776754	537.692309	
27.40913	810.812254	810.95851	565.776754	537.692309	
27.41925	810.812254	810.95851	565.776754	537.692309	
27.42947	810.812254	810.95851	565.776754	537.692309	
27.43965	810.812254	810.95851	565.776754	537.692309	
27.45006	810.812254	810.95851	565.776754	537.692309	
27.46002	810.812254	810.95851	565.776754	537.692309	
27.47035	810.812254	810.95851	565.776754	537.692309	
27.48063	810.812254	810.95851	565.776754	537.692309	
27.49048	810.812254	810.95851	565.776754	537.692309	
27.50097	810.812254	810.95851	565.776754	537.692309	
27.51156	810.812254	810.95851	565.776754	537.692309	
27.52141	810.812254	810.95851	565.776754	537.692309	
27.53156	810.812254	810.95851	565.776754	537.692309	
27.5417	810.812254	810.95851	565.776754	537.692309	
27.55186	810.812254	810.95851	565.776754	537.692309	
27.56247	810.812254	810.95851	565.776754	537.692309	
27.57221	810.812254	810.95851	565.776754	537.692309	
27.59051	810.812254	810.95851	565.776754	537.692309	
27.59598	810.812254	810.95851	565.776754	537.692309	
27.61401	810.812254	810.95851	565.776754	537.692309	
27.61917	810.812254	810.95851	565.776754	537.692309	
27.62941	810.812254	810.95851	565.776754	537.692309	
27.63986	810.812254	810.95851	565.776754	537.692309	
27.64965	810.812254	810.95851	565.776754	537.692309	
27.6603	810.812254	810.95851	565.776754	537.692309	
27.67004	810.812254	810.95851	565.776754	537.692309	
27.68022	810.812254	810.95851	565.776754	537.692309	
27.69072	810.812254	810.95851	565.776754	537.692309	
27.70083	810.812254	810.95851	565.776754	537.692309	
27.71092	810.812254	810.95851	565.776754	537.692309	
27.72137	810.812254	810.95851	565.776754	537.692309	
27.73122	810.812254	810.95851	565.776754	537.692309	
27.7414	810.812254	810.95851	565.776754	537.692309	
27.7515	810.812254	810.95851	565.776754	537.692309	
27.76174	810.812254	810.95851	565.776754	537.692309	
27.77187	810.812254	810.95851	565.776754	537.692309	
27.78205	810.812254	810.95851	565.776754	537.692309	
27.79218	810.812254	810.95851	565.776754	537.692309	
27.8026	810.812254	810.95851	565.776754	537.692309	
27.81248	810.812254	810.95851	565.776754	537.692309	
27.82263	810.812254	810.95851	565.776754	537.692309	
27.83284	810.812254	810.95851	565.776754	537.692309	
27.84305	810.812254	810.95851	565.776754	537.692309	
27.85341	810.812254	810.95851	565.776754	537.692309	
27.86339	810.812254	810.95851	565.776754	537.692309	
27.87382	810.812254	810.95851	565.776754	537.692309	
27.88373	810.812254	810.95851	565.776754	537.692309	
27.89386	810.812254	810.95851	565.776754	537.692309	
27.90403	810.812254	810.95851	565.776754	537.692309	
27.91416	810.812254	810.95851	565.776754	537.692309	
27.9244	810.812254	810.95851	565.776754	537.692309	
27.93451	810.812254	810.95851	565.776754	537.692309	
27.94466	810.812254	810.95851	565.776754	537.692309	
27.95481	810.812254	810.95851	565.776754	537.692309	
27.96508	810.812254	810.95851	565.776754	537.692309	
27.97553	810.812254	810.95851	565.776754	537.692309	
27.98548	810.812254	810.95851	565.776754	537.692309	
27.99545	810.812254	810.95851	565.776754	537.692309	
28.0056	810.812254	810.95851	565.776754	537.692309	
28.01573	810.812254	810.95851	565.776754	537.692309	
28.02621	810.812254	810.95851	565.776754	537.692309	
28.03605	810.812254	810.95851	565.776754	537.692309	
28.04622	810.812254	810.95851	565.776754	537.692309	
28.05643	810.812254	810.95851	565.776754	537.692309	
28.06657	810.812254	810.95851	565.776754	537.692309	
28.07721	810.812254	810.95851	565.776754	537.692309	
28.0872	810.812254	810.95851	565.776754	537.692309	
28.09703	810.812254	810.95851	565.776754	537.692309	
28.10721	810.812254	810.95851	565.776754	537.692309	
28.11765	810.812254	810.95851	565.776754	537.692309	
28.12749	810.812254	810.95851	565.776754	537.692309	
28.13763	810.812254	810.95851	565.776754	537.692309	
28.14788	810.812254	810.95851	565.776754	537.692309	
28.15805	810.812254	810.95851	565.776754	537.692309	
28.16819	810.812254	810.95851	565.776754	537.692309	
28.17856	810.812254	810.95851	565.776754	537.692309	
28.18868	810.812254	810.95851	565.776754	537.692309	
28.19921	810.812254	810.95851	565.776754	537.692309	
28.2095	810.812254	810.95851	565.776754	537.692309	
28.2192	810.812254	810.95851	565.776754	537.692309	
28.23748	810.812254	810.95851	565.776754	537.692309	
28.24268	810.812254	810.95851	565.776754	537.692309	
28.25292	810.812254	810.95851	565.776754	537.692309	
28.26431	810.812254	810.95851	565.776754	537.692309	
28.2735	810.812254	810.95851	565.776754	537.692309	
28.28333	810.812254	810.95851	565.776754	537.692309	
28.29349	810.812254	810.95851	565.776754	537.692309	
28.30365	810.812254	810.95851	565.776754	537.692309	
28.31384	810.812254	810.95851	565.776754	537.692309	
28.3243	810.812254	810.95851	565.776754	537.692309	
28.33417	810.812254	810.95851	565.776754	537.692309	
28.34432	810.812254	810.95851	565.776754	537.692309	
28.35447	810.812254	810.95851	565.776754	537.692309	
28.36562	810.812254	810.95851	565.776754	537.692309	
28.37553	810.812254	810.95851	565.776754	537.692309	
28.38517	810.812254	810.95851	565.776754	537.692309	
28.39559	810.812254	810.95851	565.776754	537.692309	
28.40581	810.812254	810.95851	565.776754	537.692309	
28.41612	810.812254	810.95851	565.776754	537.692309	
28.4258	810.812254	810.95851	565.776754	537.692309	
28.43624	810.812254	810.95851	565.776754	537.692309	
28.44612	810.812254	810.95851	565.776754	537.692309	
28.45623	810.812254	810.95851	565.776754	537.692309	
28.46689	810.812254	810.95851	565.776754	537.692309	
28.47703	810.812254	810.95851	565.776754	537.692309	
28.48695	810.812254	810.95851	565.776754	537.692309	
28.49684	810.812254	810.95851	565.776754	537.692309	
28.50928	810.812254	810.95851	565.776754	537.692309	
28.51781	810.812254	810.95851	565.776754	537.692309	
28.52744	810.812254	810.95851	565.776754	537.692309	
28.53754	810.812254	810.95851	565.776754	537.692309	
28.54776	810.812254	810.95851	565.776754	537.692309	
28.55794	810.812254	810.95851	565.776754	537.692309	
28.57745	810.812254	810.95851	565.776754	537.692309	
28.58272	810.812254	810.95851	565.776754	537.692309	
28.59304	810.812254	810.95851	565.776754	537.692309	
28.60301	810.812254	810.95851	565.776754	537.692309	
28.61323	810.812254	810.95851	565.776754	537.692309	
28.62351	810.812254	810.95851	565.776754	537.692309	
28.63351	810.812254	810.95851	565.776754	537.692309	
28.64405	810.812254	810.95851	565.776754	537.692309	
28.65381	810.812254	810.95851	565.776754	537.692309	
28.66403	810.812254	810.95851	565.776754	537.692309	
28.67454	810.812254	810.95851	565.776754	537.692309	
28.68462	810.812254	810.95851	565.776754	537.692309	
28.70444	810.812254	810.95851	565.776754	537.692309	
28.70964	810.812254	810.95851	565.776754	537.692309	
28.71975	810.812254	810.95851	565.776754	537.692309	
28.72989	810.812254	810.95851	565.776754	537.692309	
28.74007	810.812254	810.95851	565.776754	537.692309	
28.75025	810.812254	810.95851	565.776754	537.692309	
28.76039	810.812254	810.95851	565.776754	537.692309	
28.77081	810.812254	810.95851	565.776754	537.692309	
28.78069	810.812254	810.95851	565.776754	537.692309	
28.79087	810.812254	810.95851	565.776754	537.692309	
28.80126	810.812254	810.95851	565.776754	537.692309	
28.81121	810.812254	810.95851	565.776754	537.692309	
28.82135	810.812254	810.95851	565.776754	537.692309	
28.8315	810.812254	810.95851	565.776754	537.692309	
28.84168	810.812254	810.95851	565.776754	537.692309	
28.85187	810.812254	810.95851	565.776754	537.692309	
28.87068	810.812254	810.95851	565.776754	537.692309	
28.87586	810.812254	810.95851	565.776754	537.692309	
28.88615	810.812254	810.95851	565.776754	537.692309	
28.89617	810.812254	810.95851	565.776754	537.692309	
28.9064	810.812254	810.95851	565.776754	537.692309	
28.91695	810.812254	810.95851	565.776754	537.692309	
28.92766	810.812254	810.95851	565.776754	537.692309	
28.93683	810.812254	810.95851	565.776754	537.692309	
28.94697	810.812254	810.95851	565.776754	537.692309	
28.95721	810.812254	810.95851	565.776754	537.692309	
28.96741	810.812254	810.95851	565.776754	537.692309	
28.97764	810.812254	810.95851	565.776754	537.692309	
28.98781	810.812254	810.95851	565.776754	537.692309	
29.00586	810.812254	810.95851	565.776754	537.692309	
29.01127	810.812254	810.95851	565.776754	537.692309	
29.02133	810.812254	810.95851	565.776754	537.692309	
29.03154	810.812254	810.95851	565.776754	537.692309	
29.04172	810.812254	810.95851	565.776754	537.692309	
29.05212	810.812254	810.95851	565.776754	537.692309	
29.06207	810.812254	810.95851	565.776754	537.692309	
29.0734	810.812254	810.95851	565.776754	537.692309	
29.08263	810.812254	810.95851	565.776754	537.692309	
29.09253	810.812254	810.95851	565.776754	537.692309	
29.10271	810.812254	810.95851	565.776754	537.692309	
29.11315	810.812254	810.95851	565.776754	537.692309	
29.12296	810.812254	810.95851	565.776754	537.692309	
29.13326	810.812254	810.95851	565.776754	537.692309	
29.14334	810.812254	810.95851	565.776754	537.692309	
29.15354	810.812254	810.95851	565.776754	537.692309	
29.16373	810.812254	810.95851	565.776754	537.692309	
29.17504	810.812254	810.95851	565.776754	537.692309	
29.18398	810.812254	810.95851	565.776754	537.692309	
29.19413	810.812254	810.95851	565.776754	537.692309	
29.20431	810.812254	810.95851	565.776754	537.692309	
29.21502	810.812254	810.95851	565.776754	537.692309	
29.22491	810.812254	810.95851	565.776754	537.692309	
29.23514	810.812254	810.95851	565.776754	537.692309	
29.24531	810.812254	810.95851	565.776754	537.692309	
29.2554	810.812254	810.95851	565.776754	537.692309	
29.26584	810.812254	810.95851	565.776754	537.692309	
29.27755	810.812254	810.95851	565.776754	537.692309	
29.28589	810.812254	810.95851	565.776754	537.692309	
29.29642	810.812254	810.95851	565.776754	537.692309	
29.31446	810.812254	810.95851	565.776754	537.692309	
29.31965	810.812254	810.95851	565.776754	537.692309	
29.32988	810.812254	810.95851	565.776754	537.692309	
29.34004	810.812254	810.95851	565.776754	537.692309	
29.35051	810.812254	810.95851	565.776754	537.692309	
29.36038	810.812254	810.95851	565.776754	537.692309	
29.37055	810.812254	810.95851	565.776754	537.692309	
29.38198	810.812254	810.95851	565.776754	537.692309	
29.39985	810.812254	810.95851	565.776754	537.692309	
29.40513	810.812254	810.95851	565.776754	537.692309	
29.41527	810.812254	810.95851	565.776754	537.692309	
29.43357	810.812254	810.95851	565.776754	537.692309	
29.43928	810.812254	810.95851	565.776754	537.692309	
29.45715	810.812254	810.95851	565.776754	537.692309	
29.46238	810.812254	810.95851	565.776754	537.692309	
29.47246	810.812254	810.95851	565.776754	537.692309	
29.4829	810.812254	810.95851	565.776754	537.692309	
29.49313	810.812254	810.95851	565.776754	537.692309	
29.50317	810.812254	810.95851	565.776754	537.692309	
29.51364	810.812254	810.95851	565.776754	537.692309	
29.52346	810.812254	810.95851	565.776754	537.692309	
29.53362	810.812254	810.95851	565.776754	537.692309	
29.54381	810.812254	810.95851	565.776754	537.692309	
29.55419	810.812254	810.95851	565.776754	537.692309	
29.56418	810.812254	810.95851	565.776754	537.692309	
29.57443	810.812254	810.95851	565.776754	537.692309	
29.58455	810.812254	810.95851	565.776754	537.692309	
29.59467	810.812254	810.95851	565.776754	537.692309	
29.6052	810.812254	810.95851	565.776754	537.692309	
29.61505	810.812254	810.95851	565.776754	537.692309	
29.62553	810.812254	810.95851	565.776754	537.692309	
29.63533	810.812254	810.95851	565.776754	537.692309	
29.64547	810.812254	810.95851	565.776754	537.692309	
29.65563	810.812254	810.95851	565.776754	537.692309	
29.66606	810.812254	810.95851	565.776754	537.692309	
29.67594	810.812254	810.95851	565.776754	537.692309	
29.68607	810.812254	810.95851	565.776754	537.692309	
29.69627	810.812254	810.95851	565.776754	537.692309	
29.70674	810.812254	810.95851	565.776754	537.692309	
29.7166	810.812254	810.95851	565.776754	537.692309	
29.72745	810.812254	810.95851	565.776754	537.692309	
29.73692	810.812254	810.95851	565.776754	537.692309	
29.74706	810.812254	810.95851	565.776754	537.692309	
29.75728	810.812254	810.95851	565.776754	537.692309	
29.76735	810.812254	810.95851	565.776754	537.692309	
29.77786	810.812254	810.95851	565.776754	537.692309	
29.78768	810.812254	810.95851	565.776754	537.692309	
29.80581	810.812254	810.95851	565.776754	537.692309	
29.81105	810.812254	810.95851	565.776754	537.692309	
29.82152	810.812254	810.95851	565.776754	537.692309	
29.83138	810.812254	810.95851	565.776754	537.692309	
29.84156	810.812254	810.95851	565.776754	537.692309	
29.85182	810.812254	810.95851	565.776754	537.692309	
29.86223	810.812254	810.95851	565.776754	537.692309	
29.87202	810.812254	810.95851	565.776754	537.692309	
29.88218	810.812254	810.95851	565.776754	537.692309	
29.89238	810.812254	810.95851	565.776754	537.692309	
29.90295	810.812254	810.95851	565.776754	537.692309	
29.9131	810.812254	810.95851	565.776754	537.692309	
29.92323	810.812254	810.95851	565.776754	537.692309	
29.93377	810.812254	810.95851	565.776754	537.692309	
29.94404	810.812254	810.95851	565.776754	537.692309	
29.95408	810.812254	810.95851	565.776754	537.692309	
29.9644	810.812254	810.95851	565.776754	537.692309	
29.97442	810.812254	810.95851	565.776754	537.692309	
29.99289	810.812254	810.95851	565.776754	537.692309	
29.99859	810.812254	810.95851	565.776754	537.692309	
30.00872	810.812254	810.95851	565.776754	537.692309	
30.01887	810.812254	810.95851	565.776754	537.692309	
30.02941	810.812254	810.95851	565.776754	537.692309	
30.0395	810.812254	810.95851	565.776754	537.692309	
30.04939	810.812254	810.95851	565.776754	537.692309	
30.05994	810.812254	810.95851	565.776754	537.692309	
30.06972	810.812254	810.95851	565.776754	537.692309	
30.07982	810.812254	810.95851	565.776754	537.692309	
30.09079	810.812254	810.95851	565.776754	537.692309	
30.10068	810.812254	810.95851	565.776754	537.692309	
30.11083	810.812254	810.95851	565.776754	537.692309	
30.1212	810.812254	810.95851	565.776754	537.692309	
30.13114	810.812254	810.95851	565.776754	537.692309	
30.14163	810.812254	810.95851	565.776754	537.692309	
30.15146	810.812254	810.95851	565.776754	537.692309	
30.16194	810.812254	810.95851	565.776754	537.692309	
30.17179	810.812254	810.95851	565.776754	537.692309	
30.1822	810.812254	810.95851	565.776754	537.692309	
30.19204	810.812254	810.95851	565.776754	537.692309	
30.20217	810.812254	810.95851	565.776754	537.692309	
30.21266	810.812254	810.95851	565.776754	537.692309	
30.22262	810.812254	810.95851	565.776754	537.692309	
30.23275	810.812254	810.95851	565.776754	537.692309	
30.2429	810.812254	810.95851	565.776754	537.692309	
30.25316	810.812254	810.95851	565.776754	537.692309	
30.26328	810.812254	810.95851	565.776754	537.692309	
30.27335	810.812254	810.95851	565.776754	537.692309	
30.28354	810.812254	810.95851	565.776754	537.692309	
30.29377	810.812254	810.95851	565.776754	537.692309	
30.30394	810.812254	810.95851	565.776754	537.692309	
30.31411	810.812254	810.95851	565.776754	537.692309	
30.32462	810.812254	810.95851	565.776754	537.692309	
30.33442	810.812254	810.95851	565.776754	537.692309	
30.34485	810.812254	810.95851	565.776754	537.692309	
30.3547	810.812254	810.95851	565.776754	537.692309	
30.36489	810.812254	810.95851	565.776754	537.692309	
30.37497	810.812254	810.95851	565.776754	537.692309	
30.38553	810.812254	810.95851	565.776754	537.692309	
30.39538	810.812254	810.95851	565.776754	537.692309	
30.40582	810.812254	810.95851	565.776754	537.692309	
30.41571	810.812254	810.95851	565.776754	537.692309	
30.42583	810.812254	810.95851	565.776754	537.692309	
30.4363	810.812254	810.95851	565.776754	537.692309	
30.44669	810.812254	810.95851	565.776754	537.692309	
30.45632	810.812254	810.95851	565.776754	537.692309	
30.46656	810.812254	810.95851	565.776754	537.692309	
30.47666	810.812254	810.95851	565.776754	537.692309	
30.48713	810.812254	810.95851	565.776754	537.692309	
30.4973	810.812254	810.95851	565.776754	537.692309	
30.50725	810.812254	810.95851	565.776754	537.692309	
30.51732	810.812254	810.95851	565.776754	537.692309	
30.53567	810.812254	810.95851	565.776754	537.692309	
30.54082	810.812254	810.95851	565.776754	537.692309	
30.55104	810.812254	810.95851	565.776754	537.692309	
30.56123	810.812254	810.95851	565.776754	537.692309	
30.5714	810.812254	810.95851	565.776754	537.692309	
30.58181	810.812254	810.95851	565.776754	537.692309	
30.59267	810.812254	810.95851	565.776754	537.692309	
30.60178	810.812254	810.95851	565.776754	537.692309	
30.61201	810.812254	810.95851	565.776754	537.692309	
30.6222	810.812254	810.95851	565.776754	537.692309	
30.63227	810.812254	810.95851	565.776754	537.692309	
30.64253	810.812254	810.95851	565.776754	537.692309	
30.65262	810.812254	810.95851	565.776754	537.692309	
30.66285	810.812254	810.95851	565.776754	537.692309	
30.6731	810.812254	810.95851	565.776754	537.692309	
30.68317	810.812254	810.95851	565.776754	537.692309	
30.70459	810.812254	810.95851	565.776754	537.692309	
30.70981	810.812254	810.95851	565.776754	537.692309	
30.72	810.812254	810.95851	565.776754	537.692309	
30.73824	810.812254	810.95851	565.776754	537.692309	
30.74352	810.812254	810.95851	565.776754	537.692309	
30.75368	810.812254	810.95851	565.776754	537.692309	
30.76396	810.812254	810.95851	565.776754	537.692309	
30.78742	810.812254	810.95851	565.776754	537.692309	
30.79282	810.812254	810.95851	565.776754	537.692309	
