14.84215	0.00973979516	0.00872664626	0.0010131489	0	
14.85209	0.0112229859	0.00872664626	0.00249633961	0	
14.8622	0.0133778659	0.00872664626	0.00465121969	0	
14.87228	0.0161376335	0.00872664626	0.0074109872	0	
14.88247	0.0195512676	0.00872664626	0.0108246214	0	
14.8926	0.0235650041	0.00872664626	0.0148383579	0	
14.90271	0.0281759443	0.00872664626	0.0194492981	0	
14.91284	0.033413416	0.00872664626	0.0246867698	0	
14.92296	0.0392695702	0.00872664626	0.0305429239	0	
14.9331	0.0457438589	0.00872664626	0.0370172126	0.00872664626	
14.9433	0.0528819391	0.00872664626	0.0441552928	0.00872664626	
14.95342	0.0605856797	0.00872664626	0.0518590334	0.00872664626	
14.96383	0.0691655841	0.0174532925	0.0604389379	0.0174532925	
14.97368	0.0778411157	0.0174532925	0.0691144695	0.0174532925	
14.98379	0.0873723156	0.0261799388	0.0786456694	0.0174532925	
14.99394	0.09755827	0.034906585	0.0888316237	0.034906585	
15.00405	0.10833541	0.0436332313	0.0996087634	0.034906585	
15.01417	0.119712927	0.0610865238	0.11098628	0.0436332313	
15.02429	0.131709066	0.0785398163	0.12298242	0.0523598776	
15.04269	0.156024924	0.0959931089	0.147298278	0.0785398163	
15.04706	0.161722231	0.122173048	0.152995585	0.0872664626	
15.05722	0.175786677	0.148352986	0.167060031	0.0959931089	
15.06737	0.190448048	0.174532925	0.181721402	0.113446401	
15.07743	0.205580731	0.200712864	0.196854085	0.122173048	
15.08761	0.221514201	0.226892803	0.212787555	0.148352986	
15.09777	0.238044797	0.253072742	0.229318151	0.165806279	
15.11616	0.270453737	0.27925268	0.261727091	0.200712864	
15.12047	0.277969869	0.314159265	0.269243223	0.20943951	
15.13061	0.296461732	0.331612558	0.287735086	0.226892803	
15.14123	0.316552662	0.34906585	0.307826015	0.253072742	
15.15099	0.335514164	0.366519143	0.326787518	0.27925268	
15.16104	0.355676193	0.383972435	0.346949547	0.296705973	
15.17127	0.376837094	0.392699082	0.368110448	0.322885912	
15.18128	0.398128974	0.401425728	0.389402328	0.340339204	
15.19148	0.42046629	0.41887902	0.411739644	0.357792497	
15.20158	0.443180027	0.427605667	0.43445338	0.375245789	
15.21177	0.466726429	0.436332313	0.457999782	0.401425728	
15.22186	0.490755318	0.453785606	0.482028671	0.41887902	
15.23226	0.515983575	0.462512252	0.507256929	0.436332313	
15.24259	0.541791441	0.479965544	0.533064795	0.453785606	
15.25232	0.566608016	0.488692191	0.55788137	0.471238898	
15.26239	0.592931816	0.514872129	0.58420517	0.488692191	
15.2725	0.619971787	0.541052068	0.611245141	0.506145483	
15.28266	0.647774631	0.567232007	0.639047984	0.541052068	
15.29283	0.676220059	0.602138592	0.667493413	0.558505361	
15.30292	0.705044115	0.645771823	0.696317469	0.584685299	
15.3131	0.734752537	0.689405055	0.726025891	0.610865238	
15.32324	0.764981157	0.733038286	0.756254511	0.645771823	
15.33329	0.795520471	0.776671517	0.786793824	0.680678408	
15.34383	0.828266062	0.820304748	0.819539415	0.715584993	
15.35355	0.858970915	0.86393798	0.850244268	0.750491578	
15.36368	0.891619015	0.907571211	0.882892369	0.785398163	
15.37382	0.924920178	0.942477796	0.916193532	0.820304748	
15.38391	0.958625669	0.986111027	0.949899023	0.855211333	
15.39409	0.993293974	1.02101761	0.984567327	0.890117919	
15.40437	1.02895084	1.0559242	1.0202242	0.925024504	
15.41439	1.06425811	1.09955743	1.05553147	0.959931089	
15.42449	1.10050892	1.13446401	1.09178228	0.994837674	
15.43469	1.13773151	1.1693706	1.12900487	1.0384709	
15.4462	1.18058176	1.20427718	1.17185511	1.08210414	
15.45495	1.21351701	1.23045712	1.20479036	1.11701072	
15.46504	1.25216888	1.26536371	1.24344223	1.16064395	
15.4752	1.29168659	1.29154365	1.28295994	1.19555054	
15.48525	1.33137429	1.32645023	1.32264764	1.23918377	
15.49541	1.37219659	1.35263017	1.36346995	1.27409035	
15.5076	1.42206547	1.37881011	1.41333882	1.30899694	
15.51565	1.45526955	1.40499005	1.44654291	1.34390352	
15.53362	1.53192775	1.46607657	1.52320111	1.41371669	
15.5379	1.5501093	1.49225651	1.54138265	1.43116999	
15.54909	1.59868131	1.5271631	1.58995467	1.47480322	
15.55822	1.6386901	1.57079633	1.62996345	1.5097098	
15.56833	1.68369851	1.6231562	1.67497186	1.55334303	
15.5785	1.72957381	1.67551608	1.72084716	1.59697627	
15.58863	1.77586903	1.72787596	1.76714238	1.6406095	
15.59872	1.82261414	1.78023584	1.8138875	1.68424273	
15.609	1.87090339	1.83259571	1.86217675	1.72787596	
15.61914	1.91911486	1.89368224	1.91038821	1.78023584	
15.62912	1.96717292	1.95476876	1.95844627	1.82386907	
15.65035	2.07279449	2.06821516	2.06406784	1.92858882	
15.65475	2.09461101	2.0943951	2.08588436	1.94604212	
15.66479	2.14506834	2.15548163	2.13634169	1.99840199	
15.67493	2.19666849	2.2078415	2.18794184	2.05076187	
15.685	2.24854987	2.26892803	2.23982322	2.10312175	
15.69524	2.30188858	2.32128791	2.29316193	2.15548163	
15.70528	2.35483659	2.37364778	2.34610994	2.21656815	
15.71545	2.40904069	2.42600766	2.40031405	2.26892803	
15.72556	2.46361781	2.47836754	2.45489117	2.32128791	
15.73564	2.51857641	2.52200077	2.50984976	2.38237443	
15.755	2.62697434	2.61799388	2.61824769	2.48709418	
15.75965	2.65291785	2.63544717	2.6441912	2.51327412	
15.76947	2.70840891	2.6790804	2.69968227	2.565634	
15.77964	2.76658525	2.72271363	2.7578586	2.61799388	
15.78969	2.82465481	2.77507351	2.81592817	2.67035376	
15.79987	2.88410129	2.82743339	2.87537464	2.72271363	
15.81	2.94386997	2.88851991	2.93514332	2.78380016	
15.82013	3.00425435	2.94087979	2.99552771	2.84488668	
15.8303	3.06548063	3.00196631	3.05675398	2.89724656	
15.84036	3.12667271	3.05432619	3.11794606	2.94960644	
15.85144	3.19490794	3.11541271	3.18618129	3.01069296	
15.86073	3.25249389	3.17649924	3.24376724	3.07177948	
15.87082	3.31568863	3.23758576	3.30696199	3.12413936	
15.88093	3.37964144	3.30739893	3.37091479	3.19395253	
15.89103	3.44413627	3.3772121	3.43540962	3.25503905	
15.9012	3.5097138	3.43829863	3.50098716	3.31612558	
15.91131	3.57546987	3.5081118	3.56674322	3.38593875	
15.92144	3.64201163	3.57792497	3.63328498	3.45575192	
15.93161	3.70946482	3.64773814	3.70073817	3.51683844	
15.94167	3.77676598	3.72627795	3.76803933	3.58665161	
15.9528	3.85206614	3.79609112	3.8433395	3.66519143	
15.96215	3.91572625	3.87463094	3.9069996	3.7350046	
15.9723	3.98549101	3.94444411	3.97676437	3.80481777	
15.98242	4.05562086	4.01425728	4.04689421	3.87463094	
15.9925	4.12618718	4.08407045	4.11746054	3.95317076	
16.0027	4.19809314	4.15388362	4.1893665	4.03171057	
16.01286	4.2704491	4.23242344	4.26172245	4.10152374	
16.023	4.34321432	4.30223661	4.33448767	4.17133691	
16.03312	4.41644949	4.37204978	4.40772285	4.24115008	
16.04369	4.49370036	4.44186295	4.48497371	4.31096325	
16.05406	4.57009306	4.52040276	4.56136642	4.38950307	
16.06378	4.64223897	4.59021593	4.63351232	4.46804289	
16.07361	4.71572384	4.6600291	4.70699719	4.53785606	
16.08373	4.79209221	4.73856892	4.78336556	4.60766923	
16.09384	4.86889871	4.80838209	4.86017206	4.68620904	
16.10396	4.94655791	4.88692191	4.93783126	4.75602221	
16.11415	5.02524745	4.96546172	5.0165208	4.83456203	
16.12425	5.10382693	5.04400154	5.09510028	4.9043752	
16.13442	5.18363676	5.11381471	5.17491012	4.98291501	
16.14451	5.26346739	5.19235452	5.25474074	5.06145483	
16.15541	5.35037837	5.27089434	5.34165173	5.13999465	
16.16487	5.42628507	5.3581608	5.41755843	5.21853446	
16.17498	5.50807477	5.43670062	5.49934812	5.28834763	
16.18508	5.59041181	5.51524044	5.58168516	5.3756141	
16.19519	5.67341096	5.59378025	5.66468431	5.45415391	
16.20534	5.75743295	5.68104672	5.7487063	5.53269373	
16.21544	5.84153478	5.76831318	5.83280813	5.6025069	
16.22556	5.92649386	5.84685299	5.91776722	5.68977336	
16.2357	6.01217023	5.93411946	6.00344358	5.76831318	
16.25376	6.16732091	6.09119909	6.15859426	5.90793952	
16.26714	6.2830951	6.21337214	6.27436846	6.02138592	
16.27147	6.3205305	6.24827872	6.31180386	6.0562925	
16.28159	6.40890135	6.33554518	6.4001747	6.13483232	
16.29174	6.49810908	6.42281165	6.48938244	6.21337214	
16.30182	6.5873177	6.51007811	6.57859105	6.3006386	
16.31202	6.67824323	6.60607122	6.66951658	6.37917842	
16.32222	6.76979324	6.70206433	6.7610666	6.47517152	
16.33237	6.86154793	6.78933079	6.85282128	6.56243799	
16.34257	6.95430735	6.87659725	6.9455807	6.64970445	
16.35294	7.04930958	6.97259036	7.04058293	6.74569756	
16.36285	7.14059102	7.06858347	7.13186437	6.84169067	
16.38107	7.31097379	7.2431164	7.30224714	7.01622359	
16.38662	7.36276057	7.29547627	7.35403392	7.06858347	
16.39685	7.45920015	7.39146938	7.4504735	7.16457658	
16.40718	7.55722598	7.49618914	7.54849934	7.26929633	
16.41705	7.65134523	7.59218225	7.64261859	7.36528944	
16.42723	7.7491208	7.68817536	7.74039415	7.4700092	
16.4373	7.84643543	7.79289511	7.83770878	7.57472895	
16.44744	7.94497686	7.88888822	7.93625021	7.67072206	
16.45931	8.0614364	7.99360797	8.05270975	7.77544182	
16.46811	8.14807149	8.09832773	8.13934484	7.88888822	
16.47784	8.24437756	8.19432084	8.23565091	7.98488133	
16.48798	8.34545397	8.29904059	8.33672733	8.08960108	
16.49812	8.44706634	8.40376035	8.43833969	8.19432084	
16.51961	8.66615194	8.6219265	8.65742529	8.41248699	
16.52393	8.71012145	8.65683309	8.7013948	8.46484687	
16.53404	8.81363008	8.76155285	8.80490343	8.56956663	
16.54421	8.9185102	8.8662726	8.90978356	8.67428638	
16.55453	9.02550747	8.97099236	9.01678082	8.77900614	
16.56454	9.12986152	9.07571211	9.12113488	8.88372589	
16.57471	9.2364668	9.17170522	9.22774015	8.98844565	
16.58477	9.34304285	9.27642497	9.3343162	9.0931654	
16.59486	9.44965353	9.37241808	9.44092688	9.19788516	
16.6052	9.56004503	9.47713784	9.55131838	9.30260491	
16.61516	9.66688974	9.59058424	9.65816309	9.39859802	
16.62527	9.77599415	9.69530399	9.7672675	9.50331778	
16.63544	9.88631375	9.80002375	9.8775871	9.60803753	
16.64556	9.99681311	9.91347015	9.98808646	9.70403064	
16.65569	10.1061917	10.0181899	10.097465	9.8087504	
16.67375	10.2987754	10.2101761	10.2900487	10.0007366	
16.6789	10.3537507	10.2712626	10.345024	10.0443698	
16.6891	10.461782	10.384709	10.4530554	10.1490896	
16.69954	10.5717989	10.4981555	10.5630723	10.262536	
16.70971	10.6783263	10.6116019	10.6695997	10.3672558	
16.71982	10.7836331	10.7163216	10.7749064	10.4719755	
16.72968	10.8856454	10.8384947	10.8769187	10.5679686	
16.73987	10.9906263	10.9519411	10.9818996	10.681415	
16.75002	11.0944549	11.0653875	11.0857283	10.7861348	
16.76017	11.1978266	11.1701072	11.1891	10.8908545	
16.77038	11.3010094	11.2835536	11.2922828	10.9955743	
16.78864	11.4832936	11.3882734	11.474567	11.1875605	
16.79376	11.534412	11.5191731	11.5256853	11.248647	
16.8039	11.6350108	11.6326195	11.6262842	11.3533668	
16.814	11.7345817	11.7373392	11.7258551	11.4580865	
16.82413	11.8337732	11.842059	11.8250465	11.5628063	
16.83424	11.932282	11.9380521	11.9235553	11.667526	
16.85254	12.1081034	12.0427718	12.0993768	11.8595123	
16.8569	12.1500129	12.1649449	12.1412863	11.9031455	
16.8678	12.2539896	12.260938	12.245263	12.0165919	
16.87791	12.3497765	12.3569311	12.3410499	12.1213117	
16.88801	12.44497	12.4529242	12.4362433	12.2260314	
16.89819	12.5402003	12.5489173	12.5314737	12.3307512	
16.90826	12.633917	12.6361838	12.6251904	12.4354709	
16.91842	12.7277574	12.7234502	12.7190308	12.5401907	
16.92857	12.8209437	12.8107167	12.8122171	12.6361838	
16.93873	12.9136666	12.8892565	12.9049399	12.7496302	
16.94901	13.006829	12.976523	12.9981024	12.8543499	
16.95901	13.0967478	13.0550628	13.0880212	12.9590697	
16.96923	13.1881582	13.1423293	13.1794316	13.0637895	
16.97946	13.2790311	13.2295957	13.2703044	13.1772359	
16.98945	13.3671382	13.3168622	13.3584116	13.273229	
16.99964	13.4563917	13.4041287	13.4476651	13.3779487	
17.00972	13.5441548	13.4913951	13.5354281	13.4739418	
17.01991	13.6322246	13.5786616	13.6234979	13.5612083	
17.03001	13.7188837	13.6746547	13.7101571	13.6572014	
17.04012	13.8050345	13.7706478	13.7963079	13.7444679	
17.05035	13.8915877	13.8579143	13.8828611	13.8317343	
17.06043	13.9763272	13.9539074	13.9676005	13.9102741	
17.07064	14.0614825	14.0499005	14.0527558	13.9975406	
17.08079	14.1455732	14.1458936	14.1368465	14.0760804	
17.09093	14.2289507	14.2418867	14.2202241	14.1546202	
17.10102	14.3113511	14.3291532	14.3026245	14.2244334	
17.1112	14.3938326	14.4164196	14.385106	14.3116999	
17.12134	14.4753777	14.5036861	14.466651	14.381513	
17.13153	14.5567674	14.5822259	14.5480408	14.4687795	
17.14158	14.6364404	14.6607657	14.6277137	14.5385927	
17.15171	14.7161247	14.7393055	14.707398	14.6258591	
17.16184	14.7951583	14.8178453	14.7864317	14.7043989	
17.17208	14.8745224	14.8876585	14.8657957	14.7829388	
17.18221	14.9523568	14.9574717	14.9436302	14.8702052	
17.19231	15.0293766	15.0272849	15.0206499	14.948745	
17.20245	15.1060652	15.097098	15.0973386	15.0272849	
17.21252	15.1817265	15.1581846	15.1729999	15.1058247	
17.22282	15.2584162	15.2279977	15.2496895	15.1843645	
17.23283	15.3322998	15.2978109	15.3235732	15.2629043	
17.24292	15.4062469	15.3676241	15.3975202	15.3414441	
17.2531	15.4802771	15.4461639	15.4715505	15.4112573	
17.26355	15.5556045	15.5159771	15.5468779	15.4810705	
17.27341	15.626097	15.5945169	15.6173704	15.5508836	
17.28359	15.6982798	15.66433	15.6895532	15.6206968	
17.29369	15.7692424	15.7428699	15.7605157	15.69051	
17.30377	15.8395372	15.8214097	15.8308106	15.7690498	
17.31392	15.9097257	15.8999495	15.900999	15.838863	
17.32404	15.979024	15.9784893	15.9702974	15.9086761	
17.33416	16.047775	16.0570291	16.0390483	15.9784893	
17.34427	16.1158178	16.1268423	16.1070912	16.0483025	
17.36237	16.2353537	16.1966555	16.226627	16.1704755	
17.36672	16.2641484	16.2839219	16.2554217	16.2053821	
17.37696	16.3311107	16.3537351	16.322384	16.2751953	
17.38704	16.3964351	16.4235483	16.3877084	16.3450084	
17.39716	16.4614168	16.4846348	16.4526902	16.4148216	
17.40726	16.5257226	16.5457213	16.516996	16.4846348	
17.41745	16.5899203	16.6155345	16.5811936	16.554448	
17.42767	16.6537371	16.676621	16.6450105	16.6242611	
17.43769	16.7156979	16.7377075	16.7069712	16.6853476	
17.44786	16.7780301	16.7900674	16.7693034	16.7464342	
17.45844	16.8421738	16.8424273	16.8334472	16.8075207	
17.46813	16.9003738	16.9035138	16.8916472	16.8686072	
17.47832	16.9609778	16.9558737	16.9522512	16.9296937	
17.48843	17.0204631	17.0082336	17.0117365	16.9820536	
17.49855	17.0794365	17.0693201	17.0707098	17.0431401	
17.50865	17.137708	17.12168	17.1289813	17.1042267	
17.51884	17.1958767	17.1740398	17.1871501	17.1565865	
17.52897	17.2530874	17.2351264	17.2443608	17.2089464	
17.53912	17.3098906	17.2874862	17.301164	17.2613063	
17.54923	17.3657904	17.3485728	17.3570638	17.3136662	
17.55933	17.4210336	17.4096593	17.4123069	17.3660261	
17.56953	17.4762451	17.4620192	17.4675184	17.4183859	
17.57978	17.5311744	17.5231057	17.5224478	17.4707458	
17.58982	17.5842703	17.5841922	17.5755437	17.5318323	
17.5999	17.6370203	17.6452787	17.6282937	17.5841922	
17.61024	17.690535	17.6976386	17.6818084	17.6452787	
17.62023	17.7416558	17.7587251	17.7329291	17.6976386	
17.63031	17.7926459	17.811085	17.7839192	17.7587251	
17.64087	17.8470045	17.8721715	17.8382778	17.8198117	
17.65059	17.8933974	17.9158048	17.8846707	17.8721715	
17.66068	17.9426346	17.9768913	17.933908	17.9245314	
17.67085	17.991652	18.0205245	17.9829254	17.9856179	
17.68127	18.0412902	18.0641578	18.0325635	18.0292512	
17.69116	18.0877668	18.107791	18.0790402	18.0903377	
17.70126	18.1346907	18.1514242	18.1259641	18.1339709	
17.71135	18.1809298	18.1950575	18.1722032	18.1776042	
17.72153	18.2270071	18.2386907	18.2182804	18.229964	
17.7317	18.272402	18.2735973	18.2636753	18.2735973	
17.74179	18.3168761	18.3172305	18.3081494	18.3085039	
17.75193	18.3609752	18.3608637	18.3522486	18.3521371	
17.76226	18.4055932	18.404497	18.3968665	18.3957703	
17.77228	18.4476647	18.4481302	18.4389381	18.4306769	
17.78268	18.4910518	18.4917634	18.4823252	18.4655835	
17.79254	18.5315973	18.5353967	18.5228707	18.5092167	
17.80267	18.5726382	18.5703032	18.5639115	18.5441233	
17.81274	18.6129161	18.6139365	18.6041895	18.5877565	
17.82293	18.6529932	18.6575697	18.6442666	18.6226631	
17.8331	18.6924086	18.6924763	18.6836819	18.6575697	
17.84317	18.730878	18.7361095	18.7221513	18.6924763	
17.85327	18.7688477	18.7797428	18.760121	18.7361095	
17.86363	18.8071843	18.8146493	18.7984576	18.7797428	
17.87353	18.8432932	18.8495559	18.8345665	18.8146493	
17.88403	18.8808962	18.8844625	18.8721696	18.8582826	
17.89382	18.9153881	18.9193691	18.9066615	18.9019158	
17.9039	18.9503355	18.9542757	18.9416089	18.9368224	
17.91408	18.9850418	18.9891823	18.9763151	18.971729	
17.92417	19.0188462	19.0240888	19.0101196	19.0153622	
17.93429	19.0521886	19.0589954	19.0434619	19.0502688	
17.94448	19.0851158	19.093902	19.0763892	19.093902	
17.95459	19.117214	19.1288086	19.1084874	19.120082	
17.96522	19.1503333	19.1637152	19.1416067	19.1549885	
17.97481	19.1796398	19.1986218	19.1709132	19.1811685	
17.98502	19.2102832	19.2335284	19.2015566	19.2073484	
17.99516	19.2401247	19.2597083	19.231398	19.2335284	
18.00526	19.269244	19.2858882	19.2605174	19.2509816	
18.01535	19.2977431	19.3120682	19.2890165	19.2858882	
18.02551	19.3258901	19.3382481	19.3171634	19.3033415	
18.03565	19.3533583	19.3644281	19.3446317	19.3207948	
18.04591	19.3805618	19.390608	19.3718352	19.3557014	
18.05596	19.4066047	19.4080613	19.397878	19.3731547	
18.06599	19.4320475	19.4342412	19.4233209	19.3993346	
18.07643	19.4579109	19.4604212	19.4491843	19.4255146	
18.08655	19.4823956	19.4778745	19.4736689	19.4516945	
18.09663	19.5062018	19.5040544	19.4974751	19.4778745	
18.10678	19.5295882	19.5215077	19.5208615	19.5040544	
18.11698	19.5525064	19.5476876	19.5437797	19.5302343	
18.12707	19.5745779	19.5651409	19.5658512	19.5564143	
18.1372	19.5961701	19.5825942	19.5874435	19.5825942	
18.14734	19.6171984	19.6087741	19.6084717	19.6000475	
18.15745	19.6376099	19.6262274	19.6288833	19.6262274	
18.16755	19.657409	19.6524074	19.6486823	19.6436807	
18.17775	19.6768269	19.6698607	19.6681003	19.6698607	
18.18795	19.6956442	19.6960406	19.6869176	19.6785873	
18.19807	19.7137426	19.7222205	19.705016	19.7047673	
18.20818	19.7312555	19.7309472	19.7225288	19.7134939	
18.21831	19.7482442	19.7571271	19.7395175	19.7309472	
18.22847	19.7646959	19.7745804	19.7559693	19.7484005	
18.23854	19.7804396	19.7920337	19.771713	19.7658538	
18.24871	19.7957639	19.809487	19.7870372	19.7745804	
18.25884	19.8104661	19.8182137	19.8017395	19.7920337	
18.269	19.8246316	19.8356669	19.815905	19.809487	
18.27911	19.8381744	19.8443936	19.8294478	19.8182137	
18.2896	19.8516287	19.8618469	19.8429021	19.8269403	
18.29973	19.8640529	19.8705735	19.8553262	19.8443936	
18.30981	19.8758647	19.8793002	19.8671381	19.8531202	
18.31991	19.8871486	19.8880268	19.8784219	19.8618469	
18.33012	19.8980037	19.8967535	19.8892771	19.8793002	
18.34022	19.9081919	19.9054801	19.8994652	19.8880268	
18.3503	19.9178214	19.9142068	19.9090948	19.8967535	
18.36047	19.9269824	19.9142068	19.9182558	19.9054801	
18.37058	19.935557	19.9229334	19.9268303	19.9142068	
18.38073	19.943632	19.9316601	19.9349053	19.9229334	
18.39113	19.9513338	19.9316601	19.9426072	19.9229334	
18.40118	19.958271	19.9403867	19.9495443	19.9316601	
18.41133	19.9647555	19.9491134	19.9560288	19.9316601	
18.42144	19.9707066	19.95784	19.96198	19.9403867	
18.43152	19.9761387	19.95784	19.967412	19.9403867	
18.44168	19.9811097	19.9665666	19.972383	19.9403867	
18.45184	19.9855963	19.9665666	19.9768696	19.9403867	
18.46197	19.9895898	19.9752933	19.9808631	19.9491134	
18.47208	19.9931196	19.9752933	19.984393	19.9491134	
18.4823	19.9962442	19.9840199	19.9875176	19.9491134	
18.49244	19.9988811	19.9840199	19.9901544	19.9491134	
18.50265	20.0011575	19.9840199	19.9924308	19.95784	
18.52123	20.0036451	19.9840199	19.9949185	19.9665666	
18.52555	20.0043009	19.9840199	19.9955742	19.9752933	
18.53572	20.0087266	19.9927466	20	19.9840199	
18.54589	20.0087266	19.9927466	20	19.9840199	
18.55597	20.0087266	19.9927466	20	19.9840199	
18.56608	20.0087266	19.9927466	20	19.9840199	
18.5762	20.0087266	19.9927466	20	19.9840199	
18.58727	20.0087266	19.9927466	20	19.9840199	
18.59658	20.0087266	19.9927466	20	19.9840199	
18.60671	20.0087266	19.9927466	20	19.9840199	
18.61687	20.0087266	19.9927466	20	19.9840199	
18.62697	20.0087266	19.9927466	20	19.9840199	
18.63714	20.0087266	19.9927466	20	19.9840199	
18.64825	20.0087266	19.9927466	20	19.9840199	
18.65834	20.0087266	19.9927466	20	19.9840199	
18.66843	20.0087266	19.9927466	20	19.9840199	
18.67854	20.0087266	19.9927466	20	19.9840199	
18.68873	20.0087266	19.9927466	20	19.9840199	
18.69889	20.0087266	19.9927466	20	19.9840199	
18.70906	20.0087266	19.9927466	20	19.9840199	
18.71913	20.0087266	19.9927466	20	19.9840199	
18.72927	20.0087266	19.9927466	20	19.9840199	
18.73941	20.0087266	19.9927466	20	19.9840199	
18.74954	20.0087266	19.9927466	20	19.9840199	
18.75966	20.0087266	19.9927466	20	19.9840199	
18.7698	20.0087266	19.9927466	20	19.9840199	
18.77998	20.0087266	19.9927466	20	19.9840199	
18.79005	20.0087266	19.9927466	20	19.9840199	
18.80024	20.0087266	19.9927466	20	19.9840199	
18.81037	20.0087266	19.9927466	20	19.9840199	
18.82051	20.0087266	19.9927466	20	19.9840199	
18.83062	20.0087266	19.9927466	20	19.9840199	
18.84077	20.0087266	19.9927466	20	19.9840199	
18.85105	20.0087266	19.9927466	20	19.9840199	
18.86112	20.0087266	19.9927466	20	19.9840199	
18.87115	20.0087266	19.9927466	20	19.9840199	
18.88127	20.0087266	19.9927466	20	19.9840199	
18.89139	20.0087266	19.9927466	20	19.9840199	
18.90166	20.0087266	19.9927466	20	19.9840199	
18.9117	20.0087266	19.9927466	20	19.9840199	
18.92184	20.0087266	19.9927466	20	19.9840199	
18.93202	20.0087266	19.9927466	20	19.9840199	
18.94228	20.0087266	19.9927466	20	19.9840199	
18.95225	20.0087266	19.9927466	20	19.9840199	
18.96235	20.0087266	19.9927466	20	19.9840199	
18.9725	20.0087266	19.9927466	20	19.9840199	
18.98261	20.0087266	19.9927466	20	19.9840199	
18.9927	20.0087266	19.9927466	20	19.9840199	
19.00293	20.0087266	19.9927466	20	19.9840199	
19.01308	20.0087266	19.9927466	20	19.9840199	
19.02315	20.0087266	19.9927466	20	19.9840199	
19.03325	20.0087266	19.9927466	20	19.9840199	
19.04365	20.0087266	19.9927466	20	19.9840199	
19.05353	20.0087266	19.9927466	20	19.9840199	
19.06365	20.0087266	19.9927466	20	19.9840199	
19.07393	20.0087266	19.9927466	20	19.9840199	
19.08388	20.0087266	19.9927466	20	19.9840199	
19.09399	20.0087266	19.9927466	20	19.9840199	
19.10415	20.0087266	19.9927466	20	19.9840199	
19.11458	20.0087266	19.9927466	20	19.9840199	
19.13226	20.0087266	19.9927466	20	19.9840199	
19.13655	20.0087266	19.9927466	20	19.9840199	
19.14674	20.0087266	19.9927466	20	19.9840199	
19.15686	20.0087266	19.9927466	20	19.9840199	
19.16698	20.0087266	19.9927466	20	19.9840199	
19.17713	20.0087266	19.9927466	20	19.9840199	
19.18723	20.0087266	19.9927466	20	19.9840199	
19.19743	20.0087266	19.9927466	20	19.9840199	
19.20758	20.0087266	19.9927466	20	19.9840199	
19.21771	20.0087266	19.9927466	20	19.9840199	
19.22791	20.0087266	19.9927466	20	19.9840199	
19.23796	20.0087266	19.9927466	20	19.9840199	
19.24814	20.0087266	19.9927466	20	19.9840199	
19.25828	20.0087266	19.9927466	20	19.9840199	
19.26839	20.0087266	19.9927466	20	19.9840199	
19.27851	20.0087266	19.9927466	20	19.9840199	
19.28873	20.0087266	19.9927466	20	19.9840199	
19.29882	20.0087266	19.9927466	20	19.9840199	
19.30897	20.0087266	19.9927466	20	19.9840199	
19.31907	20.0087266	19.9927466	20	19.9840199	
19.32922	20.0087266	19.9927466	20	19.9840199	
19.33934	20.0087266	19.9927466	20	19.9840199	
19.34943	20.0087266	19.9927466	20	19.9840199	
19.35998	20.0087266	19.9927466	20	19.9840199	
19.36974	20.0087266	19.9927466	20	19.9840199	
19.37993	20.0087266	19.9927466	20	19.9840199	
19.39001	20.0087266	19.9927466	20	19.9840199	
19.4001	20.0087266	19.9927466	20	19.9840199	
19.41034	20.0087266	19.9927466	20	19.9840199	
19.42041	20.0087266	19.9927466	20	19.9840199	
19.43054	20.0087266	19.9927466	20	19.9840199	
19.44063	20.0087266	19.9927466	20	19.9840199	
19.45076	20.0087266	19.9927466	20	19.9840199	
19.46093	20.0087266	19.9927466	20	19.9840199	
19.47104	20.0087266	19.9927466	20	19.9840199	
19.48117	20.0087266	19.9927466	20	19.9840199	
19.49132	20.0087266	19.9927466	20	19.9840199	
19.50144	20.0087266	19.9927466	20	19.9840199	
19.51197	20.0087266	19.9927466	20	19.9840199	
19.5217	20.0087266	19.9927466	20	19.9840199	
19.53192	20.0087266	19.9927466	20	19.9840199	
19.54197	20.0087266	19.9927466	20	19.9840199	
19.55213	20.0087266	19.9927466	20	19.9840199	
19.56226	20.0087266	19.9927466	20	19.9840199	
19.57238	20.0087266	19.9927466	20	19.9840199	
19.5825	20.0087266	19.9927466	20	19.9840199	
19.59263	20.0087266	19.9927466	20	19.9840199	
19.60271	20.0087266	19.9927466	20	19.9840199	
19.61288	20.0087266	19.9927466	20	19.9840199	
19.62308	20.0087266	19.9927466	20	19.9840199	
19.63316	20.0087266	19.9927466	20	19.9840199	
19.64333	20.0087266	19.9927466	20	19.9840199	
19.65367	20.0087266	19.9927466	20	19.9840199	
19.66349	20.0087266	19.9927466	20	19.9840199	
19.67364	20.0087266	19.9927466	20	19.9840199	
19.68381	20.0087266	19.9927466	20	19.9840199	
19.69388	20.0087266	19.9927466	20	19.9840199	
19.70403	20.0087266	19.9927466	20	19.9840199	
19.71418	20.0087266	19.9927466	20	19.9840199	
19.72436	20.0087266	19.9927466	20	19.9840199	
19.73447	20.0087266	19.9927466	20	19.9840199	
19.74456	20.0087266	19.9927466	20	19.9840199	
19.75469	20.0087266	19.9927466	20	19.9840199	
19.76506	20.0087266	19.9927466	20	19.9840199	
19.77493	20.0087266	19.9927466	20	19.9840199	
19.78504	20.0087266	19.9927466	20	19.9840199	
19.79519	20.0087266	19.9927466	20	19.9840199	
19.80529	20.0087266	19.9927466	20	19.9840199	
19.81547	20.0087266	19.9927466	20	19.9840199	
19.82561	20.0087266	19.9927466	20	19.9840199	
19.83577	20.0087266	19.9927466	20	19.9840199	
19.85374	20.0087266	19.9927466	20	19.9840199	
19.85804	20.0087266	19.9927466	20	19.9840199	
19.86821	20.0087266	19.9927466	20	19.9840199	
19.87833	20.0087266	19.9927466	20	19.9840199	
19.88845	20.0087266	19.9927466	20	19.9840199	
19.89863	20.0087266	19.9927466	20	19.9840199	
19.9087	20.0087266	19.9927466	20	19.9840199	
19.91888	20.0087266	19.9927466	20	19.9840199	
19.929	20.0087266	19.9927466	20	19.9840199	
19.93914	20.0087266	19.9927466	20	19.9840199	
19.9493	20.0087266	19.9927466	20	19.9840199	
19.95936	20.0087266	19.9927466	20	19.9840199	
19.96953	20.0087266	19.9927466	20	19.9840199	
19.97971	20.0087266	19.9927466	20	19.9840199	
19.98978	20.0087266	19.9927466	20	19.9840199	
19.99991	20.0087266	19.9927466	20	19.9840199	
20.01005	20.0087266	19.9927466	20	19.9840199	
20.0202	20.0087266	19.9927466	20	19.9840199	
20.03035	20.0087266	19.9927466	20	19.9840199	
20.04043	20.0087266	19.9927466	20	19.9840199	
20.05074	20.0087266	19.9927466	20	19.9840199	
20.0607	20.0087266	19.9927466	20	19.9840199	
20.07088	20.0087266	19.9927466	20	19.9840199	
20.081	20.0087266	19.9927466	20	19.9840199	
20.09115	20.0087266	19.9927466	20	19.9840199	
20.10127	20.0087266	19.9927466	20	19.9840199	
20.11137	20.0087266	19.9927466	20	19.9840199	
20.12153	20.0087266	19.9927466	20	19.9840199	
20.13196	20.0087266	19.9927466	20	19.9840199	
20.142	20.0087266	19.9927466	20	19.9840199	
20.15211	20.0087266	19.9927466	20	19.9840199	
20.16225	20.0087266	19.9927466	20	19.9840199	
20.1724	20.0087266	19.9927466	20	19.9840199	
20.18251	20.0087266	19.9927466	20	19.9840199	
20.19262	20.0087266	19.9927466	20	19.9840199	
20.20276	20.0087266	19.9927466	20	19.9840199	
20.2129	20.0087266	19.9927466	20	19.9840199	
20.22297	20.0087266	19.9927466	20	19.9840199	
20.23319	20.0087266	19.9927466	20	19.9840199	
20.24334	20.0087266	19.9927466	20	19.9840199	
20.25338	20.0087266	19.9927466	20	19.9840199	
20.2635	20.0087266	19.9927466	20	19.9840199	
20.27363	20.0087266	19.9927466	20	19.9840199	
20.28381	20.0087266	19.9927466	20	19.9840199	
20.29392	20.0087266	19.9927466	20	19.9840199	
20.30403	20.0087266	19.9927466	20	19.9840199	
20.31415	20.0087266	19.9927466	20	19.9840199	
20.32435	20.0087266	19.9927466	20	19.9840199	
20.33451	20.0087266	19.9927466	20	19.9840199	
20.34456	20.0087266	19.9927466	20	19.9840199	
20.35474	20.0087266	19.9927466	20	19.9840199	
20.36478	20.0087266	19.9927466	20	19.9840199	
20.37521	20.0087266	19.9927466	20	19.9840199	
20.38504	20.0087266	19.9927466	20	19.9840199	
20.39533	20.0087266	19.9927466	20	19.9840199	
20.40548	20.0087266	19.9927466	20	19.9840199	
20.4154	20.0087266	19.9927466	20	19.9840199	
20.42556	20.0087266	19.9927466	20	19.9840199	
20.43575	20.0087266	19.9927466	20	19.9840199	
20.45381	20.0087266	19.9927466	20	19.9840199	
20.45814	20.0087266	19.9927466	20	19.9840199	
20.46825	20.0087266	19.9927466	20	19.9840199	
20.47843	20.0087266	19.9927466	20	19.9840199	
20.48857	20.0087266	19.9927466	20	19.9840199	
20.4987	20.0087266	19.9927466	20	19.9840199	
20.51861	20.0087266	19.9927466	20	19.9840199	
20.52295	20.0087266	19.9927466	20	19.9840199	
20.53314	20.0087266	19.9927466	20	19.9840199	
20.54326	20.0087266	19.9927466	20	19.9840199	
20.55339	20.0087266	19.9927466	20	19.9840199	
20.56348	20.0087266	19.9927466	20	19.9840199	
20.5736	20.0087266	19.9927466	20	19.9840199	
20.58373	20.0087266	19.9927466	20	19.9840199	
20.59384	20.0087266	19.9927466	20	19.9840199	
20.60402	20.0087266	19.9927466	20	19.9840199	
20.61411	20.0087266	19.9927466	20	19.9840199	
20.62426	20.0087266	19.9927466	20	19.9840199	
20.63441	20.0087266	19.9927466	20	19.9840199	
20.64463	20.0087266	19.9927466	20	19.9840199	
20.65471	20.0087266	19.9927466	20	19.9840199	
20.66476	20.0087266	19.9927466	20	19.9840199	
20.67487	20.0087266	19.9927466	20	19.9840199	
20.68523	20.0087266	19.9927466	20	19.9840199	
20.69519	20.0087266	19.9927466	20	19.9840199	
20.70529	20.0087266	19.9927466	20	19.9840199	
20.71541	20.0087266	19.9927466	20	19.9840199	
20.72549	20.0087266	19.9927466	20	19.9840199	
20.73568	20.0087266	19.9927466	20	19.9840199	
20.74591	20.0087266	19.9927466	20	19.9840199	
20.75601	20.0087266	19.9927466	20	19.9840199	
20.76609	20.0087266	19.9927466	20	19.9840199	
20.7762	20.0087266	19.9927466	20	19.9840199	
20.78648	20.0087266	19.9927466	20	19.9840199	
20.79659	20.0087266	19.9927466	20	19.9840199	
20.80667	20.0087266	19.9927466	20	19.9840199	
20.81684	20.0087266	19.9927466	20	19.9840199	
20.82695	20.0087266	19.9927466	20	19.9840199	
20.8371	20.0087266	19.9927466	20	19.9840199	
20.84722	20.0087266	19.9927466	20	19.9840199	
20.85739	20.0087266	19.9927466	20	19.9840199	
20.86751	20.0087266	19.9927466	20	19.9840199	
20.87759	20.0087266	19.9927466	20	19.9840199	
20.88777	20.0087266	19.9927466	20	19.9840199	
20.8979	20.0087266	19.9927466	20	19.9840199	
20.90809	20.0087266	19.9927466	20	19.9840199	
20.91817	20.0087266	19.9927466	20	19.9840199	
20.92826	20.0087266	19.9927466	20	19.9840199	
20.9385	20.0087266	19.9927466	20	19.9840199	
20.94864	20.0087266	19.9927466	20	19.9840199	
20.95868	20.0087266	19.9927466	20	19.9840199	
20.96883	20.0087266	19.9927466	20	19.9840199	
20.97898	20.0087266	19.9927466	20	19.9840199	
20.98911	20.0087266	19.9927466	20	19.9840199	
20.99925	20.0087266	19.9927466	20	19.9840199	
21.00942	20.0087266	19.9927466	20	19.9840199	
21.01953	20.0087266	19.9927466	20	19.9840199	
21.02966	20.0087266	19.9927466	20	19.9840199	
21.03975	20.0087266	19.9927466	20	19.9840199	
21.05009	20.0087266	19.9927466	20	19.9840199	
21.0601	20.0087266	19.9927466	20	19.9840199	
21.0702	20.0087266	19.9927466	20	19.9840199	
21.08033	20.0087266	19.9927466	20	19.9840199	
21.0905	20.0087266	19.9927466	20	19.9840199	
21.10057	20.0087266	19.9927466	20	19.9840199	
21.11072	20.0087266	19.9927466	20	19.9840199	
21.12089	20.0087266	19.9927466	20	19.9840199	
21.131	20.0087266	19.9927466	20	19.9840199	
21.14117	20.0087266	19.9927466	20	19.9840199	
21.15147	20.0087266	19.9927466	20	19.9840199	
21.16155	20.0087266	19.9927466	20	19.9840199	
21.17175	20.0087266	19.9927466	20	19.9840199	
21.18184	20.0087266	19.9927466	20	19.9840199	
21.19227	20.0087266	19.9927466	20	19.9840199	
21.20211	20.0087266	19.9927466	20	19.9840199	
21.21224	20.0087266	19.9927466	20	19.9840199	
21.22235	20.0087266	19.9927466	20	19.9840199	
21.23247	20.0087266	19.9927466	20	19.9840199	
21.2426	20.0087266	19.9927466	20	19.9840199	
21.25276	20.0087266	19.9927466	20	19.9840199	
21.26285	20.0087266	19.9927466	20	19.9840199	
21.27296	20.0087266	19.9927466	20	19.9840199	
21.2831	20.0087266	19.9927466	20	19.9840199	
21.3011	20.0087266	19.9927466	20	19.9840199	
21.30547	20.0087266	19.9927466	20	19.9840199	
21.31556	20.0087266	19.9927466	20	19.9840199	
21.32569	20.0087266	19.9927466	20	19.9840199	
21.33584	20.0087266	19.9927466	20	19.9840199	
21.34636	20.0087266	19.9927466	20	19.9840199	
21.35642	20.0087266	19.9927466	20	19.9840199	
21.36654	20.0087266	19.9927466	20	19.9840199	
21.37668	20.0087266	19.9927466	20	19.9840199	
21.38682	20.0087266	19.9927466	20	19.9840199	
21.39695	20.0087266	19.9927466	20	19.9840199	
21.40709	20.0087266	19.9927466	20	19.9840199	
21.41722	20.0087266	19.9927466	20	19.9840199	
21.42738	20.0087266	19.9927466	20	19.9840199	
21.43748	20.0087266	19.9927466	20	19.9840199	
21.44765	20.0087266	19.9927466	20	19.9840199	
21.45779	20.0087266	19.9927466	20	19.9840199	
21.46798	20.0087266	19.9927466	20	19.9840199	
21.47805	20.0087266	19.9927466	20	19.9840199	
21.48819	20.0087266	19.9927466	20	19.9840199	
21.49837	20.0087266	19.9927466	20	19.9840199	
21.5085	20.0087266	19.9927466	20	19.9840199	
21.51862	20.0087266	19.9927466	20	19.9840199	
21.52875	20.0087266	19.9927466	20	19.9840199	
21.5389	20.0087266	19.9927466	20	19.9840199	
21.54904	20.0087266	19.9927466	20	19.9840199	
21.56741	20.0087266	19.9927466	20	19.9840199	
21.5718	20.0087266	19.9927466	20	19.9840199	
21.58187	20.0087266	19.9927466	20	19.9840199	
21.59203	20.0087266	19.9927466	20	19.9840199	
21.60235	20.0087266	19.9927466	20	19.9840199	
21.6123	20.0087266	19.9927466	20	19.9840199	
21.62243	20.0087266	19.9927466	20	19.9840199	
21.63253	20.0087266	19.9927466	20	19.9840199	
21.64266	20.0087266	19.9927466	20	19.9840199	
21.67094	20.0087266	19.9927466	20	19.9840199	
21.67528	20.0087266	19.9927466	20	19.9840199	
21.68545	20.0087266	19.9927466	20	19.9840199	
21.69552	20.0087266	19.9927466	20	19.9840199	
21.70568	20.0087266	19.9927466	20	19.9840199	
21.71593	20.0087266	19.9927466	20	19.9840199	
21.72596	20.0087266	19.9927466	20	19.9840199	
21.7361	20.0087266	19.9927466	20	19.9840199	
21.74621	20.0087266	19.9927466	20	19.9840199	
21.75645	20.0087266	19.9927466	20	19.9840199	
21.76663	20.0087266	19.9927466	20	19.9840199	
21.77674	20.0087266	19.9927466	20	19.9840199	
21.78689	20.0087266	19.9927466	20	19.9840199	
21.79699	20.0087266	19.9927466	20	19.9840199	
21.80711	20.0087266	19.9927466	20	19.9840199	
21.81727	20.0087266	19.9927466	20	19.9840199	
21.82741	20.0087266	19.9927466	20	19.9840199	
21.83752	20.0087266	19.9927466	20	19.9840199	
21.84764	20.0087266	19.9927466	20	19.9840199	
21.85784	20.0087266	19.9927466	20	19.9840199	
21.86832	20.0087266	19.9927466	20	19.9840199	
21.87838	20.0087266	19.9927466	20	19.9840199	
21.88851	20.0087266	19.9927466	20	19.9840199	
21.89869	20.0087266	19.9927466	20	19.9840199	
21.90877	20.0087266	19.9927466	20	19.9840199	
21.91892	20.0087266	19.9927466	20	19.9840199	
21.92906	20.0087266	19.9927466	20	19.9840199	
21.93919	20.0087266	19.9927466	20	19.9840199	
21.9494	20.0087266	19.9927466	20	19.9840199	
21.95942	20.0087266	19.9927466	20	19.9840199	
21.96961	20.0087266	19.9927466	20	19.9840199	
21.97973	20.0087266	19.9927466	20	19.9840199	
21.98985	20.0087266	19.9927466	20	19.9840199	
21.99998	20.0087266	19.9927466	20	19.9840199	
22.01013	20.0087266	19.9927466	20	19.9840199	
22.02031	20.0087266	19.9927466	20	19.9840199	
22.0304	20.0087266	19.9927466	20	19.9840199	
22.04048	20.0087266	19.9927466	20	19.9840199	
22.05087	20.0087266	19.9927466	20	19.9840199	
22.06081	20.0087266	19.9927466	20	19.9840199	
22.07096	20.0087266	19.9927466	20	19.9840199	
22.08106	20.0087266	19.9927466	20	19.9840199	
22.09117	20.0087266	19.9927466	20	19.9840199	
22.10135	20.0087266	19.9927466	20	19.9840199	
22.11146	20.0087266	19.9927466	20	19.9840199	
22.12159	20.0087266	19.9927466	20	19.9840199	
22.13172	20.0087266	19.9927466	20	19.9840199	
22.14183	20.0087266	19.9927466	20	19.9840199	
22.15198	20.0087266	19.9927466	20	19.9840199	
22.16212	20.0087266	19.9927466	20	19.9840199	
22.17227	20.0087266	19.9927466	20	19.9840199	
22.18238	20.0087266	19.9927466	20	19.9840199	
22.19249	20.0087266	19.9927466	20	19.9840199	
22.20267	20.0087266	19.9927466	20	19.9840199	
22.21272	20.0087266	19.9927466	20	19.9840199	
22.22289	20.0087266	19.9927466	20	19.9840199	
22.23302	20.0087266	19.9927466	20	19.9840199	
22.24317	20.0087266	19.9927466	20	19.9840199	
22.25328	20.0087266	19.9927466	20	19.9840199	
22.26359	20.0087266	19.9927466	20	19.9840199	
22.27348	20.0087266	19.9927466	20	19.9840199	
22.2836	20.0087266	19.9927466	20	19.9840199	
22.29377	20.0087266	19.9927466	20	19.9840199	
22.30387	20.0087266	19.9927466	20	19.9840199	
22.31399	20.0087266	19.9927466	20	19.9840199	
22.32417	20.0087266	19.9927466	20	19.9840199	
22.33425	20.0087266	19.9927466	20	19.9840199	
22.34443	20.0087266	19.9927466	20	19.9840199	
22.35457	20.0087266	19.9927466	20	19.9840199	
22.36463	20.0087266	19.9927466	20	19.9840199	
22.37476	20.0087266	19.9927466	20	19.9840199	
22.38492	20.0087266	19.9927466	20	19.9840199	
22.39504	20.0087266	19.9927466	20	19.9840199	
22.40516	20.0087266	19.9927466	20	19.9840199	
22.41526	20.0087266	19.9927466	20	19.9840199	
22.42546	20.0087266	19.9927466	20	19.9840199	
22.43552	20.0087266	19.9927466	20	19.9840199	
22.44567	20.0087266	19.9927466	20	19.9840199	
22.45585	20.0087266	19.9927466	20	19.9840199	
22.47431	20.0087266	19.9927466	20	19.9840199	
22.4787	20.0087266	19.9927466	20	19.9840199	
22.48881	20.0087266	19.9927466	20	19.9840199	
22.49891	20.0087266	19.9927466	20	19.9840199	
22.51807	20.0087266	19.9927466	20	19.9840199	
22.52244	20.0087266	19.9927466	20	19.9840199	
22.53256	20.0087266	19.9927466	20	19.9840199	
22.54269	20.0087266	19.9927466	20	19.9840199	
22.5528	20.0087266	19.9927466	20	19.9840199	
22.56292	20.0087266	19.9927466	20	19.9840199	
22.57349	20.0087266	19.9927466	20	19.9840199	
22.59141	20.0087266	19.9927466	20	19.9840199	
22.59578	20.0087266	19.9927466	20	19.9840199	
22.60592	20.0087266	19.9927466	20	19.9840199	
22.61614	20.0087266	19.9927466	20	19.9840199	
22.62643	20.0087266	19.9927466	20	19.9840199	
22.63645	20.0087266	19.9927466	20	19.9840199	
22.64659	20.0087266	19.9927466	20	19.9840199	
22.65766	20.0087266	19.9927466	20	19.9840199	
22.66772	20.0087266	19.9927466	20	19.9840199	
22.67785	20.0087266	19.9927466	20	19.9840199	
22.68795	20.0087266	19.9927466	20	19.9840199	
22.69813	20.0087266	19.9927466	20	19.9840199	
22.70827	20.0087266	19.9927466	20	19.9840199	
22.71839	20.0087266	19.9927466	20	19.9840199	
22.72852	20.0087266	19.9927466	20	19.9840199	
22.7387	20.0087266	19.9927466	20	19.9840199	
22.74881	20.0087266	19.9927466	20	19.9840199	
22.75893	20.0087266	19.9927466	20	19.9840199	
22.76907	20.0087266	19.9927466	20	19.9840199	
22.77921	20.0087266	19.9927466	20	19.9840199	
22.78939	20.0087266	19.9927466	20	19.9840199	
22.79947	20.0087266	19.9927466	20	19.9840199	
22.80961	20.0087266	19.9927466	20	19.9840199	
22.81975	20.0087266	19.9927466	20	19.9840199	
22.82986	20.0087266	19.9927466	20	19.9840199	
22.83996	20.0087266	19.9927466	20	19.9840199	
22.85008	20.0087266	19.9927466	20	19.9840199	
22.86029	20.0087266	19.9927466	20	19.9840199	
22.87036	20.0087266	19.9927466	20	19.9840199	
22.88049	20.0087266	19.9927466	20	19.9840199	
22.89068	20.0087266	19.9927466	20	19.9840199	
22.90078	20.0087266	19.9927466	20	19.9840199	
22.91091	20.0087266	19.9927466	20	19.9840199	
22.92103	20.0087266	19.9927466	20	19.9840199	
22.93118	20.0087266	19.9927466	20	19.9840199	
22.94134	20.0087266	19.9927466	20	19.9840199	
22.95145	20.0087266	19.9927466	20	19.9840199	
22.96153	20.0087266	19.9927466	20	19.9840199	
22.97171	20.0087266	19.9927466	20	19.9840199	
22.98183	20.0087266	19.9927466	20	19.9840199	
22.99212	20.0087266	19.9927466	20	19.9840199	
23.0021	20.0087266	19.9927466	20	19.9840199	
23.01225	20.0087266	19.9927466	20	19.9840199	
23.02234	20.0087266	19.9927466	20	19.9840199	
23.03242	20.0087266	19.9927466	20	19.9840199	
23.04258	20.0087266	19.9927466	20	19.9840199	
23.05285	20.0087266	19.9927466	20	19.9840199	
23.06284	20.0087266	19.9927466	20	19.9840199	
23.07294	20.0087266	19.9927466	20	19.9840199	
23.08351	20.0087266	19.9927466	20	19.9840199	
23.09325	20.0087266	19.9927466	20	19.9840199	
23.1033	20.0087266	19.9927466	20	19.9840199	
23.11342	20.0087266	19.9927466	20	19.9840199	
23.1236	20.0087266	19.9927466	20	19.9840199	
23.1337	20.0087266	19.9927466	20	19.9840199	
23.14384	20.0087266	19.9927466	20	19.9840199	
23.15396	20.0087266	19.9927466	20	19.9840199	
23.16415	20.0087266	19.9927466	20	19.9840199	
23.17421	20.0087266	19.9927466	20	19.9840199	
23.1844	20.0087266	19.9927466	20	19.9840199	
23.19451	20.0087266	19.9927466	20	19.9840199	
23.20464	20.0087266	19.9927466	20	19.9840199	
23.21475	20.0087266	19.9927466	20	19.9840199	
23.22486	20.0087266	19.9927466	20	19.9840199	
23.23497	20.0087266	19.9927466	20	19.9840199	
23.24511	20.0087266	19.9927466	20	19.9840199	
23.25523	20.0087266	19.9927466	20	19.9840199	
23.26535	20.0087266	19.9927466	20	19.9840199	
23.27548	20.0087266	19.9927466	20	19.9840199	
23.28561	20.0087266	19.9927466	20	19.9840199	
23.2958	20.0087266	19.9927466	20	19.9840199	
23.30597	20.0087266	19.9927466	20	19.9840199	
23.31612	20.0087266	19.9927466	20	19.9840199	
23.32617	20.0087266	19.9927466	20	19.9840199	
23.33632	20.0087266	19.9927466	20	19.9840199	
23.34643	20.0087266	19.9927466	20	19.9840199	
23.3566	20.0087266	19.9927466	20	19.9840199	
23.36672	20.0087266	19.9927466	20	19.9840199	
23.37685	20.0087266	19.9927466	20	19.9840199	
23.38698	20.0087266	19.9927466	20	19.9840199	
23.39716	20.0087266	19.9927466	20	19.9840199	
23.40728	20.0087266	19.9927466	20	19.9840199	
23.4174	20.0087266	19.9927466	20	19.9840199	
23.42756	20.0087266	19.9927466	20	19.9840199	
23.43767	20.0087266	19.9927466	20	19.9840199	
23.44785	20.0087266	19.9927466	20	19.9840199	
23.45799	20.0087266	19.9927466	20	19.9840199	
23.46819	20.0087266	19.9927466	20	19.9840199	
23.47824	20.0087266	19.9927466	20	19.9840199	
23.48838	20.0087266	19.9927466	20	19.9840199	
23.49852	20.0087266	19.9927466	20	19.9840199	
23.5087	20.0087266	19.9927466	20	19.9840199	
23.51879	20.0087266	19.9927466	20	19.9840199	
23.52894	20.0087266	19.9927466	20	19.9840199	
23.53907	20.0087266	19.9927466	20	19.9840199	
23.54922	20.0087266	19.9927466	20	19.9840199	
23.55934	20.0087266	19.9927466	20	19.9840199	
23.56947	20.0087266	19.9927466	20	19.9840199	
23.57962	20.0087266	19.9927466	20	19.9840199	
23.58974	20.0087266	19.9927466	20	19.9840199	
23.59984	20.0087266	19.9927466	20	19.9840199	
23.61004	20.0087266	19.9927466	20	19.9840199	
23.62036	20.0087266	19.9927466	20	19.9840199	
23.63029	20.0087266	19.9927466	20	19.9840199	
23.64038	20.0087266	19.9927466	20	19.9840199	
23.65053	20.0087266	19.9927466	20	19.9840199	
23.66073	20.0087266	19.9927466	20	19.9840199	
23.6708	20.0087266	19.9927466	20	19.9840199	
23.68093	20.0087266	19.9927466	20	19.9840199	
23.69104	20.0087266	19.9927466	20	19.9840199	
23.70117	20.0087266	19.9927466	20	19.9840199	
23.71152	20.0087266	19.9927466	20	19.9840199	
23.72144	20.0087266	19.9927466	20	19.9840199	
23.7316	20.0087266	19.9927466	20	19.9840199	
23.74178	20.0087266	19.9927466	20	19.9840199	
23.75186	20.0087266	19.9927466	20	19.9840199	
23.76206	20.0087266	19.9927466	20	19.9840199	
23.77224	20.0087266	19.9927466	20	19.9840199	
23.78229	20.0087266	19.9927466	20	19.9840199	
23.79243	20.0087266	19.9927466	20	19.9840199	
23.80249	20.0087266	19.9927466	20	19.9840199	
23.81265	20.0087266	19.9927466	20	19.9840199	
23.8228	20.0087266	19.9927466	20	19.9840199	
23.83292	20.0087266	19.9927466	20	19.9840199	
23.84315	20.0087266	19.9927466	20	19.9840199	
23.85315	20.0087266	19.9927466	20	19.9840199	
23.86329	20.0087266	19.9927466	20	19.9840199	
23.87341	20.0087266	19.9927466	20	19.9840199	
23.88354	20.0087266	19.9927466	20	19.9840199	
23.8937	20.0087266	19.9927466	20	19.9840199	
23.90379	20.0087266	19.9927466	20	19.9840199	
23.91392	20.0087266	19.9927466	20	19.9840199	
23.92411	20.0087266	19.9927466	20	19.9840199	
23.93417	20.0087266	19.9927466	20	19.9840199	
23.94435	20.0087266	19.9927466	20	19.9840199	
23.95447	20.0087266	19.9927466	20	19.9840199	
23.96465	20.0087266	19.9927466	20	19.9840199	
23.97469	20.0087266	19.9927466	20	19.9840199	
23.98481	20.0087266	19.9927466	20	19.9840199	
23.99495	20.0087266	19.9927466	20	19.9840199	
24.00505	20.0087266	19.9927466	20	19.9840199	
24.01518	20.0087266	19.9927466	20	19.9840199	
24.02531	20.0087266	19.9927466	20	19.9840199	
24.03542	20.0087266	19.9927466	20	19.9840199	
24.04564	20.0087266	19.9927466	20	19.9840199	
24.05581	20.0087266	19.9927466	20	19.9840199	
24.07372	20.0087266	19.9927466	20	19.9840199	
24.07805	20.0087266	19.9927466	20	19.9840199	
24.08817	20.0087266	19.9927466	20	19.9840199	
24.09828	20.0087266	19.9927466	20	19.9840199	
24.10847	20.0087266	19.9927466	20	19.9840199	
24.11856	20.0087266	19.9927466	20	19.9840199	
24.12873	20.0087266	19.9927466	20	19.9840199	
24.13887	20.0087266	19.9927466	20	19.9840199	
24.149	20.0087266	19.9927466	20	19.9840199	
24.15911	20.0087266	19.9927466	20	19.9840199	
24.16925	20.0087266	19.9927466	20	19.9840199	
24.1794	20.0087266	19.9927466	20	19.9840199	
24.1896	20.0087266	19.9927466	20	19.9840199	
24.19967	20.0087266	19.9927466	20	19.9840199	
24.20979	20.0087266	19.9927466	20	19.9840199	
24.21994	20.0087266	19.9927466	20	19.9840199	
24.23011	20.0087266	19.9927466	20	19.9840199	
24.24018	20.0087266	19.9927466	20	19.9840199	
24.25037	20.0087266	19.9927466	20	19.9840199	
24.26048	20.0087266	19.9927466	20	19.9840199	
24.27062	20.0087266	19.9927466	20	19.9840199	
24.28073	20.0087266	19.9927466	20	19.9840199	
24.29095	20.0087266	19.9927466	20	19.9840199	
24.30103	20.0087266	19.9927466	20	19.9840199	
24.31111	20.0087266	19.9927466	20	19.9840199	
24.32129	20.0087266	19.9927466	20	19.9840199	
24.33145	20.0087266	19.9927466	20	19.9840199	
24.34164	20.0087266	19.9927466	20	19.9840199	
24.35171	20.0087266	19.9927466	20	19.9840199	
24.36193	20.0087266	19.9927466	20	19.9840199	
24.3722	20.0087266	19.9927466	20	19.9840199	
24.38216	20.0087266	19.9927466	20	19.9840199	
24.39227	20.0087266	19.9927466	20	19.9840199	
24.40239	20.0087266	19.9927466	20	19.9840199	
24.41257	20.0087266	19.9927466	20	19.9840199	
24.42262	20.0087266	19.9927466	20	19.9840199	
24.43288	20.0087266	19.9927466	20	19.9840199	
24.44297	20.0087266	19.9927466	20	19.9840199	
24.45312	20.0087266	19.9927466	20	19.9840199	
24.46325	20.0087266	19.9927466	20	19.9840199	
24.47333	20.0087266	19.9927466	20	19.9840199	
24.48346	20.0087266	19.9927466	20	19.9840199	
24.49363	20.0087266	19.9927466	20	19.9840199	
24.50521	20.0087266	19.9927466	20	19.9840199	
24.51383	20.0087266	19.9927466	20	19.9840199	
24.52396	20.0087266	19.9927466	20	19.9840199	
24.53418	20.0087266	19.9927466	20	19.9840199	
24.54422	20.0087266	19.9927466	20	19.9840199	
24.55442	20.0087266	19.9927466	20	19.9840199	
24.56451	20.0087266	19.9927466	20	19.9840199	
24.57496	20.0087266	19.9927466	20	19.9840199	
24.58475	20.0087266	19.9927466	20	19.9840199	
24.59485	20.0087266	19.9927466	20	19.9840199	
24.60498	20.0087266	19.9927466	20	19.9840199	
24.61506	20.0087266	19.9927466	20	19.9840199	
24.62527	20.0087266	19.9927466	20	19.9840199	
24.63533	20.0087266	19.9927466	20	19.9840199	
24.64551	20.0087266	19.9927466	20	19.9840199	
24.65597	20.0087266	19.9927466	20	19.9840199	
24.66581	20.0087266	19.9927466	20	19.9840199	
24.67594	20.0087266	19.9927466	20	19.9840199	
24.68597	20.0087266	19.9927466	20	19.9840199	
24.69615	20.0087266	19.9927466	20	19.9840199	
24.70627	20.0087266	19.9927466	20	19.9840199	
24.71645	20.0087266	19.9927466	20	19.9840199	
24.72655	20.0087266	19.9927466	20	19.9840199	
24.7367	20.0087266	19.9927466	20	19.9840199	
24.74688	20.0087266	19.9927466	20	19.9840199	
24.75698	20.0087266	19.9927466	20	19.9840199	
24.76711	20.0087266	19.9927466	20	19.9840199	
24.77724	20.0087266	19.9927466	20	19.9840199	
24.78739	20.0087266	19.9927466	20	19.9840199	
24.79755	20.0087266	19.9927466	20	19.9840199	
24.80762	20.0087266	19.9927466	20	19.9840199	
24.81781	20.0087266	19.9927466	20	19.9840199	
24.82793	20.0087266	19.9927466	20	19.9840199	
24.83805	20.0087266	19.9927466	20	19.9840199	
24.84816	20.0087266	19.9927466	20	19.9840199	
24.85832	20.0087266	19.9927466	20	19.9840199	
24.86848	20.0087266	19.9927466	20	19.9840199	
24.87858	20.0087266	19.9927466	20	19.9840199	
24.88871	20.0087266	19.9927466	20	19.9840199	
24.89889	20.0087266	19.9927466	20	19.9840199	
24.909	20.0087266	19.9927466	20	19.9840199	
24.91912	20.0087266	19.9927466	20	19.9840199	
24.92927	20.0087266	19.9927466	20	19.9840199	
24.93943	20.0087266	19.9927466	20	19.9840199	
24.94958	20.0087266	19.9927466	20	19.9840199	
24.95964	20.0087266	19.9927466	20	19.9840199	
24.96983	20.0087266	19.9927466	20	19.9840199	
24.97992	20.0087266	19.9927466	20	19.9840199	
24.99009	20.0087266	19.9927466	20	19.9840199	
25.00022	20.0087266	19.9927466	20	19.9840199	
25.01034	20.0087266	19.9927466	20	19.9840199	
25.0205	20.0087266	19.9927466	20	19.9840199	
25.03058	20.0087266	19.9927466	20	19.9840199	
25.0407	20.0087266	19.9927466	20	19.9840199	
25.05091	20.0087266	19.9927466	20	19.9840199	
25.061	20.0087266	19.9927466	20	19.9840199	
25.07112	20.0087266	19.9927466	20	19.9840199	
25.08124	20.0087266	19.9927466	20	19.9840199	
25.09139	20.0087266	19.9927466	20	19.9840199	
25.10151	20.0087266	19.9927466	20	19.9840199	
25.11165	20.0087266	19.9927466	20	19.9840199	
25.12199	20.0087266	19.9927466	20	19.9840199	
25.13195	20.0087266	19.9927466	20	19.9840199	
25.14244	20.0087266	19.9927466	20	19.9840199	
25.15219	20.0087266	19.9927466	20	19.9840199	
25.1623	20.0087266	19.9927466	20	19.9840199	
25.17248	20.0087266	19.9927466	20	19.9840199	
25.18251	20.0087266	19.9927466	20	19.9840199	
25.1927	20.0087266	19.9927466	20	19.9840199	
25.20284	20.0087266	19.9927466	20	19.9840199	
25.21293	20.0087266	19.9927466	20	19.9840199	
25.22309	20.0087266	19.9927466	20	19.9840199	
25.23351	20.0087266	19.9927466	20	19.9840199	
25.24345	20.0087266	19.9927466	20	19.9840199	
25.25344	20.0087266	19.9927466	20	19.9840199	
25.26355	20.0087266	19.9927466	20	19.9840199	
25.27369	20.0087266	19.9927466	20	19.9840199	
25.28378	20.0087266	19.9927466	20	19.9840199	
25.29394	20.0087266	19.9927466	20	19.9840199	
25.30406	20.0087266	19.9927466	20	19.9840199	
25.31418	20.0087266	19.9927466	20	19.9840199	
25.32445	20.0087266	19.9927466	20	19.9840199	
25.33447	20.0087266	19.9927466	20	19.9840199	
25.34493	20.0087266	19.9927466	20	19.9840199	
25.35475	20.0087266	19.9927466	20	19.9840199	
25.36484	20.0087266	19.9927466	20	19.9840199	
25.37494	20.0087266	19.9927466	20	19.9840199	
25.38504	20.0087266	19.9927466	20	19.9840199	
25.39523	20.0087266	19.9927466	20	19.9840199	
25.40548	20.0087266	19.9927466	20	19.9840199	
25.41545	20.0087266	19.9927466	20	19.9840199	
25.42557	20.0087266	19.9927466	20	19.9840199	
25.43567	20.0087266	19.9927466	20	19.9840199	
25.45442	20.0087266	19.9927466	20	19.9840199	
25.45875	20.0087266	19.9927466	20	19.9840199	
25.46889	20.0087266	19.9927466	20	19.9840199	
25.47902	20.0087266	19.9927466	20	19.9840199	
25.48912	20.0087266	19.9927466	20	19.9840199	
25.49931	20.0087266	19.9927466	20	19.9840199	
25.51145	20.0087266	19.9927466	20	19.9840199	
25.51956	20.0087266	19.9927466	20	19.9840199	
25.52967	20.0087266	19.9927466	20	19.9840199	
25.53977	20.0087266	19.9927466	20	19.9840199	
25.54996	20.0087266	19.9927466	20	19.9840199	
25.56009	20.0087266	19.9927466	20	19.9840199	
25.57022	20.0087266	19.9927466	20	19.9840199	
25.58041	20.0087266	19.9927466	20	19.9840199	
25.59048	20.0087266	19.9927466	20	19.9840199	
25.60058	20.0087266	19.9927466	20	19.9840199	
25.61073	20.0087266	19.9927466	20	19.9840199	
25.62107	20.0087266	19.9927466	20	19.9840199	
25.63102	20.0087266	19.9927466	20	19.9840199	
25.6411	20.0087266	19.9927466	20	19.9840199	
25.6513	20.0087266	19.9927466	20	19.9840199	
25.67136	20.0087266	19.9927466	20	19.9840199	
25.6757	20.0087266	19.9927466	20	19.9840199	
25.69374	20.0087266	19.9927466	20	19.9840199	
25.69807	20.0087266	19.9927466	20	19.9840199	
25.70825	20.0087266	19.9927466	20	19.9840199	
25.71833	20.0087266	19.9927466	20	19.9840199	
25.72847	20.0087266	19.9927466	20	19.9840199	
25.73861	20.0087266	19.9927466	20	19.9840199	
25.74876	20.0087266	19.9927466	20	19.9840199	
25.75891	20.0087266	19.9927466	20	19.9840199	
25.76902	20.0087266	19.9927466	20	19.9840199	
25.7792	20.0087266	19.9927466	20	19.9840199	
25.78931	20.0087266	19.9927466	20	19.9840199	
25.7994	20.0087266	19.9927466	20	19.9840199	
25.80954	20.0087266	19.9927466	20	19.9840199	
25.81973	20.0087266	19.9927466	20	19.9840199	
25.82989	20.0087266	19.9927466	20	19.9840199	
25.83994	20.0087266	19.9927466	20	19.9840199	
25.85008	20.0087266	19.9927466	20	19.9840199	
25.86039	20.0087266	19.9927466	20	19.9840199	
25.87037	20.0087266	19.9927466	20	19.9840199	
25.88049	20.0087266	19.9927466	20	19.9840199	
25.89064	20.0087266	19.9927466	20	19.9840199	
25.90074	20.0087266	19.9927466	20	19.9840199	
25.91092	20.0087266	19.9927466	20	19.9840199	
25.92105	20.0087266	19.9927466	20	19.9840199	
25.93118	20.0087266	19.9927466	20	19.9840199	
25.94132	20.0087266	19.9927466	20	19.9840199	
25.9514	20.0087266	19.9927466	20	19.9840199	
25.96155	20.0087266	19.9927466	20	19.9840199	
25.97171	20.0087266	19.9927466	20	19.9840199	
25.98193	20.0087266	19.9927466	20	19.9840199	
25.99201	20.0087266	19.9927466	20	19.9840199	
26.00213	20.0087266	19.9927466	20	19.9840199	
26.0123	20.0087266	19.9927466	20	19.9840199	
26.02238	20.0087266	19.9927466	20	19.9840199	
26.0325	20.0087266	19.9927466	20	19.9840199	
26.04258	20.0087266	19.9927466	20	19.9840199	
26.05288	20.0087266	19.9927466	20	19.9840199	
26.06291	20.0087266	19.9927466	20	19.9840199	
26.07307	20.0087266	19.9927466	20	19.9840199	
26.08316	20.0087266	19.9927466	20	19.9840199	
26.09325	20.0087266	19.9927466	20	19.9840199	
26.10335	20.0087266	19.9927466	20	19.9840199	
26.11372	20.0087266	19.9927466	20	19.9840199	
26.12366	20.0087266	19.9927466	20	19.9840199	
26.13382	20.0087266	19.9927466	20	19.9840199	
26.14387	20.0087266	19.9927466	20	19.9840199	
26.15401	20.0087266	19.9927466	20	19.9840199	
26.16413	20.0087266	19.9927466	20	19.9840199	
26.17427	20.0087266	19.9927466	20	19.9840199	
26.19223	20.0087266	19.9927466	20	19.9840199	
26.19659	20.0087266	19.9927466	20	19.9840199	
26.20667	20.0087266	19.9927466	20	19.9840199	
26.21682	20.0087266	19.9927466	20	19.9840199	
26.22698	20.0087266	19.9927466	20	19.9840199	
26.23707	20.0087266	19.9927466	20	19.9840199	
26.24723	20.0087266	19.9927466	20	19.9840199	
26.25734	20.0087266	19.9927466	20	19.9840199	
26.26749	20.0087266	19.9927466	20	19.9840199	
26.27762	20.0087266	19.9927466	20	19.9840199	
26.28776	20.0087266	19.9927466	20	19.9840199	
26.29795	20.0087266	19.9927466	20	19.9840199	
26.30806	20.0087266	19.9927466	20	19.9840199	
26.31818	20.0087266	19.9927466	20	19.9840199	
26.32831	20.0087266	19.9927466	20	19.9840199	
26.33845	20.0087266	19.9927466	20	19.9840199	
26.3486	20.0087266	19.9927466	20	19.9840199	
26.35873	20.0087266	19.9927466	20	19.9840199	
26.36885	20.0087266	19.9927466	20	19.9840199	
26.37904	20.0087266	19.9927466	20	19.9840199	
26.38914	20.0087266	19.9927466	20	19.9840199	
26.39925	20.0087266	19.9927466	20	19.9840199	
26.40937	20.0087266	19.9927466	20	19.9840199	
26.41951	20.0087266	19.9927466	20	19.9840199	
26.42968	20.0087266	19.9927466	20	19.9840199	
26.43974	20.0087266	19.9927466	20	19.9840199	
26.44995	20.0087266	19.9927466	20	19.9840199	
26.46006	20.0087266	19.9927466	20	19.9840199	
26.47019	20.0087266	19.9927466	20	19.9840199	
26.48032	20.0087266	19.9927466	20	19.9840199	
26.49045	20.0087266	19.9927466	20	19.9840199	
26.50059	20.0087266	19.9927466	20	19.9840199	
26.51074	20.0087266	19.9927466	20	19.9840199	
26.52082	20.0087266	19.9927466	20	19.9840199	
26.53101	20.0087266	19.9927466	20	19.9840199	
26.54114	20.0087266	19.9927466	20	19.9840199	
26.55127	20.0087266	19.9927466	20	19.9840199	
26.56138	20.0087266	19.9927466	20	19.9840199	
26.57152	20.0087266	19.9927466	20	19.9840199	
26.58172	20.0087266	19.9927466	20	19.9840199	
26.5918	20.0087266	19.9927466	20	19.9840199	
26.60196	20.0087266	19.9927466	20	19.9840199	
26.61208	20.0087266	19.9927466	20	19.9840199	
26.62241	20.0087266	19.9927466	20	19.9840199	
26.63232	20.0087266	19.9927466	20	19.9840199	
26.64239	20.0087266	19.9927466	20	19.9840199	
26.6526	20.0087266	19.9927466	20	19.9840199	
26.66482	20.0087266	19.9927466	20	19.9840199	
26.67276	20.0087266	19.9927466	20	19.9840199	
26.68308	20.0087266	19.9927466	20	19.9840199	
26.6931	20.0087266	19.9927466	20	19.9840199	
26.70319	20.0087266	19.9927466	20	19.9840199	
26.71329	20.0087266	19.9927466	20	19.9840199	
26.72375	20.0087266	19.9927466	20	19.9840199	
26.73356	20.0087266	19.9927466	20	19.9840199	
26.74368	20.0087266	19.9927466	20	19.9840199	
26.7538	20.0087266	19.9927466	20	19.9840199	
26.76391	20.0087266	19.9927466	20	19.9840199	
26.77405	20.0087266	19.9927466	20	19.9840199	
26.78421	20.0087266	19.9927466	20	19.9840199	
26.79437	20.0087266	19.9927466	20	19.9840199	
26.80454	20.0087266	19.9927466	20	19.9840199	
26.81455	20.0087266	19.9927466	20	19.9840199	
26.82469	20.0087266	19.9927466	20	19.9840199	
26.83477	20.0087266	19.9927466	20	19.9840199	
26.8449	20.0087266	19.9927466	20	19.9840199	
26.85505	20.0087266	19.9927466	20	19.9840199	
26.86517	20.0087266	19.9927466	20	19.9840199	
26.87534	20.0087266	19.9927466	20	19.9840199	
26.88563	20.0087266	19.9927466	20	19.9840199	
26.89556	20.0087266	19.9927466	20	19.9840199	
26.90568	20.0087266	19.9927466	20	19.9840199	
26.91587	20.0087266	19.9927466	20	19.9840199	
26.92599	20.0087266	19.9927466	20	19.9840199	
26.93611	20.0087266	19.9927466	20	19.9840199	
26.94623	20.0087266	19.9927466	20	19.9840199	
26.95642	20.0087266	19.9927466	20	19.9840199	
26.96656	20.0087266	19.9927466	20	19.9840199	
26.97668	20.0087266	19.9927466	20	19.9840199	
26.98701	20.0087266	19.9927466	20	19.9840199	
26.99698	20.0087266	19.9927466	20	19.9840199	
27.00705	20.0087266	19.9927466	20	19.9840199	
27.01722	20.0087266	19.9927466	20	19.9840199	
27.02738	20.0087266	19.9927466	20	19.9840199	
27.03746	20.0087266	19.9927466	20	19.9840199	
27.04765	20.0087266	19.9927466	20	19.9840199	
27.05792	20.0087266	19.9927466	20	19.9840199	
27.06802	20.0087266	19.9927466	20	19.9840199	
27.07816	20.0087266	19.9927466	20	19.9840199	
27.08831	20.0087266	19.9927466	20	19.9840199	
27.09839	20.0087266	19.9927466	20	19.9840199	
27.10857	20.0087266	19.9927466	20	19.9840199	
27.11865	20.0087266	19.9927466	20	19.9840199	
27.12878	20.0087266	19.9927466	20	19.9840199	
27.13895	20.0087266	19.9927466	20	19.9840199	
27.14909	20.0087266	19.9927466	20	19.9840199	
27.1592	20.0087266	19.9927466	20	19.9840199	
27.16932	20.0087266	19.9927466	20	19.9840199	
27.17944	20.0087266	19.9927466	20	19.9840199	
27.18964	20.0087266	19.9927466	20	19.9840199	
27.19975	20.0087266	19.9927466	20	19.9840199	
27.2099	20.0087266	19.9927466	20	19.9840199	
27.22	20.0087266	19.9927466	20	19.9840199	
27.23023	20.0087266	19.9927466	20	19.9840199	
27.24035	20.0087266	19.9927466	20	19.9840199	
27.25051	20.0087266	19.9927466	20	19.9840199	
27.2607	20.0087266	19.9927466	20	19.9840199	
27.27077	20.0087266	19.9927466	20	19.9840199	
27.28087	20.0087266	19.9927466	20	19.9840199	
27.29114	20.0087266	19.9927466	20	19.9840199	
27.30118	20.0087266	19.9927466	20	19.9840199	
27.3113	20.0087266	19.9927466	20	19.9840199	
27.32143	20.0087266	19.9927466	20	19.9840199	
27.33157	20.0087266	19.9927466	20	19.9840199	
27.34169	20.0087266	19.9927466	20	19.9840199	
27.35182	20.0087266	19.9927466	20	19.9840199	
27.36197	20.0087266	19.9927466	20	19.9840199	
27.3721	20.0087266	19.9927466	20	19.9840199	
27.38221	20.0087266	19.9927466	20	19.9840199	
27.39233	20.0087266	19.9927466	20	19.9840199	
27.40251	20.0087266	19.9927466	20	19.9840199	
27.41265	20.0087266	19.9927466	20	19.9840199	
27.42275	20.0087266	19.9927466	20	19.9840199	
27.43287	20.0087266	19.9927466	20	19.9840199	
27.44295	20.0087266	19.9927466	20	19.9840199	
27.45314	20.0087266	19.9927466	20	19.9840199	
27.4636	20.0087266	19.9927466	20	19.9840199	
27.4734	20.0087266	19.9927466	20	19.9840199	
27.48347	20.0087266	19.9927466	20	19.9840199	
27.49378	20.0087266	19.9927466	20	19.9840199	
27.50378	20.0087266	19.9927466	20	19.9840199	
27.51389	20.0087266	19.9927466	20	19.9840199	
27.52401	20.0087266	19.9927466	20	19.9840199	
27.53411	20.0087266	19.9927466	20	19.9840199	
27.54426	20.0087266	19.9927466	20	19.9840199	
27.56223	20.0087266	19.9927466	20	19.9840199	
27.56656	20.0087266	19.9927466	20	19.9840199	
27.57669	20.0087266	19.9927466	20	19.9840199	
27.5868	20.0087266	19.9927466	20	19.9840199	
27.59695	20.0087266	19.9927466	20	19.9840199	
27.60713	20.0087266	19.9927466	20	19.9840199	
27.61723	20.0087266	19.9927466	20	19.9840199	
27.62744	20.0087266	19.9927466	20	19.9840199	
27.63749	20.0087266	19.9927466	20	19.9840199	
27.64766	20.0087266	19.9927466	20	19.9840199	
27.65778	20.0087266	19.9927466	20	19.9840199	
27.66878	20.0087266	19.9927466	20	19.9840199	
27.67881	20.0087266	19.9927466	20	19.9840199	
27.68894	20.0087266	19.9927466	20	19.9840199	
27.6991	20.0087266	19.9927466	20	19.9840199	
27.70924	20.0087266	19.9927466	20	19.9840199	
27.71935	20.0087266	19.9927466	20	19.9840199	
27.72947	20.0087266	19.9927466	20	19.9840199	
27.73963	20.0087266	19.9927466	20	19.9840199	
27.74976	20.0087266	19.9927466	20	19.9840199	
27.7599	20.0087266	19.9927466	20	19.9840199	
27.77002	20.0087266	19.9927466	20	19.9840199	
27.78017	20.0087266	19.9927466	20	19.9840199	
27.79029	20.0087266	19.9927466	20	19.9840199	
27.80042	20.0087266	19.9927466	20	19.9840199	
27.81054	20.0087266	19.9927466	20	19.9840199	
27.82073	20.0087266	19.9927466	20	19.9840199	
27.83083	20.0087266	19.9927466	20	19.9840199	
27.8409	20.0087266	19.9927466	20	19.9840199	
27.85107	20.0087266	19.9927466	20	19.9840199	
27.86124	20.0087266	19.9927466	20	19.9840199	
27.87133	20.0087266	19.9927466	20	19.9840199	
27.88146	20.0087266	19.9927466	20	19.9840199	
27.89159	20.0087266	19.9927466	20	19.9840199	
27.90173	20.0087266	19.9927466	20	19.9840199	
27.91184	20.0087266	19.9927466	20	19.9840199	
27.92201	20.0087266	19.9927466	20	19.9840199	
27.93212	20.0087266	19.9927466	20	19.9840199	
27.94223	20.0087266	19.9927466	20	19.9840199	
27.95238	20.0087266	19.9927466	20	19.9840199	
27.96245	20.0087266	19.9927466	20	19.9840199	
27.97267	20.0087266	19.9927466	20	19.9840199	
27.98274	20.0087266	19.9927466	20	19.9840199	
27.99287	20.0087266	19.9927466	20	19.9840199	
28.00304	20.0087266	19.9927466	20	19.9840199	
28.02626	20.0087266	19.9927466	20	19.9840199	
