6.019287	
6.029302	
6.039432	
6.049532	
6.059653	
6.069844	
6.079934	
6.090123	
6.100186	
6.110297	
6.120514	
6.131297	
6.141118	
6.151237	
6.161356	
6.171534	
6.181631	
6.191747	
6.201886	
6.212337	
6.222133	
6.232269	
6.242366	
6.252517	
6.262766	
6.272749	
6.282853	
6.293003	
6.303111	
6.31324	
6.323434	
6.333549	
6.343674	
6.353825	
6.363855	
6.374141	
6.384166	
6.394275	
6.404382	
6.414489	
6.424648	
6.434877	
6.444912	
6.45505	
6.465148	
6.475449	
6.485532	
6.495673	
6.505837	
6.515904	
6.526043	
6.536222	
6.546354	
6.556497	
6.566586	
6.576774	
6.586895	
6.597029	
6.607147	
6.61726	
6.627478	
6.637553	
6.647712	
6.657862	
6.667986	
6.678098	
6.688265	
6.698439	
6.708548	
6.718674	
6.72877	
6.738974	
6.749077	
6.759195	
6.769355	
6.779481	
6.789608	
6.799752	
6.809899	
6.820015	
6.830169	
6.84033	
6.850433	
6.86062	
6.870697	
6.880816	
6.890994	
6.901094	
6.91122	
6.921339	
6.931462	
6.949737	
6.953983	
6.964049	
6.974137	
6.984359	
6.994435	
7.004547	
7.014674	
7.02483	
7.035408	
7.045396	
7.055511	
7.067734	
7.075743	
7.085883	
7.096001	
7.106162	
7.116297	
7.126411	
7.136514	
7.14691	
7.156887	
7.166981	
7.177124	
7.187327	
7.197395	
7.207519	
7.217708	
7.227825	
7.237957	
7.248035	
7.258272	
7.268357	
7.278445	
7.288614	
7.298735	
7.308939	
7.319016	
7.329152	
7.339376	
7.349559	
7.359598	
7.369732	
7.380038	
7.390006	
7.400077	
7.410287	
7.420395	
7.430524	
7.440659	
7.450777	
7.460986	
7.471089	
7.481214	
7.49141	
7.501437	
7.511605	
7.521724	
7.531809	
7.542011	
7.552471	
7.562297	
7.572371	
7.582483	
7.592585	
7.602734	
7.612921	
7.622996	
7.6331	
7.643311	
7.66169	
7.665924	
7.676022	
7.686165	
7.696251	
7.706447	
7.716563	
7.726684	
7.736871	
7.746975	
7.757137	
7.767295	
7.777382	
7.787579	
7.797638	
7.807825	
7.817986	
7.828083	
7.838206	
7.848314	
7.858504	
7.868656	
7.878748	
7.888917	
7.899065	
7.909138	
7.919319	
7.929434	
7.939635	
7.949707	
7.959797	
7.972344	
7.982426	
7.99297	
8.002654	
8.012864	
8.022891	
8.033022	
8.043162	
8.053304	
8.071918	
8.076105	
8.086229	
8.096327	
8.106447	
8.116586	
8.136225	
8.140414	
8.15054	
8.160624	
8.171042	
8.181088	
8.191213	
8.20132	
8.21153	
8.221584	
8.231714	
8.241791	
8.251922	
8.262079	
8.272227	
8.282346	
8.292431	
8.302539	
8.312665	
8.322791	
8.33298	
8.343079	
8.353189	
8.371222	
8.375993	
8.385562	
8.395719	
8.405803	
8.415907	
8.426128	
8.436226	
8.446337	
8.456487	
8.466574	
8.476937	
8.486904	
8.497039	
8.507166	
8.517248	
8.527383	
8.537539	
8.54771	
8.557812	
8.567886	
8.578157	
8.588225	
8.598348	
8.608458	
8.618568	
8.628778	
8.638821	
8.649027	
8.65913	
8.669219	
8.679395	
8.689561	
8.699726	
8.709806	
8.719899	
8.730149	
8.740218	
8.750348	
8.760478	
8.770583	
8.78072	
8.790983	
8.801092	
8.811202	
8.821338	
8.831413	
8.841575	
8.851723	
8.86185	
8.871992	
8.882499	
8.892275	
8.902359	
8.912484	
8.922585	
8.932733	
8.942851	
8.952991	
8.96311	
8.973206	
8.991789	
8.995996	
9.006122	
9.016251	
9.026395	
9.036523	
9.04662	
9.056775	
9.06709	
9.077433	
9.087558	
9.097656	
9.10786	
9.11796	
9.128076	
9.138248	
9.148365	
9.158488	
9.168621	
9.178763	
9.18897	
9.199066	
9.209181	
9.219328	
9.229442	
9.239534	
9.249721	
9.259885	
9.269971	
9.280069	
9.290236	
9.300408	
9.310519	
9.320599	
9.330889	
9.348787	
9.35301	
9.363104	
9.373242	
9.383613	
9.393942	
9.403719	
9.413776	
9.423884	
9.433988	
9.444213	
9.454269	
9.464383	
9.47452	
9.484605	
9.511245	
9.515486	
9.525538	
9.535659	
9.545847	
9.555973	
9.566088	
9.576227	
9.586363	
9.596526	
9.606675	
9.616839	
9.62697	
9.637107	
9.647185	
9.657368	
9.66757	
9.677621	
9.687762	
9.697853	
9.708477	
9.718562	
9.728682	
9.738834	
9.748987	
9.75912	
9.769223	
9.779339	
9.789502	
9.799592	
9.809807	
9.819936	
9.830034	
9.840158	
9.850284	
9.860444	
9.870547	
9.880682	
9.890896	
9.901235	
9.911486	
9.92146	
9.931358	
9.942328	
9.952645	
9.962546	
9.972652	
9.98279	
9.992916	
10.00305	
10.01323	
10.03115	
10.03535	
10.04548	
10.05558	
10.06575	
10.07596	
10.08603	
10.09611	
10.10624	
10.11669	
10.12668	
10.13671	
10.15638	
10.16054	
10.17069	
10.18089	
10.19098	
10.20113	
10.21133	
10.22141	
10.23151	
10.24159	
10.2518	
10.26195	
10.27205	
10.28211	
10.29226	
10.30234	
10.31273	
10.32264	
10.33278	
10.34286	
10.35298	
10.36311	
10.37326	
10.38361	
10.39355	
10.40372	
10.41375	
10.42436	
10.43406	
10.44416	
10.45433	
10.46459	
10.47458	
10.48472	
10.50271	
10.5069	
10.51712	
10.52717	
10.53733	
10.54747	
10.55759	
10.56771	
10.57786	
10.58803	
10.59813	
10.60829	
10.61846	
10.62885	
10.63866	
10.64885	
10.65897	
10.66913	
10.67925	
10.68936	
10.69955	
10.70963	
10.71974	
10.72994	
10.74007	
10.75017	
10.7603	
10.77043	
10.78053	
10.7907	
10.80081	
10.81097	
10.82134	
10.83124	
10.84134	
10.85145	
10.86161	
10.87169	
10.88186	
10.89205	
10.90211	
10.91224	
10.9227	
10.93248	
10.94266	
10.95277	
10.96287	
10.97302	
10.98314	
10.99328	
11.00344	
11.01351	
11.02365	
11.03403	
11.0439	
11.05403	
11.06412	
11.07632	
11.08436	
11.0945	
11.10459	
11.11481	
11.12504	
11.13511	
11.14542	
11.15554	
11.16566	
11.17579	
11.18594	
11.19611	
11.2062	
11.21634	
11.22651	
11.23662	
11.24679	
11.2569	
11.26704	
11.27934	325.103842	325.10248	224.651417	224.650055	
11.289	325.105394	325.10248	224.652969	224.650055	
11.29912	325.10765	325.10248	224.655225	224.650055	
11.30932	325.110547	325.10248	224.658122	224.650055	
11.31943	325.11403	325.10248	224.661605	224.650055	
11.32955	325.118135	325.10248	224.66571	224.658781	
11.33973	325.122887	325.10248	224.670462	224.658781	
11.34988	325.128243	325.10248	224.675817	224.658781	
11.36002	325.134204	325.10248	224.681779	224.667508	
11.37014	325.140773	325.10248	224.688348	224.667508	
11.38182	325.149224	325.10248	224.696799	224.676235	
11.39191	325.157092	325.10248	224.704667	224.684961	
11.40206	325.165623	325.10248	224.713198	224.693688	
11.41222	325.174782	325.10248	224.722357	224.693688	
11.42229	325.184468	325.10248	224.732043	224.702415	
11.4324	325.194799	325.10248	224.742374	224.711141	
11.44275	325.20604	325.10248	224.753615	224.719868	
11.4527	325.217421	325.10248	224.764996	224.728594	
11.4628	325.22959	325.10248	224.777165	224.728594	
11.47293	325.24241	325.10248	224.789985	224.746048	
11.48458	325.258021	325.10248	224.805596	224.754774	
11.49512	325.272784	325.10248	224.820359	224.763501	
11.50489	325.287016	325.10248	224.834591	224.772228	
11.51499	325.302343	325.10248	224.849918	224.780954	
11.52515	325.318387	325.10248	224.865962	224.789681	
11.53524	325.334926	325.10248	224.882501	224.798408	
11.54537	325.352142	325.10248	224.899717	224.798408	
11.56385	325.386094	325.10248	224.933669	224.798408	
11.56821	325.394013	325.111206	224.941588	224.798408	
11.57837	325.413309	325.111206	224.960884	224.807134	
11.58856	325.433276	325.119933	224.980851	224.807134	
11.59862	325.453581	325.119933	225.001156	224.815861	
11.60904	325.475308	325.137386	225.022883	224.815861	
11.61899	325.496607	325.146113	225.044182	224.815861	
11.62911	325.518904	325.163566	225.066479	224.824588	
11.63919	325.541723	325.18102	225.089298	224.824588	
11.64939	325.565425	325.198473	225.113	224.833314	
11.6595	325.589548	325.215926	225.137123	224.842041	
11.66962	325.614298	325.233379	225.161873	224.850768	
11.67973	325.639623	325.259559	225.187197	224.859494	
11.6902	325.666553	325.277013	225.214128	224.876947	
11.70036	325.693269	325.303193	225.240844	224.894401	
11.71045	325.720422	325.329373	225.267996	224.911854	
11.72057	325.748253	325.355553	225.295828	224.929307	
11.7307	325.776744	325.381732	225.324319	224.955487	
11.7409	325.806062	325.407912	225.353637	224.972941	
11.751	325.835678	325.434092	225.383253	225.007847	
11.76116	325.86613	325.468999	225.413705	225.034027	
11.77129	325.897071	325.503905	225.444646	225.060207	
11.78139	325.928562	325.530085	225.476137	225.086387	
11.79298	325.965549	325.573719	225.513123	225.112567	
11.80309	325.998385	325.608625	225.54596	225.147474	
11.81335	326.032312	325.643532	225.579887	225.173653	
11.82342	326.066257	325.687165	225.613832	225.199833	
11.83393	326.102308	325.722072	225.649883	225.23474	
11.84373	326.136491	325.765705	225.684066	225.269647	
11.85396	326.172863	325.809338	225.720438	225.304553	
11.86395	326.208923	325.852971	225.756498	225.33946	
11.87401	326.245863	325.887878	225.793438	225.374366	
11.88423	326.284049	325.940238	225.831624	225.418	
11.89595	326.328683	325.992598	225.876258	225.461633	
11.90611	326.367919	326.036231	225.915494	225.496539	
11.91624	326.407677	326.088591	225.955251	225.548899	
11.92631	326.447846	326.132224	225.995421	225.583806	
11.9365	326.489089	326.184584	226.036663	225.636166	
11.94664	326.530731	326.236944	226.078306	225.671072	
11.95713	326.574534	326.280577	226.122109	225.723432	
11.96693	326.615933	326.332937	226.163508	225.775792	
11.97702	326.659216	326.37657	226.206791	225.819425	
11.98721	326.703568	326.437657	226.251142	225.871785	
11.99886	326.755142	326.490017	226.302717	225.932872	
12.00895	326.800345	326.542376	226.34792	225.985232	
12.01907	326.846283	326.594736	226.393858	226.028865	
12.02925	326.893154	326.647096	226.440729	226.081225	
12.03929	326.94	326.690729	226.487575	226.133585	
12.04946	326.988072	326.751816	226.535647	226.194671	
12.05962	327.036669	326.804176	226.584243	226.247031	
12.06972	327.085622	326.865262	226.633197	226.299391	
12.08031	327.137658	326.917622	226.685233	226.360477	
12.09044	327.188012	326.969982	226.735587	226.412837	
12.10161	327.244345	327.031069	226.79192	226.473924	
12.11175	327.296005	327.074702	226.84358	226.526284	
12.12211	327.350366	327.127062	226.897941	226.58737	
12.13227	327.402527	327.188148	226.950102	226.648457	
12.14261	327.4572	327.240508	227.004775	226.700817	
12.15249	327.509966	327.301595	227.057541	226.753176	
12.16275	327.565455	327.353955	227.11303	226.814263	
12.1728	327.620315	327.406314	227.16789	226.875349	
12.1829	327.676105	327.458674	227.22368	226.927709	
12.19305	327.732847	327.519761	227.280422	226.988796	
12.20446	327.797396	327.589574	227.344971	227.058609	
12.21461	327.855424	327.641934	227.402998	227.110969	
12.2247	327.913723	327.70302	227.461298	227.172055	
12.23489	327.973168	327.764107	227.520742	227.233142	
12.24545	328.035524	327.825193	227.583099	227.294228	
12.25546	328.095146	327.877553	227.642721	227.346588	
12.2656	328.156237	327.93864	227.703812	227.407675	
12.27582	328.218409	327.999726	227.765984	227.468761	
12.28586	328.280091	328.060813	227.827666	227.529848	
12.29603	328.343165	328.121899	227.89074	227.590934	
12.30732	328.414028	328.191713	227.961603	227.660748	
12.31748	328.478385	328.261526	228.02596	227.713108	
12.32759	328.542999	328.313886	228.090574	227.774194	
12.33772	328.608441	328.383699	228.156016	227.835281	
12.34789	328.674672	328.444785	228.222247	227.896367	
12.35802	328.74125	328.514598	228.288825	227.957454	
12.36825	328.809223	328.575685	228.356798	228.009813	
12.37829	328.876406	328.645498	228.423981	228.079627	
12.38864	328.946433	328.715311	228.494008	228.140713	
12.39855	329.013952	328.776398	228.561527	228.2018	
12.41009	329.093559	328.854938	228.641134	228.271613	
12.42024	329.164119	328.933477	228.711694	228.332699	
12.43035	329.234921	329.003291	228.782496	228.393786	
12.44047	329.306486	329.064377	228.854061	228.463599	
12.45061	329.378832	329.142917	228.926406	228.524686	
12.46089	329.452771	329.21273	229.000346	228.585772	
12.47101	329.526234	329.282543	229.073809	228.655585	
12.48111	329.600054	329.361083	229.147629	228.716672	
12.49126	329.674948	329.439623	229.222523	228.786485	
12.5014	329.750377	329.509436	229.297952	228.856298	
12.51285	329.836328	329.587976	229.383903	228.934838	
12.52301	329.913171	329.666516	229.460746	229.004651	
12.53311	329.990185	329.745056	229.53776	229.074464	
12.54323	330.067959	329.823595	229.615534	229.153004	
12.56165	330.212112	329.902135	229.759687	229.283904	
12.56601	330.246103	329.998128	229.793678	229.31881	
12.5763	330.327341	330.076668	229.874916	229.388624	
12.5865	330.408332	330.155208	229.955907	229.467163	
12.59654	330.488756	330.242474	230.036331	229.545703	
12.6067	330.570731	330.321014	230.118306	229.615516	
12.61704	330.654871	330.399554	230.202446	229.694056	
12.62704	330.736664	330.478094	230.284239	229.772596	
12.63716	330.820231	330.56536	230.367806	229.859862	
12.64725	330.904011	330.6439	230.451586	229.929676	
12.65746	330.989534	330.731167	230.537109	230.016942	
12.66756	331.074737	330.809706	230.622312	230.104209	
12.6777	331.160827	330.896973	230.708402	230.182748	
12.68782	331.247412	330.984239	230.794987	230.270015	
12.69792	331.33449	331.080232	230.882065	230.357281	
12.70813	331.423084	331.158772	230.970659	230.453274	
12.71865	331.515077	331.254765	231.062652	230.540541	
12.7288	331.604345	331.342032	231.15192	230.636534	
12.73892	331.694025	331.438025	231.2416	230.732527	
12.74907	331.784562	331.525291	231.332137	230.819794	
12.75915	331.875164	331.612558	231.422739	230.915787	
12.76936	331.967445	331.708551	231.51502	231.01178	
12.77944	332.059265	331.795817	231.60684	231.099046	
12.78959	332.152316	331.891811	231.699891	231.195039	
12.79973	332.24579	331.987804	231.793365	231.291032	
12.80982	332.339542	332.07507	231.887116	231.387026	
12.82155	332.449389	332.17979	231.996964	231.500472	
12.83168	332.544824	332.28451	232.092399	231.587738	
12.84176	332.640359	332.380503	232.187934	231.692458	
12.85204	332.738419	332.476496	232.285994	231.779725	
12.8625	332.838927	332.563762	232.386502	231.884444	
12.87216	332.932143	332.668482	232.479718	231.980438	
12.89062	333.113042	332.843015	232.660617	232.163697	
12.89507	333.15653	332.886648	232.704105	232.20733	
12.90518	333.256177	332.991368	232.803751	232.31205	
12.91543	333.357897	333.087361	232.905472	232.41677	
12.92563	333.459826	333.192081	233.007401	232.530216	
12.93574	333.561214	333.288074	233.108789	232.634936	
12.94587	333.663653	333.392794	233.211228	232.739656	
12.95601	333.766636	333.488787	233.314211	232.844376	
12.96627	333.871618	333.593507	233.419193	232.957822	
12.97839	333.996498	333.71568	233.544073	233.079995	
12.98851	334.101301	333.811673	233.648876	233.175988	
12.99901	334.210777	333.916392	233.758352	233.289434	
13.00916	334.317118	334.021112	233.864693	233.385428	
13.01932	334.424236	334.117105	233.971811	233.490147	
13.02949	334.532187	334.213098	234.079761	233.58614	
13.03963	334.640339	334.300365	234.187914	233.682134	
13.04976	334.748947	334.405085	234.296522	233.7694	
13.05998	334.859279	334.492351	234.406854	233.87412	
13.07	334.967898	334.579618	234.515473	233.961386	
13.09011	335.189228	334.754151	234.736803	234.135919	
13.09446	335.236793	334.789057	234.784368	234.170826	
13.10457	335.348653	334.876324	234.896228	234.258092	
13.11481	335.462506	334.96359	235.010081	234.345359	
13.13318	335.669239	335.111943	235.216813	234.493712	
13.13756	335.718363	335.14685	235.265938	234.528618	
13.14773	335.833456	335.234116	235.381031	234.607158	
13.15785	335.948504	335.312656	235.496079	234.694425	
13.16792	336.063728	335.399922	235.611303	234.781691	
13.17814	336.181184	335.478462	235.728759	234.868957	
13.18829	336.298496	335.557002	235.846071	234.956224	
13.19842	336.416228	335.644268	235.963803	235.04349	
13.20872	336.536554	335.731535	236.084129	235.130757	
13.21873	336.654014	335.818801	236.201589	235.22675	
13.23143	336.804303	335.906068	236.351878	235.340196	
13.23897	336.893553	335.993334	236.441128	235.41001	
13.24916	337.015051	336.089327	236.562626	235.514729	
13.25928	337.136375	336.185321	236.683949	235.619449	
13.26944	337.258319	336.272587	236.805893	235.715442	
13.27954	337.379447	336.359853	236.927021	235.820162	
13.28971	337.501571	336.464573	237.049145	235.933608	
13.29994	337.624259	336.569293	237.171833	236.038328	
13.30998	337.744811	336.665286	237.292385	236.143048	
13.32008	337.866047	336.770006	237.413621	236.247768	
13.33295	338.020559	336.883452	237.568133	236.361214	
13.3404	338.109803	336.988172	237.657377	236.47466	
13.35047	338.230691	337.101618	237.778265	236.588107	
13.36068	338.353247	337.223791	237.900821	236.701553	
13.37076	338.474183	337.337238	238.021757	236.815	
13.38095	338.596403	337.459411	238.143977	236.928446	
13.39124	338.719931	337.581584	238.267505	237.050619	
13.40135	338.841563	337.703757	238.389137	237.164065	
13.41149	338.962955	337.82593	238.510529	237.286238	
13.42157	339.083855	337.95683	238.631429	237.399685	
13.43442	339.238175	338.079003	238.785749	237.521858	
13.44189	339.327707	338.209902	238.875281	237.644031	
13.45209	339.450083	338.332075	238.997657	237.757477	
13.46223	339.571871	338.454249	239.119445	237.87965	
13.47228	339.692411	338.576422	239.239985	237.993097	
13.48272	339.817667	338.698595	239.365241	238.11527	
13.49255	339.935603	338.820768	239.483177	238.228716	
13.50273	340.057775	338.951667	239.605349	238.342163	
13.51282	340.178867	339.07384	239.726441	238.464336	
13.52293	340.300223	339.196013	239.847797	238.586509	
13.53307	340.421867	339.318187	239.969441	238.708682	
13.54325	340.544015	339.44036	240.091589	238.830855	
13.56136	340.761743	339.562533	240.309317	239.049021	
13.56577	340.814279	339.710886	240.361853	239.110108	
13.57594	340.936307	339.841785	240.483881	239.232281	
13.58643	341.062199	339.963958	240.609773	239.354454	
13.59626	341.180135	340.094858	240.727709	239.476627	
13.60638	341.301635	340.225758	240.849209	239.5988	
13.61658	341.424023	340.356657	240.971597	239.738426	
13.62668	341.545223	340.487557	241.092797	239.860599	
13.63679	341.666519	340.627183	241.214093	239.991499	
13.64699	341.788931	340.76681	241.336505	240.122398	
13.65714	341.910731	340.897709	241.458305	240.253298	
13.66727	342.032279	341.046062	241.579853	240.384198	
13.67742	342.154103	341.185689	241.701677	240.523824	
13.68754	342.275459	341.325315	241.823033	240.654724	
13.69794	342.400331	341.473668	241.947905	240.785624	
13.70788	342.519587	341.613294	242.067161	240.92525	
13.71795	342.640451	341.761647	242.188025	241.05615	
13.72805	342.761579	341.91	242.309153	241.195776	
13.73821	342.883595	342.058353	242.431169	241.326676	
13.74842	343.006055	342.19798	242.553629	241.466302	
13.75853	343.127423	342.346333	242.674997	241.605928	
13.76869	343.249307	342.494686	242.796881	241.745555	
13.77879	343.370495	342.643039	242.918069	241.893908	
13.78896	343.492583	342.782665	243.040157	242.033534	
13.79908	343.613963	342.922291	243.161537	242.17316	
13.80949	343.738871	343.070644	243.286445	242.321513	
13.81962	343.860431	343.218997	243.408005	242.46114	
13.8297	343.981439	343.358624	243.529013	242.600766	
13.83986	344.103407	343.489523	243.650981	242.749119	
13.85006	344.225783	343.637876	243.773357	242.897472	
13.86033	344.349083	343.777503	243.896657	243.037098	
13.87031	344.468771	343.908402	244.016345	243.185451	
13.88043	344.590199	344.048029	244.137773	243.325078	
13.89066	344.713019	344.187655	244.260593	243.473431	
13.90073	344.833763	344.318555	244.381337	243.613057	
13.91109	344.958131	344.458181	244.505705	243.752683	
13.92102	345.077279	344.597808	244.624853	243.89231	
13.93113	345.198575	344.728707	244.746149	244.031936	
13.94135	345.321311	344.859607	244.868885	244.162836	
13.95241	345.453947	345.016687	245.001521	244.311189	
13.96249	345.574919	345.13886	245.122493	244.442088	
13.97261	345.696287	345.278486	245.243861	244.572988	
13.98277	345.818315	345.418112	245.365889	244.703888	
13.9929	345.939875	345.540285	245.487449	244.834787	
14.00301	346.061207	345.679912	245.608781	244.965687	
14.02137	346.281455	345.924258	245.829029	245.210033	
14.02568	346.333151	345.976618	245.880725	245.262393	
14.03582	346.454807	346.116244	246.002381	245.393293	
14.04596	346.576559	346.247144	246.124133	245.532919	
14.05616	346.699007	346.378043	246.246581	245.663819	
14.06632	346.820927	346.508943	246.368501	245.794719	
14.07645	346.942403	346.639843	246.489977	245.925618	
14.0946	347.160287	346.875462	246.707861	246.161238	
14.09894	347.212247	346.936549	246.759821	246.213598	
14.10906	347.333699	347.058722	246.881273	246.344497	
14.11918	347.455223	347.180895	247.002797	246.475397	
14.13925	347.696051	347.425241	247.243625	246.72847	
14.14392	347.752175	347.477601	247.299749	246.789556	
14.16435	347.997371	347.591047	247.544945	247.033902	
14.16902	348.053303	347.756853	247.600877	247.086262	
14.17895	348.172415	347.879027	247.719989	247.208435	
14.18903	348.293327	347.983746	247.840901	247.321882	
14.19911	348.414299	348.088466	247.961873	247.444055	
14.20929	348.536531	348.193186	248.084105	247.557501	
14.21945	348.658427	348.297906	248.206001	247.670948	
14.22983	348.783035	348.402625	248.330609	247.784394	
14.23968	348.901223	348.507345	248.448797	247.889114	
14.24982	349.022831	348.612065	248.570405	247.993833	
14.26091	349.155959	348.725511	248.703533	248.116006	
14.27101	349.277123	348.830231	248.824697	248.212	
14.28108	349.398023	348.926224	248.945597	248.316719	
14.29124	349.519943	349.03967	249.067517	248.421439	
14.30137	349.641551	349.135664	249.189125	248.526159	
14.3115	349.763003	349.240383	249.310577	248.630879	
14.32166	349.884995	349.345103	249.432569	248.735598	
14.33175	350.006063	349.449823	249.553637	248.831591	
14.34191	350.127947	349.554543	249.675521	248.945038	
14.35247	350.254667	349.659262	249.802241	249.041031	
14.36368	350.389211	349.781435	249.936785	249.163204	
14.37375	350.510051	349.886155	250.057625	249.267924	
14.38387	350.631479	349.990875	250.179053	249.372644	
14.39403	350.753351	350.095595	250.300925	249.477363	
14.40423	350.875847	350.200314	250.423421	249.59081	
14.41429	350.996483	350.313761	250.544057	249.704256	
14.42459	351.120119	350.427207	250.667693	249.808976	
14.4346	351.240263	350.531927	250.787837	249.922422	
14.44466	351.360911	350.636647	250.908485	250.027142	
14.46535	351.609263	350.83736	251.156837	250.254035	
14.46981	351.662711	350.915899	251.210285	250.306395	
14.48	351.785051	351.020619	251.332625	250.419841	
14.49009	351.906119	351.134066	251.453693	250.533287	
14.50024	352.027895	351.256239	251.575469	250.646734	
14.5104	352.149803	351.369685	251.697377	250.76018	
14.52054	352.271579	351.483131	251.819153	250.873627	
14.53064	352.392659	351.605304	251.940233	250.9958	
14.54078	352.514351	351.718751	252.061925	251.117973	
14.55119	352.640495	351.832197	252.188069	251.240146	
14.56103	352.757435	351.963097	252.305009	251.362319	
14.57124	352.879943	352.076543	252.427517	251.493219	
14.58133	353.001011	352.18999	252.548585	251.624118	
14.59145	353.122439	352.312163	252.670013	251.746291	
14.60159	353.244479	352.443063	252.792053	251.877191	
14.61168	353.365259	352.556509	252.912833	252.008091	
14.62184	353.487251	352.678682	253.034825	252.130264	
14.63203	353.609411	352.800855	253.156985	252.261163	
14.64208	353.729975	352.931755	253.277549	252.392063	
14.65225	353.851979	353.045201	253.399553	252.514236	
14.66266	353.976935	353.167374	253.524509	252.645136	
14.67256	354.095783	353.298274	253.643357	252.776036	
14.68267	354.217079	353.420447	253.764653	252.898209	
14.69277	354.338279	353.533893	253.885853	253.020382	
14.70288	354.459527	353.656066	254.007101	253.142555	
14.72374	354.710075	353.778239	254.257649	253.386901	
14.7283	354.764783	353.952772	254.312357	253.439261	
