4.886199	
4.894049	
4.903871	
4.913945	
4.924018	
4.934436	
4.944318	
4.954431	
4.964553	
4.974634	
4.984831	
4.994888	
5.00506	
5.015245	
5.025441	
5.03544	
5.045598	
5.055695	
5.066025	
5.07603	
5.086176	
5.096311	
5.106403	
5.116538	
5.126758	
5.136865	
5.146986	
5.157123	
5.167271	
5.177445	
5.187541	
5.197682	
5.207852	
5.217967	
5.228085	
5.238187	
5.248319	
5.258464	
5.268588	
5.278748	
5.288858	
5.298986	
5.309141	
5.319289	
5.329434	
5.339517	
5.349651	
5.359819	
5.369929	
5.380042	
5.390165	
5.400313	
5.410429	
5.420551	
5.430756	
5.440825	
5.450984	
5.461119	
5.471234	
5.481916	
5.491571	
5.501619	
5.511783	
5.521937	
5.532037	
5.542633	
5.55272	
5.562884	
5.57296	
5.583221	
5.593319	
5.60335	
5.613917	
5.624044	
5.634401	
5.64446	
5.654551	
5.664696	
5.674841	
5.684973	
5.695086	
5.70534	
5.715394	
5.725443	
5.735927	
5.74595	
5.756053	
5.766195	
5.776337	
5.786474	
5.7966	
5.8067	
5.826576	
5.830751	
5.841054	
5.85107	
5.861185	
5.87132	
5.881701	
5.8916	
5.901704	
5.911834	
5.921914	
5.93205	
5.942232	
5.952368	
5.962522	
5.972601	
5.982698	
5.993108	
6.002954	
6.013121	
6.023245	
6.033417	
6.043495	
6.053651	
6.063804	
6.07395	
6.083993	
6.094471	
6.104307	
6.11441	
6.124518	
6.134601	
6.144787	
6.154981	
6.165057	
6.17517	
6.193126	
6.197245	
6.207429	
6.217607	
6.227689	
6.237792	
6.247957	
6.258134	
6.26822	
6.278368	
6.288512	
6.298638	
6.308771	
6.318903	
6.329051	
6.339179	
6.35736	
6.361589	
6.371709	
6.381811	
6.391894	
6.402086	
6.412224	
6.422334	
6.432517	
6.443082	
6.452728	
6.462897	
6.472992	
6.48311	
6.493217	
6.503346	
6.513546	
6.523634	
6.533792	
6.543898	
6.554391	
6.564145	
6.574265	
6.584389	
6.594512	
6.60463	
6.615527	
6.625662	
6.635728	
6.645892	
6.656058	
6.666196	
6.676323	
6.686515	
6.69659	
6.706792	
6.716909	
6.72706	
6.73717	
6.747253	
6.757431	
6.767591	
6.777731	
6.787837	
6.797938	
6.808152	
6.820414	
6.830487	
6.840592	
6.850754	
6.860879	
6.871074	
6.881174	
6.891292	
6.901426	
6.911728	
6.921747	
6.931809	
6.94194	
6.952158	
6.962169	
6.972348	
6.98252	
6.992591	
7.002929	
7.012871	
7.022975	
7.033078	
7.043191	
7.053328	
7.063463	
7.073661	
7.083734	
7.101691	
7.105825	
7.11599	
7.12613	
7.136292	
7.146431	
7.156523	
7.166703	
7.176881	
7.187054	
7.197281	
7.20737	
7.217618	
7.227667	
7.237757	
7.247892	
7.258004	
7.268183	
7.278343	
7.288466	
7.298611	
7.308742	
7.318828	
7.329005	
7.339145	
7.349282	
7.359415	
7.369581	
7.379837	
7.389932	
7.400108	
7.410217	
7.420313	
7.431816	
7.440575	
7.450745	
7.460871	
7.470975	
7.481166	
7.491248	
7.501384	
7.511663	
7.52185	
7.531937	
7.542041	
7.552177	
7.562297	
7.572366	
7.582569	
7.592717	
7.60279	
7.613615	
7.623027	
7.633113	
7.643235	
7.653377	
7.663521	
7.673678	
7.684043	
7.693962	
7.704038	
7.714182	
7.724252	
7.734656	
7.744488	
7.754633	
7.764764	
7.774857	
7.785037	
7.795161	
7.814187	
7.819792	
7.829909	
7.840018	
7.850192	
7.860306	
7.870425	
7.880572	
7.890696	
7.900824	
7.910955	
7.921055	
7.931217	
7.941399	
7.951525	
7.961702	
7.971775	
7.981915	
7.9921	
8.00213	
8.012377	
8.02252	
8.032954	
8.042784	
8.052849	
8.062983	
8.073135	
8.083277	
8.093678	
8.103525	
8.113712	
8.123839	
8.133942	
8.14441	
8.154179	
8.164278	
8.17441	
8.184518	
8.194909	
8.204806	
8.214915	
8.225088	
8.235269	
8.253596	
8.25781	
8.267902	
8.278045	
8.288175	
8.298324	
8.308435	
8.31857	
8.328709	
8.338838	
8.348966	
8.359109	
8.369234	
8.379369	
8.38948	
8.399637	
8.40984	
8.419899	
8.430394	
8.440172	
8.450334	
8.460603	
8.470722	
8.480844	
8.491021	
8.501078	
8.511418	
8.521393	
8.531508	
8.54164	
8.551833	
8.561921	
8.572018	
8.582135	
8.592288	
8.602354	
8.613218	
8.622708	
8.632755	
8.642871	
8.652984	
8.663145	
8.673267	
8.683383	
8.693508	
8.703764	
8.713921	
8.723974	
8.734052	
8.744157	
8.754585	
8.76441	
8.774533	
8.784667	
8.794764	
8.80493	
8.815108	
8.825253	
8.835326	
8.845469	
8.855867	
8.866038	
8.876145	
8.88628	
8.896409	
8.906562	
8.916684	
8.926829	
8.936971	
8.947171	
8.957233	
8.967376	
8.977559	
8.98764	
8.997742	
9.007892	
9.019194	
9.029247	
9.039316	
9.049446	
9.05955	
9.069838	
9.07986	
9.090031	
9.100132	
9.110214	
9.120453	
9.13054	
9.140662	
9.150803	
9.160941	
9.171134	
9.181208	
9.191383	
9.201494	
9.211607	
9.221753	
9.231877	
9.24195	
9.25208	
9.262229	
9.272345	
9.282535	
9.292624	
9.302749	
9.31286	
9.32302	
9.333124	
9.343232	
9.353345	
9.363473	
9.373602	
9.383728	
9.393955	
9.403971	
9.414465	
9.424287	
9.443614	0.0033628401	0	-60.8542672	-60.8509044	
9.447993	0.00404251822	0	-60.8549469	-60.8509044	
9.458088	0.00639389182	0	-60.8572983	-60.8509044	
9.468212	0.0093688087	0	-60.8602732	-60.8509044	
9.478383	0.0129817782	0	-60.8638861	-60.8509044	
9.48855	0.0172103478	0	-60.8681147	-60.8509044	
9.498635	0.0220150381	0	-60.8729194	-60.8509044	
9.508755	0.0274503071	0	-60.8783547	-60.8509044	
9.518928	0.0335385489	0	-60.8844429	-60.8509044	
9.529066	0.0402187	0	-60.8911231	-60.8509044	
9.539332	0.047622503	0	-60.8985269	-60.8509044	
9.5494	0.0554824988	0	-60.9063869	-60.8509044	
9.559545	0.0640231788	0	-60.9149275	-60.8509044	
9.569799	0.0732907235	0	-60.9241951	-60.8509044	
9.579795	0.0829168715	0	-60.9338212	-60.8509044	
9.589988	0.093362138	0	-60.9442665	-60.8509044	
9.600106	0.104342515	0	-60.9552469	-60.8509044	
9.610266	0.115994057	0	-60.9668984	-60.8509044	
9.620407	0.128231678	0	-60.979136	-60.8509044	
9.630492	0.141011245	0	-60.9919156	-60.8509044	
9.640677	0.154551295	0	-61.0054557	-60.8509044	
9.650826	0.168650542	0	-61.0195549	-60.8509044	
9.660985	0.183384398	0	-61.0342888	-60.8509044	
9.671093	0.198663524	0	-61.0495679	-60.8509044	
9.681198	0.214542743	0	-61.0654471	-60.8509044	
9.691407	0.231222329	0	-61.0821267	-60.8509044	
9.701517	0.248349064	0	-61.0992534	-60.8509044	
9.711699	0.266212995	0	-61.1171174	-60.859631	
9.721885	0.284708137	0	-61.1356125	-60.859631	
9.732098	0.303896453	0	-61.1548008	-60.8683577	
9.742132	0.323327955	0	-61.1742323	-60.8770843	
9.75221	0.343457142	0	-61.1943615	-60.885811	
9.762377	0.364388957	0	-61.2152933	-60.8945376	
9.772515	0.385881153	0	-61.2367855	-60.9032642	
9.782961	0.40869528	0	-61.2595997	-60.9119909	
9.792765	0.430651882	0	-61.2815563	-60.9294442	
9.802853	0.453868333	0	-61.3047727	-60.9468975	
9.814165	0.48072846	0	-61.3316328	-60.9643508	
9.823162	0.502578412	0	-61.3534828	-60.9730774	
9.835041	0.532514689	0	-61.3834191	-60.9992574	
9.845971	0.560215681	0	-61.4111201	-61.0167106	
9.856042	0.58660105	0	-61.4375054	-61.0341639	
9.866227	0.613913475	0	-61.4648178	-61.0516172	
9.8763	0.641536331	0	-61.4924407	-61.0777972	
9.886475	0.670063195	0	-61.5209676	-61.0952505	
9.896623	0.699125519	0	-61.5500299	-61.1214304	
9.906758	0.728772309	0	-61.5796767	-61.1388837	
9.916848	0.758900029	0	-61.6098044	-61.1737903	
9.926987	0.789786176	0	-61.6406905	-61.1912436	
9.937165	0.821429755	0	-61.6723341	-61.2261502	
9.948569	0.857689892	0	-61.7085943	-61.2523301	
9.958715	0.890528983	0	-61.7414334	-61.2872367	
9.968833	0.923887323	0	-61.7747917	-61.3221433	
9.978939	0.957832069	0	-61.8087364	-61.3570499	
9.989097	0.992565359	0	-61.8434697	-61.3919564	
9.99923	1.02782133	0	-61.8787257	-61.426863	
10.00938	1.06377303	0	-61.9146774	-61.4617696	
10.01952	1.1003063	0	-61.9512107	-61.5054028	
10.02962	1.13726918	0	-61.9881736	-61.5490361	
10.03977	1.17506067	0	-62.025965	-61.5926693	
10.05001	1.2138502	0	-62.0647546	-61.6275759	
10.06011	1.25268316	0	-62.1035875	-61.6712091	
10.07034	1.2926198	0	-62.1435242	-61.7148424	
10.08041	1.33259483	0	-62.1834992	-61.7584756	
10.09048	1.37311324	0	-62.2240176	-61.8021088	
10.10066	1.41474469	0	-62.2656491	-61.845742	
10.11078	1.45674796	0	-62.3076523	-61.8981019	
10.12091	1.49937469	0	-62.3502791	-61.9417352	
10.13106	1.54272992	0	-62.3936343	-61.994095	
10.14117	1.5865663	0	-62.4374707	-62.0464549	
10.15144	1.6316854	0	-62.4825898	-62.0988148	
10.16181	1.67791938	0	-62.5288238	-62.1511747	
10.17164	1.72225617	0	-62.5731605	-62.1948079	
10.18177	1.76859432	0	-62.6194987	-62.2471678	
10.19188	1.81546757	0	-62.6663719	-62.2995276	
10.2021	1.86348096	0	-62.7143853	-62.3518875	
10.21216	1.91133555	0	-62.7622399	-62.4042474	
10.2223	1.96018015	0	-62.8110845	-62.4566073	
10.23254	2.0101633	0	-62.8610677	-62.5089672	
10.243	2.06190891	0	-62.9128133	-62.561327	
10.25395	2.11676739	0	-62.9676718	-62.6136869	
10.27171	2.20802564	0	-63.05893	-62.6747734	
10.27605	2.23024145	0	-63.0811458	-62.7445866	
10.28614	2.28271805	0	-63.1336224	-62.7969465	
10.29636	2.33651743	0	-63.1874218	-62.8493064	
10.30648	2.39033723	0	-63.2412416	-62.9103929	
10.31661	2.44489623	0	-63.2958006	-62.9714794	
10.32675	2.50012666	0	-63.351031	-63.0238393	
10.33686	2.55580646	0	-63.4067108	-63.0761992	
10.34709	2.61277892	0	-63.4636833	-63.128559	
10.35754	2.67159866	0	-63.522503	-63.1896456	
10.36745	2.72796202	0	-63.5788664	-63.2507321	
10.38581	2.83493604	0	-63.6858404	-63.3118186	
10.39094	2.86470415	0	-63.7156085	-63.3903584	
10.40141	2.92643927	0	-63.7773436	-63.4427183	
10.4114	2.9858878	0	-63.8367922	-63.5125315	
10.42153	3.04685033	0	-63.8977547	-63.573618	
10.43167	3.10841708	0	-63.9593214	-63.6347045	
10.44197	3.17167762	0	-64.022582	-63.7045177	
10.45326	3.24178171	0	-64.0926861	-63.7656042	
10.4627	3.30080795	0	-64.1517123	-63.8266907	
10.47257	3.36317929	0	-64.2140837	-63.8965039	
10.48295	3.42947466	0	-64.280379	-63.9575904	
10.49312	3.49499873	0	-64.3459031	-64.0274036	
10.50319	3.56045735	0	-64.4113617	-64.0884901	
10.51305	3.62514669	0	-64.4760511	-64.1583033	
10.52325	3.69271498	0	-64.5436193	-64.2193898	
10.53357	3.76175481	0	-64.6126592	-64.289203	
10.55328	3.89642084	0	-64.7473252	-64.3590162	
10.55844	3.93158653	0	-64.7824909	-64.4637359	
10.56862	4.00185576	0	-64.8527601	-64.5335491	
10.58696	4.1307624	0	-64.9816668	-64.6644488	
10.59211	4.16696292	0	-65.0178673	-64.6993554	
10.60234	4.23962179	0	-65.0905262	-64.7778952	
10.61283	4.31471564	0	-65.16562	-64.8477084	
10.62262	4.38541518	0	-65.2363195	-64.9262482	
10.6328	4.45952011	0	-65.3104245	-65.004788	
10.64325	4.53632134	0	-65.3872257	-65.0746012	
10.65309	4.60909328	0	-65.4599976	-65.1444143	
10.66331	4.68536066	0	-65.536265	-65.2229541	
10.67387	4.76488365	0	-65.615788	-65.2927673	
10.68386	4.84075839	0	-65.6916628	-65.3713071	
10.6942	4.91984942	0	-65.7707538	-65.4498469	
10.70396	4.99505749	0	-65.8459619	-65.5196601	
10.7141	5.07378327	0	-65.9246876	-65.5981999	
10.72444	5.15480482	0	-66.0057092	-65.6767398	
10.73455	5.23461596	0	-66.0855203	-65.7552796	
10.74498	5.31759952	0	-66.1685039	-65.8338194	
10.75489	5.39700393	0	-66.2479083	-65.9123592	
10.76509	5.47934071	0	-66.3302451	-65.990899	
10.77522	5.56179112	0	-66.4126955	-66.0781655	
10.78541	5.64528872	0	-66.4961931	-66.1654319	
10.79618	5.73427163	0	-66.585176	-66.2439718	
10.80613	5.81708131	0	-66.6679857	-66.3225116	
10.81642	5.9033831	0	-66.7542875	-66.409778	
10.82634	5.98709456	0	-66.8379989	-66.4883179	
10.83669	6.0751261	0	-66.9260305	-66.5755843	
10.84663	6.1602856	0	-67.01119	-66.6628508	
10.8568	6.24796443	0	-67.0988688	-66.7501172	
10.88294	6.47886167	0	-67.329766	-66.8373837	
10.88762	6.52004445	0	-67.3709488	-67.0206433	
10.90617	6.68600222	0	-67.5369066	-67.1079097	
10.91077	6.72705696	0	-67.5779613	-67.2300828	
10.92107	6.81987666	0	-67.670781	-67.3260759	
10.93158	6.91526736	0	-67.7661717	-67.422069	
10.94155	7.00635621	0	-67.8572606	-67.5180621	
10.95159	7.09868239	0	-67.9495868	-67.6140552	
10.96225	7.19734527	0	-68.0482496	-67.7100483	
10.97195	7.2876172	0	-68.1385216	-67.8060414	
10.98217	7.38352598	0	-68.2344303	-67.9107612	
10.99242	7.48031966	0	-68.331224	-68.0067543	
11.00267	7.57770583	0	-68.4286102	-68.1027474	
11.01294	7.67584789	0	-68.5267523	-68.1987405	
11.02326	7.77519524	0	-68.6260996	-68.3034603	
11.03328	7.872239	0	-68.7231434	-68.3994534	
11.04353	7.9722362	0	-68.8231406	-68.4954465	
11.06221	8.15678248	0	-69.0076868	-68.6001662	
11.07578	8.2918301	0	-69.1427345	-68.8183324	
11.0805	8.33880111	0	-69.1897055	-68.8619656	
11.09061	8.44014691	0	-69.2910513	-68.9579587	
11.10087	8.54369377	0	-69.3945981	-69.0626785	
11.11103	8.64681742	0	-69.4977218	-69.1586716	
11.12125	8.75121976	0	-69.6021241	-69.2633914	
11.13975	8.94259019	0	-69.7934946	-69.4466509	
11.14444	8.99109244	0	-69.8419968	-69.4902842	
11.16374	9.1936177	0	-70.0445221	-69.5950039	
11.16837	9.24215373	0	-70.0930581	-69.7346303	
11.1786	9.35017961	0	-70.201084	-69.83935	
11.18886	9.45908012	0	-70.3099845	-69.9527964	
11.19896	9.56698536	0	-70.4178897	-70.0575162	
11.20917	9.67657552	0	-70.5274799	-70.1622359	
11.21934	9.78643096	0	-70.6373353	-70.2756823	
11.22956	9.89756433	0	-70.7484687	-70.3891287	
11.24001	10.0116505	0	-70.8625549	-70.4851218	
11.25847	10.2158613	0	-71.0667656	-70.6858347	
11.2645	10.282494	0	-71.1333984	-70.7381946	
11.2739	10.3870887	0	-71.2379931	-70.851641	
11.29223	10.5935907	0	-71.4444951	-70.9563607	
11.29702	10.647437	0	-71.4983414	-71.1047137	
11.30731	10.7640014	0	-71.6149058	-71.2181601	
11.31745	10.8795132	0	-71.7304176	-71.3316065	
11.33605	11.093928	0	-71.9448324	-71.4363263	
11.3407	11.1474033	0	-71.9983076	-71.5934059	
11.35129	11.2702051	0	-72.1211095	-71.715579	
11.36115	11.385082	0	-72.2359863	-71.8202987	
11.37142	11.5053693	0	-72.3562736	-71.9424718	
11.38188	11.6285207	0	-72.4794251	-72.0646448	
11.39176	11.7454336	0	-72.596338	-72.1693646	
11.40202	11.8676066	0	-72.718511	-72.2915376	
11.41214	11.9885807	0	-72.8394851	-72.4137107	
11.42231	12.1108835	0	-72.9617878	-72.5358837	
11.43274	12.2359355	0	-73.0868398	-72.6580568	
11.44292	12.3581435	0	-73.2090478	-72.7802298	
11.45329	12.4825475	0	-73.3334518	-72.9024029	
11.46321	12.6016235	0	-73.4525278	-73.0333025	
11.47338	12.7236155	0	-73.5745198	-73.1554756	
11.48366	12.8469635	0	-73.6978678	-73.2863753	
11.49407	12.9719075	0	-73.8228118	-73.4085483	
11.51241	13.1919515	0	-74.0428558	-73.5307214	
11.51707	13.2479555	0	-74.0988598	-73.7052543	
11.53594	13.4743475	0	-74.3252518	-73.8274274	
11.54062	13.5305075	0	-74.3814118	-73.9932336	
11.55126	13.6581515	0	-74.5090558	-74.1241333	
11.561	13.7750435	0	-74.6259478	-74.255033	
11.57181	13.9048235	0	-74.7557278	-74.3859327	
11.59022	14.1257435	0	-74.9766478	-74.6302788	
11.5949	14.1819155	0	-75.0328198	-74.6826387	
11.60513	14.3046035	0	-75.1555078	-74.8135384	
11.62409	14.5321835	0	-75.3830878	-74.9444381	
11.62876	14.5882115	0	-75.4391158	-75.1102444	
11.63897	14.7107795	0	-75.5616838	-75.2411441	
11.65002	14.8432835	0	-75.6941878	-75.3720437	
11.65941	14.9559515	0	-75.8068558	-75.4942168	
11.67118	15.0972035	0	-75.9481078	-75.6163898	
11.6798	15.2007155	0	-76.0516198	-75.7472895	
11.69039	15.3277715	0	-76.1786758	-75.8694626	
11.70018	15.4451915	0	-76.2960958	-76.0003623	
11.71044	15.5683955	0	-76.4192998	-76.1225353	
11.72068	15.6912755	0	-76.5421798	-76.253435	
11.73458	15.8580155	0	-76.7089198	-76.3843347	
11.74098	15.9348995	0	-76.7858038	-76.5065078	
11.75121	16.0576355	0	-76.9085398	-76.6374075	
11.76151	16.1811395	0	-77.0320438	-76.7595805	
11.78058	16.4100275	0	-77.2609318	-76.8817536	
11.78527	16.4662955	0	-77.3171998	-77.0562865	
11.804	16.6910915	0	-77.5419958	-77.2831793	
11.8088	16.7486555	0	-77.5995598	-77.3355392	
11.82186	16.9054595	0	-77.7563638	-77.4751655	
11.82928	16.9944155	0	-77.8453198	-77.5973385	
11.8395	17.1174755	0	-77.9683798	-77.7195116	
11.84967	17.2391435	0	-78.0900478	-77.8416846	
11.85991	17.3620595	0	-78.2129638	-77.9638577	
11.8712	17.4975035	0	-78.3484078	-78.0860307	
11.8805	17.6091395	0	-78.4600438	-78.2082038	
11.89066	17.7310355	0	-78.5819398	-78.3303768	
11.90062	17.8505435	0	-78.7014478	-78.4525499	
11.91079	17.9725115	0	-78.8234158	-78.5747229	
11.921	18.0950555	0	-78.9459598	-78.696896	
11.9312	18.2174915	0	-79.0683958	-78.8103424	
11.94147	18.3407195	0	-79.1916238	-78.9325154	
11.95185	18.4653515	0	-79.3162558	-79.0459618	
11.96186	18.5854115	0	-79.4363158	-79.1768615	
11.97316	18.7209755	0	-79.5718798	-79.2903079	
11.98223	18.8298755	0	-79.6807798	-79.412481	
11.99241	18.9519395	0	-79.8028438	-79.534654	
12.00262	19.0745195	0	-79.9254238	-79.6568271	
12.01288	19.1976155	0	-80.0485198	-79.7790001	
12.03158	19.4220515	0	-80.2729558	-79.9011732	
12.03626	19.4781515	0	-80.3290558	-80.0582528	
12.04682	19.6049555	0	-80.4558598	-80.1804258	
12.05676	19.7241755	0	-80.5750798	-80.3025989	
12.07494	19.9423835	0	-80.7932878	-80.4334986	
12.07965	19.9989515	0	-80.8498558	-80.5818516	
12.09834	20.2230995	0	-81.0740038	-80.8087444	
12.10302	20.2793675	0	-81.1302718	-80.8611042	
12.12174	20.5039955	0	-81.3548998	-80.9920039	
12.12681	20.5647755	0	-81.4156798	-81.1490836	
12.13706	20.6878475	0	-81.5387518	-81.2799833	
12.15578	20.9125115	0	-81.7634158	-81.3934297	
12.16045	20.9684555	0	-81.8193598	-81.5505093	
12.17068	21.0911675	0	-81.9420718	-81.6639557	
12.18269	21.2353835	0	-82.0862878	-81.803582	
12.19286	21.3573995	0	-82.2083038	-81.9257551	
12.20298	21.4788395	0	-82.3297438	-82.0479281	
12.21319	21.6013595	0	-82.4522638	-82.1701012	
12.22339	21.7243235	0	-82.5752278	-82.2922742	
12.23356	21.8458115	0	-82.6967158	-82.4144473	
12.24397	21.9706595	0	-82.8215638	-82.5366203	
12.25413	22.0926395	0	-82.9435438	-82.6587934	
12.27338	22.3236395	0	-83.1745438	-82.8856862	
12.27803	22.3794875	0	-83.2303918	-82.9467727	
12.28835	22.5032555	0	-83.3541598	-83.0689457	
12.29866	22.6269755	0	-83.4778798	-83.1823922	
12.30867	22.7470955	0	-83.5979998	-83.3045652	
12.32763	22.9746635	0	-83.8255678	-83.4354649	
12.33233	23.0309915	0	-83.8818958	-83.5838179	
12.35099	23.2549115	0	-84.1058158	-83.7147176	
12.35585	23.3132435	0	-84.1641478	-83.8717972	
12.36603	23.4354515	0	-84.2863558	-83.9939703	
12.39427	23.7743675	0	-84.6252718	-84.1248699	
12.39896	23.8305275	0	-84.6814318	-84.395396	
12.40919	23.9533835	0	-84.8042878	-84.517569	
12.41938	24.0756515	0	-84.9265558	-84.6397421	
12.42955	24.1977155	0	-85.0486198	-84.7619151	
12.43979	24.3204995	0	-85.1714038	-84.8753615	
12.44995	24.4424915	0	-85.2933958	-85.0062612	
12.46016	24.5650235	0	-85.4159278	-85.1197076	
12.47031	24.6868115	0	-85.5377158	-85.2418807	
12.481	24.8150675	0	-85.6659718	-85.3640537	
12.49067	24.9310475	0	-85.7819518	-85.4862268	
12.50094	25.0544315	0	-85.9053358	-85.6083998	
12.51113	25.1766395	0	-86.0275438	-85.7305729	
12.52146	25.3005755	0	-86.1514798	-85.8527459	
12.53155	25.4216195	0	-86.2725238	-85.974919	
12.54167	25.5431915	0	-86.3940958	-86.097092	
12.55192	25.6660835	0	-86.5169878	-86.2279917	
12.57042	25.8881555	0	-86.7390598	-86.3501647	
12.57569	25.9514075	0	-86.8023118	-86.5072444	
12.58526	26.0661635	0	-86.9170678	-86.6294174	
12.61223	26.3898875	0	-87.2407918	-86.8563102	
12.61694	26.4463835	0	-87.2972878	-87.0133899	
12.62715	26.5689155	0	-87.4198198	-87.1442896	
12.63732	26.6908955	0	-87.5417998	-87.257736	
12.64783	26.8170875	0	-87.6679918	-87.3886356	
12.6581	26.9403275	0	-87.7912318	-87.5108087	
12.66826	27.0622715	0	-87.9131758	-87.6329817	
12.67981	27.2007995	0	-88.0517038	-87.7551548	
12.68903	27.3114155	0	-88.1623198	-87.8773278	
12.69884	27.4291595	0	-88.2800638	-87.9995009	
12.70904	27.5515115	0	-88.4024158	-88.1216739	
12.71921	27.6735635	0	-88.5244678	-88.243847	
12.72945	27.8002115	0	-88.6511158	-88.36602	
12.73972	27.9197195	0	-88.7706238	-88.4881931	
12.74985	28.0413155	0	-88.8922198	-88.6103661	
12.76301	28.1992355	0	-89.0501398	-88.7674458	
12.78215	28.4288195	0	-89.2797238	-88.8896188	
12.7871	28.4882915	0	-89.3391958	-89.0554251	
12.79733	28.6110635	0	-89.4619678	-89.1863248	
12.80757	28.7339075	0	-89.5848118	-89.3084978	
12.82626	28.9581515	0	-89.8090558	-89.5353906	
12.83096	29.0145515	0	-89.8654558	-89.5877505	
12.84113	29.1366755	0	-89.9875798	-89.7186502	
12.85142	29.2601075	0	-90.1110118	-89.8320966	
12.86154	29.3815715	0	-90.2324758	-89.9629963	
12.87176	29.5042115	0	-90.3551158	-90.0851693	
12.88222	29.6297555	0	-90.4806598	-90.2073424	
12.89235	29.7513035	0	-90.6022078	-90.3207888	
12.90266	29.8749875	0	-90.7258918	-90.4516885	
12.91288	29.9975915	0	-90.8484958	-90.5651349	
12.92323	30.1218395	0	-90.9727438	-90.6873079	
12.93314	30.2407715	0	-91.0916758	-90.809481	
12.94334	30.3632075	0	-91.2141118	-90.9229274	
12.95357	30.4859315	0	-91.3368358	-91.0451004	
12.96384	30.6090995	0	-91.4600038	-91.1585468	
12.98172	30.8237675	0	-91.6746718	-91.2807199	
12.98646	30.8805875	0	-91.7314918	-91.4377995	
12.9966	31.0022675	0	-91.8531718	-91.5512459	
13.00682	31.1248835	0	-91.9757878	-91.673419	
13.01702	31.2473315	0	-92.0982358	-91.8043187	
13.02721	31.3695395	0	-92.2204438	-91.9264917	
13.03738	31.4915795	0	-92.3424838	-92.0486648	
13.04767	31.6150955	0	-92.4659998	-92.1795644	
13.05791	31.7379515	0	-92.5888558	-92.3017375	
13.06805	31.8596795	0	-92.7105838	-92.4239105	
13.07867	31.9870715	0	-92.8379758	-92.5460836	
13.08835	32.1033395	0	-92.9542438	-92.6769833	
13.09858	32.2260155	0	-93.0769198	-92.7991563	
13.11714	32.4487355	0	-93.2996398	-92.9213294	
13.12188	32.5056275	0	-93.3565318	-93.078409	
13.13203	32.6274875	0	-93.4783918	-93.2005821	
13.14235	32.7512675	0	-93.6021718	-93.3314818	
13.15277	32.8763075	0	-93.7272118	-93.4623814	
13.16305	32.9996795	0	-93.8505838	-93.5845545	
13.17311	33.1204115	0	-93.9713158	-93.7067275	
13.19229	33.3506075	0	-94.2015118	-93.8376272	
13.19699	33.4070075	0	-94.2579118	-93.9947069	
13.20748	33.5328875	0	-94.3837918	-94.1168799	
13.22595	33.7544315	0	-94.6053358	-94.3437727	
13.23064	33.8107835	0	-94.6616878	-94.4048592	
13.24089	33.9338195	0	-94.7847238	-94.5183056	
13.25104	34.0556195	0	-94.9065238	-94.6404787	
13.26158	34.1819915	0	-95.0328958	-94.7626517	
13.27148	34.3008755	0	-95.1517798	-94.8848248	
13.2826	34.4343275	0	-95.2852318	-95.0069978	
13.29188	34.5456875	0	-95.3965918	-95.1378975	
13.30207	34.6679075	0	-95.5188118	-95.2513439	
13.31225	34.7900075	0	-95.6409118	-95.3822436	
13.32264	34.9148315	0	-95.7657358	-95.5044167	
13.33262	35.0344835	0	-95.8853878	-95.6265897	
13.34287	35.1574835	0	-96.0083878	-95.7487628	
13.35329	35.2825235	0	-96.1334278	-95.8709358	
13.36321	35.4016475	0	-96.2525518	-95.9931089	
13.3734	35.5238915	0	-96.3747958	-96.1152819	
13.38525	35.6660435	0	-96.5169478	-96.237455	
13.39382	35.7688835	0	-96.6197878	-96.359628	
13.4041	35.8922555	0	-96.7431598	-96.4730744	
13.41451	36.0171635	0	-96.8680678	-96.5952475	
13.42467	36.1391555	0	-96.9900598	-96.7174205	
13.43468	36.2591915	0	-97.1100958	-96.8395935	
13.44501	36.3832355	0	-97.2341398	-96.9617666	
13.45503	36.5034395	0	-97.3543438	-97.0839396	
13.46522	36.6256835	0	-97.4765878	-97.2061127	
13.47546	36.7485635	0	-97.5994678	-97.3195591	
13.48608	36.8759915	0	-97.7268958	-97.4417321	
13.49582	36.9928595	0	-97.8437638	-97.5639052	
13.50599	37.1149715	0	-97.9658758	-97.6860782	
13.51623	37.2378035	0	-98.0887078	-97.7995246	
13.52637	37.3594715	0	-98.2103758	-97.9216977	
13.53692	37.4861435	0	-98.3370478	-98.0351441	
13.54669	37.6033115	0	-98.4542158	-98.1660438	
13.55687	37.7254955	0	-98.5763998	-98.2794902	
13.57548	37.9488515	0	-98.7997558	-98.506383	
13.58026	38.0062355	0	-98.8571398	-98.5587429	
13.59047	38.1286715	0	-98.9795758	-98.6896426	
13.60086	38.2534235	0	-99.1043278	-98.8118156	
13.61092	38.3741915	0	-99.2250958	-98.9339886	
13.62191	38.5060475	0	-99.3569518	-99.0561617	
13.6313	38.6197235	0	-99.4706278	-99.1783347	
13.64158	38.7419795	0	-99.5928838	-99.3005078	
13.65206	38.8677755	0	-99.7186798	-99.4226808	
13.66209	38.9881595	0	-99.8390638	-99.5448539	
13.67207	39.1079675	0	-99.9588718	-99.6757536	
13.68237	39.2315195	0	-100.082424	-99.7979266	
13.69255	39.3537755	0	-100.20468	-99.9200997	
13.70267	39.4750835	0	-100.325988	-100.042273	
13.71294	39.5983475	0	-100.449252	-100.164446	
13.72352	39.7253315	0	-100.576236	-100.286619	
13.73327	39.8423795	0	-100.693284	-100.408792	
13.74344	39.9644315	0	-100.815336	-100.539692	
13.75362	40.0865435	0	-100.937448	-100.653138	
13.76397	40.2107075	0	-101.061612	-100.775311	
13.77409	40.3321955	0	-101.1831	-100.897484	
13.7842	40.4534915	0	-101.304396	-101.019657	
13.79479	40.5805235	0	-101.431428	-101.14183	
13.80481	40.7008595	0	-101.551764	-101.264003	
13.81499	40.8229235	0	-101.673828	-101.386176	
13.82504	40.9435475	0	-101.794452	-101.508349	
13.8352	41.0655275	0	-101.916432	-101.630522	
13.84551	41.1891875	0	-102.040092	-101.761422	
13.85577	41.3123195	0	-102.163224	-101.883595	
13.86579	41.4325835	0	-102.283488	-102.005768	
13.87608	41.5560635	0	-102.406968	-102.127941	
13.8878	41.6967275	0	-102.547632	-102.250114	
13.89646	41.8006355	0	-102.65154	-102.363561	
13.90668	41.9232755	0	-102.77418	-102.49446	
13.91682	42.0449435	0	-102.895848	-102.607907	
13.92714	42.1688075	0	-103.019712	-102.73008	
13.93731	42.2908475	0	-103.141752	-102.852253	
13.94755	42.4136075	0	-103.264512	-102.974426	
13.95758	42.5340155	0	-103.38492	-103.096599	
13.97626	42.7581755	0	-103.60908	-103.218772	
13.9814	42.8198675	0	-103.670772	-103.375852	
13.99176	42.9442355	0	-103.79514	-103.506751	
14.00191	43.0659875	0	-103.916892	-103.620198	
14.01212	43.1884955	0	-104.0394	-103.742371	
14.0223	43.3107275	0	-104.161632	-103.864544	
14.0326	43.4343395	0	-104.285244	-103.986717	
14.04284	43.5571955	0	-104.4081	-104.10889	
14.05308	43.6799675	0	-104.530872	-104.231063	
14.06307	43.7999555	0	-104.65086	-104.353236	
14.07353	43.9253555	0	-104.77626	-104.475409	
14.08345	44.0445155	0	-104.89542	-104.597582	
14.09368	44.1672035	0	-105.018108	-104.719755	
14.10385	44.2893515	0	-105.140256	-104.841928	
14.1141	44.4123275	0	-105.263232	-104.972828	
14.12439	44.5357475	0	-105.386652	-105.095001	
14.13441	44.6559635	0	-105.506868	-105.225901	
14.14457	44.7779435	0	-105.628848	-105.339347	
14.15476	44.9001395	0	-105.751044	-105.470247	
14.16498	45.0228155	0	-105.87372	-105.59242	
14.1838	45.2486795	0	-106.099584	-105.714593	
14.18969	45.3193355	0	-106.17024	-105.880399	
14.2073	45.5306195	0	-106.381524	-106.002572	
14.21206	45.5877875	0	-106.438692	-106.168378	
14.22231	45.7107635	0	-106.561668	-106.290551	
14.23299	45.8389595	0	-106.689864	-106.412724	
14.25123	46.0579115	0	-106.908816	-106.639617	
14.25599	46.1149835	0	-106.965888	-106.691977	
14.27479	46.3406075	0	-107.191512	-106.822877	
14.27946	46.3965755	0	-107.24748	-106.97123	
14.29876	46.6282355	0	-107.47914	-107.093403	
14.30346	46.6845635	0	-107.535468	-107.250483	
14.31366	46.8070235	0	-107.657928	-107.381382	
14.33216	47.0289515	0	-107.879856	-107.494829	
14.3369	47.0859275	0	-107.936832	-107.651908	
14.34708	47.2080515	0	-108.058956	-107.774081	
14.35726	47.3302595	0	-108.181164	-107.904981	
14.36784	47.4572195	0	-108.308124	-108.027154	
14.37766	47.5750115	0	-108.425916	-108.149327	
14.39652	47.8013315	0	-108.652236	-108.367493	
14.40153	47.8614515	0	-108.712356	-108.42858	
14.41148	47.9808635	0	-108.831768	-108.550753	
14.42174	48.1039475	0	-108.954852	-108.672926	
14.43181	48.2247995	0	-109.075704	-108.786372	
14.442	48.3470435	0	-109.197948	-108.917272	
14.45239	48.4717955	0	-109.3227	-109.030718	
14.46261	48.5943635	0	-109.445268	-109.161618	
14.47309	48.7201835	0	-109.571088	-109.275064	
14.48292	48.8381195	0	-109.689024	-109.405964	
14.49459	48.9781595	0	-109.829064	-109.519411	
14.50332	49.0828475	0	-109.933752	-109.641584	
14.51354	49.2055595	0	-110.056464	-109.763757	
14.52397	49.3306955	0	-110.1816	-109.88593	
14.54258	49.5540395	0	-110.404944	-109.999376	
14.54725	49.6101035	0	-110.461008	-110.156456	
14.55749	49.7329715	0	-110.583876	-110.278629	
14.56777	49.8567515	0	-110.707656	-110.392075	
14.57782	49.9769675	0	-110.827872	-110.514248	
14.5881	50.1002675	0	-110.951172	-110.636421	
14.59861	50.2264595	0	-111.077364	-110.758594	
14.61704	50.4475235	0	-111.298428	-110.985487	
14.6224	50.5119035	0	-111.362808	-111.046574	
14.63226	50.6302235	0	-111.481128	-111.168747	
14.65068	50.8512755	0	-111.70218	-111.29092	
14.65537	50.9075795	0	-111.758484	-111.456726	
14.66563	51.0306875	0	-111.881592	-111.578899	
14.67605	51.1556795	0	-112.006584	-111.709799	
14.6862	51.2774315	0	-112.128336	-111.831972	
14.69763	51.4146275	0	-112.265532	-111.962872	
14.70665	51.5229275	0	-112.373832	-112.085045	
14.71674	51.6440075	0	-112.494912	-112.207218	
14.73542	51.8681195	0	-112.719024	-112.329391	
14.74023	51.9258395	0	-112.776744	-112.48647	
14.75083	52.0529795	0	-112.903884	-112.61737	
14.76064	52.1707355	0	-113.02164	-112.739543	
14.7709	52.2938915	0	-113.144796	-112.861716	
14.78117	52.4172035	0	-113.268108	-112.992616	
14.79127	52.5382595	0	-113.389164	-113.114789	
14.80148	52.6608395	0	-113.511744	-113.236962	
14.82005	52.8837275	0	-113.734632	-113.359135	
14.82484	52.9411235	0	-113.792028	-113.524941	
14.84354	53.1656315	0	-114.016536	-113.638388	
14.84822	53.2217555	0	-114.07266	-113.804194	
14.85852	53.3453195	0	-114.196224	-113.926367	
14.86877	53.4683075	0	-114.319212	-114.057267	
14.87882	53.5889315	0	-114.439836	-114.17944	
14.88903	53.7114155	0	-114.56232	-114.301613	
14.89954	53.8375955	0	-114.6885	-114.432512	
14.9098	53.9607035	0	-114.811608	-114.554685	
14.91997	54.0827435	0	-114.933648	-114.676859	
14.93018	54.2052755	0	-115.05618	-114.807758	
14.94049	54.3289475	0	-115.179852	-114.929931	
14.95054	54.4495595	0	-115.300464	-115.043378	
14.96074	54.5720195	0	-115.422924	-115.165551	
14.97093	54.6942035	0	-115.545108	-115.287724	
14.98124	54.8179355	0	-115.66884	-115.409897	
14.99155	54.9417635	0	-115.792668	-115.53207	
15.00176	55.0642115	0	-115.915116	-115.654243	
15.01181	55.1848355	0	-116.03574	-115.767689	
15.02228	55.3105115	0	-116.161416	-115.889862	
15.03244	55.4324315	0	-116.283336	-116.012035	
15.04276	55.5561755	0	-116.40708	-116.134208	
15.05293	55.6781915	0	-116.529096	-116.256381	
15.0631	55.8002195	0	-116.651124	-116.378555	
15.07344	55.9243475	0	-116.775252	-116.500728	
15.0835	56.0450555	0	-116.89596	-116.614174	
15.09367	56.1670475	0	-117.017952	-116.736347	
15.1127	56.3955035	0	-117.246408	-116.85852	
15.11741	56.4519995	0	-117.302904	-117.024326	
15.12789	56.5777955	0	-117.4287	-117.146499	
15.13814	56.7007715	0	-117.551676	-117.277399	
15.14809	56.8202435	0	-117.671148	-117.399572	
15.15826	56.9422475	0	-117.793152	-117.521745	
15.16845	57.0644315	0	-117.915336	-117.643918	
15.17903	57.1914875	0	-118.042392	-117.774818	
15.18883	57.3090515	0	-118.159956	-117.896991	
15.19932	57.4349075	0	-118.285812	-118.019164	
15.20932	57.5549195	0	-118.405824	-118.141337	
15.2281	57.7802435	0	-118.631148	-118.26351	
15.23286	57.8374355	0	-118.68834	-118.429316	
15.24303	57.9595115	0	-118.810416	-118.560216	
15.25345	58.0844795	0	-118.935384	-118.682389	
15.26371	58.2081755	0	-119.05908	-118.804562	
15.27366	58.3270715	0	-119.177976	-118.926735	
15.28387	58.4494715	0	-119.300376	-119.048908	
15.29416	58.5729395	0	-119.423844	-119.171081	
15.30468	58.6992755	0	-119.55018	-119.293254	
15.31492	58.8221555	0	-119.67306	-119.424154	
15.33419	59.0533115	0	-119.904216	-119.5376	
15.33939	59.1157235	0	-119.966628	-119.703407	
15.3491	59.2323035	0	-120.083208	-119.82558	
15.35928	59.3544275	0	-120.205332	-119.947753	
15.36946	59.4765395	0	-120.327444	-120.069926	
15.37974	59.5999595	0	-120.450864	-120.192099	
15.38992	59.7220835	0	-120.572988	-120.314272	
15.39998	59.8428395	0	-120.693744	-120.436445	
15.41024	59.9660075	0	-120.816912	-120.558618	
15.42045	60.0884795	0	-120.939384	-120.680791	
15.43063	60.2106635	0	-121.061568	-120.802964	
15.44168	60.3432755	0	-121.19418	-120.925137	
15.45127	60.4583075	0	-121.309212	-121.04731	
15.46125	60.5780915	0	-121.428996	-121.160757	
15.4715	60.7011515	0	-121.552056	-121.28293	
15.48161	60.8223755	0	-121.67328	-121.405103	
15.49184	60.9451115	0	-121.796016	-121.527276	
15.50205	61.0676435	0	-121.918548	-121.649449	
15.51223	61.1898035	0	-122.040708	-121.771622	
15.52243	61.3121795	0	-122.163084	-121.893795	
15.53267	61.4351195	0	-122.286024	-122.015968	
15.54287	61.5575315	0	-122.408436	-122.129414	
15.55304	61.6795235	0	-122.530428	-122.251587	
15.5632	61.8014555	0	-122.65236	-122.373761	
15.57341	61.9240475	0	-122.774952	-122.487207	
15.58362	62.0465555	0	-122.89746	-122.600653	
15.59383	62.1689915	0	-123.019896	-122.722826	
15.61173	62.3838275	0	-123.234732	-122.923539	
15.61676	62.4441515	0	-123.295056	-122.984626	
15.63514	62.6647955	0	-123.5157	-123.202792	
15.64038	62.7276275	0	-123.578532	-123.263878	
15.65872	62.9477075	0	-123.798612	-123.377325	
15.66341	63.0040475	0	-123.854952	-123.543131	
15.67369	63.1274075	0	-123.978312	-123.674031	
15.68408	63.2519915	0	-124.102896	-123.796204	
15.69413	63.3726995	0	-124.223604	-123.918377	
15.70455	63.4977035	0	-124.348608	-124.04055	
15.71454	63.6175355	0	-124.46844	-124.162723	
15.72483	63.7410635	0	-124.591968	-124.284896	
15.73489	63.8617235	0	-124.712628	-124.415796	
15.74541	63.9879995	0	-124.838904	-124.546695	
15.75565	64.1108915	0	-124.961796	-124.668868	
15.7658	64.2326915	0	-125.083596	-124.791042	
15.77605	64.3556315	0	-125.206536	-124.913215	
15.78627	64.4783675	0	-125.329272	-125.044114	
15.79643	64.6002155	0	-125.45112	-125.166287	
15.80718	64.7292155	0	-125.58012	-125.297187	
15.81718	64.8492035	0	-125.700108	-125.41936	
15.82704	64.9676075	0	-125.818512	-125.541533	
15.8372	65.0894075	0	-125.940312	-125.663706	
15.84734	65.2110995	0	-126.062004	-125.785879	
15.85738	65.3315675	0	-126.182472	-125.908052	
15.86752	65.4532835	0	-126.304188	-126.030225	
15.87793	65.5781195	0	-126.429024	-126.152398	
15.88778	65.6968475	0	-126.547752	-126.265845	
15.89833	65.8229435	0	-126.673848	-126.388018	
15.91654	66.0415115	0	-126.892416	-126.510191	
15.92207	66.1078235	0	-126.958728	-126.675997	
15.93225	66.2299235	0	-127.080828	-126.79817	
15.94275	66.3560435	0	-127.206948	-126.920343	
15.95256	66.4736795	0	-127.324584	-127.042516	
15.96276	66.5960435	0	-127.446948	-127.164689	
15.97315	66.7207475	0	-127.571652	-127.286862	
15.98303	66.8393555	0	-127.69026	-127.409035	
15.9932	66.9613835	0	-127.812288	-127.531208	
16.00334	67.0830635	0	-127.933968	-127.653381	
16.0135	67.2049835	0	-128.055888	-127.775555	
16.02366	67.3268675	0	-128.177772	-127.897728	
16.03387	67.4494355	0	-128.30034	-128.019901	
16.04692	67.6061195	0	-128.457024	-128.142074	
16.0557	67.7114315	0	-128.562336	-128.264247	
16.06481	67.8208715	0	-128.671776	-128.38642	
16.07523	67.9458035	0	-128.796708	-128.508593	
16.09359	68.1660995	0	-129.017004	-128.630766	
16.09828	68.2224755	0	-129.07338	-128.787846	
16.11645	68.4405635	0	-129.291468	-128.901292	
16.12117	68.4971795	0	-129.348084	-129.058372	
16.13147	68.6207075	0	-129.471612	-129.171818	
16.14169	68.7433715	0	-129.594276	-129.302718	
16.15161	68.8623275	0	-129.713232	-129.424891	
16.16195	68.9864555	0	-129.83736	-129.547064	
16.17192	69.1060475	0	-129.956952	-129.669237	
16.18225	69.2300795	0	-130.080984	-129.800136	
16.19224	69.3498395	0	-130.200744	-129.92231	
16.20259	69.4741115	0	-130.325016	-130.044483	
16.21416	69.6129395	0	-130.463844	-130.166656	
16.2232	69.7214915	0	-130.572396	-130.288829	
16.23322	69.8416475	0	-130.692552	-130.419728	
16.24328	69.9623195	0	-130.813224	-130.533175	
16.25317	70.0810475	0	-130.931952	-130.664074	
16.26333	70.2029675	0	-131.053872	-130.786247	
16.28328	70.4424755	0	-131.29338	-130.908421	
16.28869	70.5074435	0	-131.358348	-131.09168	
16.29899	70.6310195	0	-131.481924	-131.213853	
