4.18712	
4.19723	
4.207299	
4.21746	
4.2276	
4.237691	
4.247896	
4.257956	
4.268102	
4.278228	
4.298288	
4.302481	
4.312623	
4.322727	
4.332937	
4.343067	
4.353228	
4.363275	
4.373662	
4.383886	
4.393637	
4.40375	
4.413878	
4.424204	
4.434148	
4.444326	
4.454439	
4.464564	
4.474696	
4.485124	
4.49525	
4.505403	
4.515494	
4.525607	
4.535841	
4.545885	
4.556007	
4.566148	
4.576288	
4.58642	
4.596607	
4.606766	
4.616896	
4.626962	
4.637149	
4.647302	
4.657437	
4.667559	
4.677653	
4.687808	
4.69798	
4.708085	
4.718231	
4.728326	
4.738504	
4.748621	
4.758776	
4.768882	
4.778977	
4.789152	
4.799306	
4.809448	
4.819583	
4.829707	
4.83982	
4.849993	
4.860097	
4.87022	
4.880353	
4.890485	
4.900772	
4.910878	
4.921439	
4.931524	
4.941638	
4.9518	
4.961893	
4.972032	
4.982168	
4.992283	
5.002432	
5.012573	
5.02344	
5.032822	
5.043024	
5.053047	
5.063213	
5.073357	
5.083433	
5.093557	
5.103787	
5.113847	
5.123964	
5.134077	
5.144201	
5.16235	
5.166519	
5.176695	
5.186808	
5.196991	
5.207169	
5.217349	
5.227411	
5.237492	
5.247694	
5.257802	
5.267955	
5.278158	
5.288208	
5.298372	
5.308524	
5.318643	
5.328829	
5.33894	
5.349046	
5.359229	
5.369389	
5.379491	
5.389613	
5.399707	
5.409906	
5.419994	
5.430172	
5.440284	
5.450433	
5.460538	
5.470667	
5.480845	
5.490935	
5.501108	
5.519252	
5.523423	
5.533556	
5.543674	
5.553812	
5.563922	
5.574047	
5.584219	
5.594374	
5.604449	
5.614641	
5.624708	
5.634849	
5.6449	
5.655178	
5.665225	
5.675304	
5.685399	
5.695517	
5.705693	
5.723685	
5.72791	
5.737978	
5.748133	
5.758242	
5.76842	
5.778547	
5.788667	
5.798815	
5.810017	
5.820165	
5.83026	
5.840373	
5.850529	
5.860616	
5.871216	
5.880979	
5.891058	
5.901169	
5.911294	
5.921529	
5.931602	
5.94173	
5.951892	
5.962214	
5.972127	
5.982237	
5.992321	
6.002491	
6.012571	
6.02279	
6.032898	
6.043076	
6.053094	
6.063243	
6.073418	
6.083469	
6.093603	
6.103742	
6.113869	
6.123977	
6.134093	
6.144283	
6.154417	
6.164519	
6.174622	
6.18476	
6.194898	
6.204984	
6.215113	
6.225276	
6.235368	
6.24756	
6.255591	
6.275513	
6.27965	
6.289786	
6.299966	
6.310073	
6.320185	
6.330372	
6.340497	
6.35062	
6.360753	
6.37089	
6.380978	
6.391172	
6.401362	
6.411423	
6.421557	
6.432278	
6.441869	
6.451963	
6.462088	
6.472261	
6.482348	
6.492549	
6.5026	
6.512717	
6.522956	
6.532992	
6.543182	
6.553322	
6.563406	
6.573525	
6.583704	
6.593932	
6.603918	
6.614031	
6.62418	
6.642664	
6.646871	
6.656981	
6.667151	
6.677264	
6.687376	
6.697678	
6.707752	
6.717888	
6.728038	
6.738123	
6.748274	
6.758416	
6.76856	
6.778722	
6.788823	
6.798988	
6.80911	
6.82847	
6.832659	
6.842853	
6.852901	
6.863034	
6.873202	
6.883276	
6.893381	
6.903504	
6.913669	
6.923745	
6.937374	0.00167420089	0	-0.00167420089	0	
6.944137	0.00263908419	0	-0.00263908419	0	
6.954153	0.00476586658	0	-0.00476586658	0	
6.964335	0.00755673241	0	-0.00755673241	-0.00872664626	
6.974424	0.0109291696	0	-0.0109291696	-0.00872664626	
6.984881	0.0150954727	0	-0.0150954727	-0.00872664626	
6.994667	0.0195462339	0	-0.0195462339	-0.00872664626	
7.004796	0.0247775683	0	-0.0247775683	-0.00872664626	
7.014921	0.0306266708	0	-0.0306266708	-0.00872664626	
7.025719	0.0375900207	0	-0.0375900207	-0.00872664626	
7.035214	0.0442052963	0	-0.0442052963	-0.00872664626	
7.045709	0.052222061	0	-0.052222061	-0.00872664626	
7.05545	0.0601986457	0	-0.0601986457	-0.00872664626	
7.065626	0.0691683357	0	-0.0691683357	-0.00872664626	
7.075751	0.0787123142	0	-0.0787123142	-0.00872664626	
7.086257	0.0892865736	0	-0.0892865736	-0.00872664626	
7.096357	0.100052951	0	-0.100052951	-0.00872664626	
7.106473	0.111453307	0	-0.111453307	-0.00872664626	
7.11659	0.123465349	0	-0.123465349	-0.00872664626	
7.126685	0.136059256	0	-0.136059256	-0.00872664626	
7.136862	0.149386061	0	-0.149386061	-0.00872664626	
7.147115	0.163453014	0	-0.163453014	-0.00872664626	
7.157244	0.177945868	0	-0.177945868	-0.0174532925	
7.167331	0.192993664	0	-0.192993664	-0.0174532925	
7.177523	0.208821282	0	-0.208821282	-0.0261799388	
7.187629	0.225125258	0	-0.225125258	-0.034906585	
7.197759	0.242089445	0	-0.242089445	-0.0523598776	
7.207906	0.259702335	0	-0.259702335	-0.0610865238	
7.218048	0.277912474	0	-0.277912474	-0.0785398163	
7.22814	0.296651632	0	-0.296651632	-0.0872664626	
7.238273	0.316084347	0	-0.316084347	-0.104719755	
7.248671	0.336694769	0	-0.336694769	-0.122173048	
7.258619	0.356960937	0	-0.356960937	-0.13962634	
7.26873	0.378203007	0	-0.378203007	-0.157079633	
7.278837	0.400036316	0	-0.400036316	-0.174532925	
7.288977	0.422576994	0	-0.422576994	-0.191986218	
7.299147	0.445787432	0	-0.445787432	-0.20943951	
7.309258	0.469479287	0	-0.469479287	-0.226892803	
7.319402	0.493871752	0	-0.493871752	-0.235619449	
7.329549	0.518889414	0	-0.518889414	-0.253072742	
7.339683	0.544485706	0	-0.544485706	-0.270526034	
7.349913	0.570973997	0	-0.570973997	-0.287979327	
7.360025	0.597734725	0	-0.597734725	-0.305432619	
7.370126	0.625088645	0	-0.625088645	-0.322885912	
7.380233	0.653083104	0	-0.653083104	-0.340339204	
7.390397	0.681860157	0	-0.681860157	-0.366519143	
7.400543	0.711182849	0	-0.711182849	-0.383972435	
7.410682	0.741113573	0	-0.741113573	-0.401425728	
7.420811	0.771630052	0	-0.771630052	-0.427605667	
7.430959	0.802828574	0	-0.802828574	-0.445058959	
7.441073	0.834525881	0	-0.834525881	-0.471238898	
7.451311	0.867270735	0	-0.867270735	-0.488692191	
7.461414	0.900149768	0	-0.900149768	-0.514872129	
7.471531	0.93370184	0	-0.93370184	-0.541052068	
7.481678	0.96798921	0	-0.96798921	-0.567232007	
7.491719	1.00250296	0	-1.00250296	-0.602138592	
7.501947	1.03829996	0	-1.03829996	-0.628318531	
7.512087	1.07440686	0	-1.07440686	-0.663225116	
7.522198	1.111012	0	-1.111012	-0.698131701	
7.532314	1.1482567	0	-1.1482567	-0.733038286	
7.542411	1.18606174	0	-1.18606174	-0.767944871	
7.552799	1.22560126	0	-1.22560126	-0.802851456	
7.562835	1.26437147	0	-1.26437147	-0.846484687	
7.572899	1.30387803	0	-1.30387803	-0.890117919	
7.583081	1.34445722	0	-1.34445722	-0.925024504	
7.593543	1.38684264	0	-1.38684264	-0.968657735	
7.603313	1.42696131	0	-1.42696131	-1.01229097	
7.613429	1.46912103	0	-1.46912103	-1.0559242	
7.623558	1.51195932	0	-1.51195932	-1.09955743	
7.633702	1.55548329	0	-1.55548329	-1.15191731	
7.643818	1.59950484	0	-1.59950484	-1.20427718	
7.654038	1.64462252	0	-1.64462252	-1.24791042	
7.664199	1.6900525	0	-1.6900525	-1.30899694	
7.674336	1.73601347	0	-1.73601347	-1.35263017	
7.684415	1.78230517	0	-1.78230517	-1.40499005	
7.695067	1.83196139	0	-1.83196139	-1.45734993	
7.704676	1.87724807	0	-1.87724807	-1.5097098	
7.714822	1.92570975	0	-1.92570975	-1.56206968	
7.724929	1.97460659	0	-1.97460659	-1.61442956	
7.735	2.02393188	0	-2.02393188	-1.66678944	
7.745206	2.07455758	0	-2.07455758	-1.72787596	
7.755639	2.12698486	0	-2.12698486	-1.78023584	
7.765492	2.17700285	0	-2.17700285	-1.83259571	
7.775601	2.22897802	0	-2.22897802	-1.88495559	
7.785772	2.28190514	0	-2.28190514	-1.94604212	
7.796313	2.33741981	0	-2.33741981	-1.99840199	
7.806208	2.3900893	0	-2.3900893	-2.05948852	
7.816347	2.44469825	0	-2.44469825	-2.11184839	
7.826519	2.50012338	0	-2.50012338	-2.17293492	
7.836589	2.55557062	0	-2.55557062	-2.23402144	
7.847132	2.61434976	0	-2.61434976	-2.28638132	
7.856987	2.66982985	0	-2.66982985	-2.34746784	
7.867207	2.72798521	0	-2.72798521	-2.40855437	
7.877365	2.78642221	0	-2.78642221	-2.46091425	
7.887803	2.84713244	0	-2.84713244	-2.53072742	
7.897882	2.90634167	0	-2.90634167	-2.59181394	
7.90811	2.96706445	0	-2.96706445	-2.64417382	
7.918204	3.0275746	0	-3.0275746	-2.70526034	
7.928854	3.09217232	0	-3.09217232	-2.77507351	
7.938516	3.15127495	0	-3.15127495	-2.83616003	
7.948989	3.216035	0	-3.216035	-2.9059732	
7.959183	3.27967244	0	-3.27967244	-2.96705973	
7.969426	3.34425948	0	-3.34425948	-3.02814625	
7.979205	3.40646845	0	-3.40646845	-3.08923278	
7.989617	3.47338127	0	-3.47338127	-3.15904595	
7.999508	3.53753056	0	-3.53753056	-3.22013247	
8.009711	3.60428425	0	-3.60428425	-3.28994564	
8.028663	3.73105256	0	-3.73105256	-3.35103216	
8.033857	3.76567555	0	-3.76567555	-3.43829863	
8.044008	3.83424976	0	-3.83424976	-3.5081118	
8.055901	3.91546991	0	-3.91546991	-3.57792497	
8.06443	3.97406197	0	-3.97406197	-3.64773814	
8.074502	4.04388123	0	-4.04388123	-3.71755131	
8.084602	4.11451418	0	-4.11451418	-3.78736448	
8.095152	4.18902683	0	-4.18902683	-3.85717765	
8.104987	4.25902961	0	-4.25902961	-3.92699082	
8.11537	4.33358925	0	-4.33358925	-3.99680399	
8.125586	4.40757077	0	-4.40757077	-4.0753438	
8.135548	4.4803303	0	-4.4803303	-4.15388362	
8.145689	4.55495257	0	-4.55495257	-4.22369679	
8.157552	4.64323276	0	-4.64323276	-4.30223661	
8.165993	4.70633169	0	-4.70633169	-4.37204978	
8.176182	4.78320235	0	-4.78320235	-4.45058959	
8.186537	4.8619893	0	-4.8619893	-4.52912941	
8.196759	4.94039516	0	-4.94039516	-4.60766923	
8.206639	5.01670717	0	-5.01670717	-4.68620904	
8.217041	5.09776498	0	-5.09776498	-4.76474886	
8.22734	5.17863791	0	-5.17863791	-4.84328867	
8.237097	5.25577012	0	-5.25577012	-4.92182849	
8.247296	5.33708369	0	-5.33708369	-5.00909495	
8.27707	5.58159168	0	-5.58159168	-5.09636142	
8.282257	5.62386204	0	-5.62386204	-5.29707428	
8.292389	5.70741434	0	-5.70741434	-5.38434074	
8.30258	5.79202813	0	-5.79202813	-5.47160721	
8.312766	5.87722265	0	-5.87722265	-5.55014702	
8.323001	5.96348251	0	-5.96348251	-5.63741348	
8.333329	6.05116056	0	-6.05116056	-5.72467995	
8.343651	6.13942689	0	-6.13942689	-5.81194641	
8.35335	6.2229127	0	-6.2229127	-5.89921287	
8.363883	6.31423364	0	-6.31423364	-5.98647933	
8.373626	6.39924064	0	-6.39924064	-6.06501915	
8.38376	6.48832361	0	-6.48832361	-6.16101226	
8.393937	6.57841626	0	-6.57841626	-6.24827872	
8.404064	6.66865324	0	-6.66865324	-6.33554518	
8.414272	6.76027584	0	-6.76027584	-6.43153829	
8.424485	6.85256041	0	-6.85256041	-6.51880476	
8.434574	6.94435929	0	-6.94435929	-6.61479787	
8.445084	7.04061756	0	-7.04061756	-6.71079097	
8.4552	7.13386886	0	-7.13386886	-6.79805744	
8.473289	7.30304839	0	-7.30304839	-6.89405055	
8.478432	7.35104618	0	-7.35104618	-7.01622359	
8.488584	7.44671101	0	-7.44671101	-7.1122167	
8.498873	7.54428707	0	-7.54428707	-7.20820981	
8.509165	7.64249856	0	-7.64249856	-7.30420292	
8.519447	7.7412485	0	-7.7412485	-7.40019603	
8.529334	7.83679862	0	-7.83679862	-7.49618914	
8.539498	7.93563423	0	-7.93563423	-7.59218225	
8.549634	8.03482287	0	-8.03482287	-7.68817536	
8.560518	8.14209633	0	-8.14209633	-7.78416846	
8.570265	8.23865366	0	-8.23865366	-7.88888822	
8.580134	8.33700757	0	-8.33700757	-7.99360797	
8.590516	8.44117799	0	-8.44117799	-8.09832773	
8.608545	8.62440543	0	-8.62440543	-8.19432084	
8.613687	8.67657205	0	-8.67657205	-8.33394718	
8.62387	8.78079878	0	-8.78079878	-8.42994029	
8.634121	8.88634394	0	-8.88634394	-8.53466004	
8.652735	9.08050611	0	-9.08050611	-8.6393798	
8.657894	9.13418141	0	-9.13418141	-8.77900614	
8.668095	9.2413114	0	-9.2413114	-8.88372589	
8.678456	9.35069601	0	-9.35069601	-8.98844565	
8.688597	9.45838908	0	-9.45838908	-9.0931654	
8.699066	9.57025482	0	-9.57025482	-9.19788516	
8.70892	9.67608246	0	-9.67608246	-9.31133156	
8.719093	9.78592333	0	-9.78592333	-9.41605131	
8.729241	9.89620926	0	-9.89620926	-9.52077107	
8.739678	10.0102538	0	-10.0102538	-9.63421747	
8.749482	10.1178954	0	-10.1178954	-9.74766387	
8.759728	10.2311461	0	-10.2311461	-9.85238363	
8.770211	10.3476153	0	-10.3476153	-9.96583003	
8.780247	10.4596866	0	-10.4596866	-10.0792764	
8.790383	10.573528	0	-10.573528	-10.1927228	
8.800837	10.6915836	0	-10.6915836	-10.3061692	
8.818837	10.8972378	0	-10.8972378	-10.4196156	
8.824572	10.9627212	0	-10.9627212	-10.5766953	
8.834231	11.0737448	0	-11.0737448	-10.6901417	
8.844716	11.194935	0	-11.194935	-10.8123147	
8.854911	11.3133884	0	-11.3133884	-10.9344878	
8.865942	11.4422886	0	-11.4422886	-11.0479342	
8.874826	11.5465144	0	-11.5465144	-11.1701072	
8.884924	11.6656089	0	-11.6656089	-11.2922803	
8.895115	11.7864621	0	-11.7864621	-11.42318	
8.9053	11.9079145	0	-11.9079145	-11.5366264	
8.915574	12.0310159	0	-12.0310159	-11.667526	
8.925843	12.1542319	0	-12.1542319	-11.7896991	
8.935808	12.2738239	0	-12.2738239	-11.9118721	
8.946173	12.3981919	0	-12.3981919	-12.0427718	
8.956569	12.5229439	0	-12.5229439	-12.1649449	
8.967607	12.6554119	0	-12.6554119	-12.2871179	
8.976663	12.7640839	0	-12.7640839	-12.409291	
8.986776	12.8854399	0	-12.8854399	-12.531464	
8.99693	13.0072639	0	-13.0072639	-12.6536371	
9.007339	13.1321959	0	-13.1321959	-12.7758101	
9.017283	13.2515239	0	-13.2515239	-12.8979832	
9.028126	13.3816759	0	-13.3816759	-13.0288829	
9.037546	13.4946679	0	-13.4946679	-13.1510559	
9.047974	13.6197919	0	-13.6197919	-13.2819556	
9.058073	13.7409799	0	-13.7409799	-13.4041287	
9.069085	13.8731479	0	-13.8731479	-13.5350283	
9.078501	13.9860559	0	-13.9860559	-13.665928	
9.088958	14.1115999	0	-14.1115999	-13.7968277	
9.107167	14.3301559	0	-14.3301559	-14.0237205	
9.112449	14.3934439	0	-14.3934439	-14.0848071	
9.122555	14.5147399	0	-14.5147399	-14.2157068	
9.133026	14.6404159	0	-14.6404159	-14.3466065	
9.143228	14.7628519	0	-14.7628519	-14.4687795	
9.153428	14.8852759	0	-14.8852759	-14.5909525	
9.171591	15.1032079	0	-15.1032079	-14.7218522	
9.177224	15.1707799	0	-15.1707799	-14.8876585	
9.187083	15.2890999	0	-15.2890999	-15.0185582	
9.197509	15.4142119	0	-15.4142119	-15.1494579	
9.207352	15.5323279	0	-15.5323279	-15.271631	
9.217818	15.6579199	0	-15.6579199	-15.393804	
9.227905	15.7789519	0	-15.7789519	-15.5247037	
9.237976	15.8998039	0	-15.8998039	-15.6468767	
9.248205	16.0225519	0	-16.0225519	-15.7690498	
9.258427	16.1452519	0	-16.1452519	-15.8912228	
9.268259	16.2631999	0	-16.2631999	-16.0133959	
9.278829	16.3900639	0	-16.3900639	-16.1355689	
9.288609	16.5074239	0	-16.5074239	-16.257742	
9.298738	16.6289839	0	-16.6289839	-16.3886417	
9.308892	16.7507719	0	-16.7507719	-16.5020881	
9.319293	16.8756319	0	-16.8756319	-16.6242611	
9.329338	16.9961599	0	-16.9961599	-16.7551608	
9.339386	17.1166759	0	-17.1166759	-16.8773339	
9.349525	17.2383679	0	-17.2383679	-16.9995069	
9.359695	17.3604199	0	-17.3604199	-17.12168	
9.369905	17.4829159	0	-17.4829159	-17.2525797	
9.380039	17.6045359	0	-17.6045359	-17.3660261	
9.390243	17.7270079	0	-17.7270079	-17.4969258	
9.400387	17.8487479	0	-17.8487479	-17.6190988	
9.410858	17.9743999	0	-17.9743999	-17.7499985	
9.420677	18.0922279	0	-18.0922279	-17.8634449	
9.431164	18.2180719	0	-18.2180719	-17.9943446	
9.441003	18.3361399	0	-18.3361399	-18.1165176	
9.451165	18.4580359	0	-18.4580359	-18.229964	
9.46946	18.6776719	0	-18.6776719	-18.3521371	
9.475014	18.7442959	0	-18.7442959	-18.5092167	
9.484827	18.8620399	0	-18.8620399	-18.6313898	
9.495043	18.9845839	0	-18.9845839	-18.7535628	
9.505386	19.1087239	0	-19.1087239	-18.8757359	
9.515496	19.2300079	0	-19.2300079	-18.9891823	
9.525682	19.3522519	0	-19.3522519	-19.1113553	
9.543643	19.5677839	0	-19.5677839	-19.3295215	
9.548952	19.6315399	0	-19.6315399	-19.390608	
9.558951	19.7515039	0	-19.7515039	-19.5040544	
9.569389	19.8767839	0	-19.8767839	-19.6349541	
9.579352	19.9962919	0	-19.9962919	-19.7484005	
9.589523	20.1183559	0	-20.1183559	-19.8705735	
9.599645	20.2398199	0	-20.2398199	-19.9840199	
9.60984	20.3621839	0	-20.3621839	-20.1149196	
9.62023	20.4868279	0	-20.4868279	-20.228366	
9.630428	20.6092639	0	-20.6092639	-20.3505391	
9.640608	20.7313759	0	-20.7313759	-20.4727121	
9.650706	20.8525399	0	-20.8525399	-20.5948852	
9.660938	20.9753719	0	-20.9753719	-20.7170582	
9.67104	21.0965239	0	-21.0965239	-20.8305046	
9.681287	21.2195719	0	-21.2195719	-20.9614043	
9.691376	21.3405919	0	-21.3405919	-21.0748507	
9.701511	21.4621759	0	-21.4621759	-21.1970238	
9.711703	21.5845159	0	-21.5845159	-21.3191968	
9.72192	21.7071199	0	-21.7071199	-21.4413699	
9.732029	21.8283919	0	-21.8283919	-21.5548163	
9.742122	21.9495319	0	-21.9495319	-21.6769893	
9.752344	22.0722799	0	-22.0722799	-21.7991624	
9.762481	22.1938519	0	-22.1938519	-21.9213354	
9.781777	22.4254519	0	-22.4254519	-22.0347818	
9.787084	22.4891359	0	-22.4891359	-22.2093147	
9.797206	22.6105759	0	-22.6105759	-22.3314878	
9.807384	22.7327359	0	-22.7327359	-22.4536608	
9.817528	22.8544039	0	-22.8544039	-22.5758339	
9.836326	23.0800039	0	-23.0800039	-22.8027267	
9.841516	23.1422719	0	-23.1422719	-22.8638132	
9.851681	23.2642759	0	-23.2642759	-22.9947129	
9.862117	23.3895199	0	-23.3895199	-23.1168859	
9.872001	23.5081759	0	-23.5081759	-23.239059	
9.883498	23.6461159	0	-23.6461159	-23.3786853	
9.893616	23.7674839	0	-23.7674839	-23.5008584	
9.904096	23.8932799	0	-23.8932799	-23.6230314	
9.914005	24.0122119	0	-24.0122119	-23.7452045	
9.924487	24.1379719	0	-24.1379719	-23.8761042	
9.937492	24.2939959	0	-24.2939959	-24.0331838	
9.94763	24.4156639	0	-24.4156639	-24.1553568	
9.957932	24.5392879	0	-24.5392879	-24.2862565	
9.976042	24.7566439	0	-24.7566439	-24.4084296	
9.982251	24.8311639	0	-24.8311639	-24.5655092	
9.991408	24.9410119	0	-24.9410119	-24.6876823	
10.00151	25.0621759	0	-25.0621759	-24.8098553	
10.01176	25.1852839	0	-25.1852839	-24.9320284	
10.02188	25.3066039	0	-25.3066039	-25.0454748	
10.03265	25.4359159	0	-25.4359159	-25.1763745	
10.04216	25.5499999	0	-25.5499999	-25.2898209	
10.05235	25.6723639	0	-25.6723639	-25.4119939	
10.06276	25.7973079	0	-25.7973079	-25.534167	
10.07272	25.9166839	0	-25.9166839	-25.65634	
10.08408	26.0531359	0	-26.0531359	-25.7785131	
10.0931	26.1612079	0	-26.1612079	-25.9006861	
10.10347	26.2857079	0	-26.2857079	-26.0228591	
10.12151	26.5021999	0	-26.5021999	-26.1450322	
10.12676	26.5651399	0	-26.5651399	-26.3021118	
10.13705	26.6886679	0	-26.6886679	-26.4330115	
10.14713	26.8096519	0	-26.8096519	-26.5464579	
10.1573	26.9317159	0	-26.9317159	-26.668631	
10.16778	27.0574999	0	-27.0574999	-26.7995307	
10.17765	27.1759279	0	-27.1759279	-26.9217037	
10.18831	27.3038839	0	-27.3038839	-27.0438768	
10.19812	27.4214839	0	-27.4214839	-27.1660498	
10.20844	27.5453599	0	-27.5453599	-27.2882229	
10.21854	27.6665239	0	-27.6665239	-27.4103959	
10.22899	27.7919719	0	-27.7919719	-27.532569	
10.23905	27.9127039	0	-27.9127039	-27.6634686	
10.24936	28.0364599	0	-28.0364599	-27.7856417	
10.2774	28.3729999	0	-28.3729999	-27.9078147	
10.2828	28.4376679	0	-28.4376679	-28.1870674	
10.29291	28.5589879	0	-28.5589879	-28.3005138	
10.30345	28.6854439	0	-28.6854439	-28.4226869	
10.31325	28.8030559	0	-28.8030559	-28.5448599	
10.32358	28.9270159	0	-28.9270159	-28.667033	
10.33356	29.0467759	0	-29.0467759	-28.789206	
10.3437	29.1684439	0	-29.1684439	-28.9113791	
10.35389	29.2908319	0	-29.2908319	-29.0335521	
10.36401	29.4121279	0	-29.4121279	-29.1557252	
10.37413	29.5336759	0	-29.5336759	-29.2778982	
10.3926	29.7553519	0	-29.7553519	-29.4087979	
10.3975	29.8141039	0	-29.8141039	-29.5571509	
10.40764	29.9358079	0	-29.9358079	-29.6880506	
10.41787	30.0585319	0	-30.0585319	-29.8102236	
10.42798	30.1798279	0	-30.1798279	-29.9323967	
10.43811	30.3014119	0	-30.3014119	-30.0545697	
10.44824	30.4228999	0	-30.4228999	-30.1767428	
10.45842	30.5451799	0	-30.5451799	-30.3076425	
10.46854	30.6665599	0	-30.6665599	-30.4298155	
10.47871	30.7885279	0	-30.7885279	-30.5519886	
10.48925	30.9151399	0	-30.9151399	-30.6741616	
10.49902	31.0323679	0	-31.0323679	-30.7963347	
10.50913	31.1536399	0	-31.1536399	-30.9185077	
10.51928	31.2754399	0	-31.2754399	-31.0494074	
10.52948	31.3978759	0	-31.3978759	-31.1628538	
10.5396	31.5192079	0	-31.5192079	-31.2850268	
10.54974	31.6409479	0	-31.6409479	-31.4071999	
10.5599	31.7629039	0	-31.7629039	-31.5293729	
10.57005	31.8845959	0	-31.8845959	-31.6428193	
10.58021	32.0066239	0	-32.0066239	-31.773719	
10.59039	32.1288439	0	-32.1288439	-31.8871654	
10.60051	32.2502239	0	-32.2502239	-32.0093385	
10.6107	32.3724559	0	-32.3724559	-32.1315115	
10.62078	32.4934039	0	-32.4934039	-32.2536846	
10.63098	32.6158999	0	-32.6158999	-32.3758576	
10.6411	32.7372439	0	-32.7372439	-32.4980307	
10.65132	32.8599679	0	-32.8599679	-32.6202037	
10.66139	32.9807119	0	-32.9807119	-32.7423768	
10.67152	33.1022959	0	-33.1022959	-32.8558232	
10.68173	33.2247799	0	-33.2247799	-32.9779962	
10.69279	33.3576679	0	-33.3576679	-33.1088959	
10.702	33.4680679	0	-33.4680679	-33.2223423	
10.71213	33.5896399	0	-33.5896399	-33.3445154	
10.72228	33.7114879	0	-33.7114879	-33.4666884	
10.73284	33.8381959	0	-33.8381959	-33.5888615	
10.74253	33.9544159	0	-33.9544159	-33.7023079	
10.75278	34.0774399	0	-34.0774399	-33.8244809	
10.7629	34.1988439	0	-34.1988439	-33.946654	
10.77344	34.3254199	0	-34.3254199	-34.068827	
10.78319	34.4422879	0	-34.4422879	-34.191	
10.79401	34.5722479	0	-34.5722479	-34.3131731	
10.8035	34.6860679	0	-34.6860679	-34.4353461	
10.81361	34.8074239	0	-34.8074239	-34.5487925	
10.82377	34.9292839	0	-34.9292839	-34.6709656	
10.83399	35.0520319	0	-35.0520319	-34.784412	
10.84529	35.1876079	0	-35.1876079	-34.9240383	
10.85544	35.3094559	0	-35.3094559	-35.0374847	
10.86582	35.4338959	0	-35.4338959	-35.1683844	
10.87567	35.5522039	0	-35.5522039	-35.2905575	
10.8955	35.7901279	0	-35.7901279	-35.5087236	
10.90069	35.8523479	0	-35.8523479	-35.5872634	
10.91095	35.9755279	0	-35.9755279	-35.7094365	
10.92121	36.0985759	0	-36.0985759	-35.8316095	
10.93138	36.2206879	0	-36.2206879	-35.9537826	
10.94132	36.3399439	0	-36.3399439	-36.0846823	
10.95175	36.4651519	0	-36.4651519	-36.2068553	
10.96164	36.5838079	0	-36.5838079	-36.3290284	
10.97213	36.7096519	0	-36.7096519	-36.4512014	
10.98222	36.8315719	0	-36.8315719	-36.5733745	
10.9921	36.9493399	0	-36.9493399	-36.6955475	
11.00271	37.0766599	0	-37.0766599	-36.8264472	
11.01246	37.1935759	0	-37.1935759	-36.9486203	
11.02263	37.3156399	0	-37.3156399	-37.0707933	
11.03369	37.4484319	0	-37.4484319	-37.1929664	
11.04288	37.5587239	0	-37.5587239	-37.3064128	
11.05336	37.6843879	0	-37.6843879	-37.4285858	
11.06324	37.8034159	0	-37.8034159	-37.5420322	
11.07335	37.9242799	0	-37.9242799	-37.6729319	
11.08381	38.0498839	0	-38.0498839	-37.7863783	
11.09367	38.1681679	0	-38.1681679	-37.9085514	
11.10408	38.2930519	0	-38.2930519	-38.0219978	
11.12223	38.5108039	0	-38.5108039	-38.1441708	
11.12737	38.5729399	0	-38.5729399	-38.3012504	
11.13762	38.6955199	0	-38.6955199	-38.4234235	
11.14775	38.8170319	0	-38.8170319	-38.5543232	
11.15799	38.9400439	0	-38.9400439	-38.6677696	
11.16808	39.0610279	0	-39.0610279	-38.7899426	
11.17822	39.1826719	0	-39.1826719	-38.9121157	
11.18839	39.3047599	0	-39.3047599	-39.0342887	
11.19992	39.4432399	0	-39.4432399	-39.1477351	
11.2087	39.5484199	0	-39.5484199	-39.2699082	
11.21895	39.6715159	0	-39.6715159	-39.3920812	
11.22907	39.7929199	0	-39.7929199	-39.5142543	
11.24943	40.0373479	0	-40.0373479	-39.6364273	
11.25504	40.1045719	0	-40.1045719	-39.8284135	
11.26481	40.2217639	0	-40.2217639	-39.9505866	
11.27496	40.3436599	0	-40.3436599	-40.0727596	
11.2853	40.4677039	0	-40.4677039	-40.1949327	
11.2956	40.5913279	0	-40.5913279	-40.3083791	
11.31369	40.8083959	0	-40.8083959	-40.4305521	
11.31889	40.8707479	0	-40.8707479	-40.5876318	
11.32907	40.9930039	0	-40.9930039	-40.7010782	
11.33953	41.1184999	0	-41.1184999	-40.8232512	
11.3494	41.2368679	0	-41.2368679	-40.9366976	
11.3595	41.3581159	0	-41.3581159	-41.0675973	
11.36968	41.4801679	0	-41.4801679	-41.1810437	
11.37982	41.6019199	0	-41.6019199	-41.3032167	
11.38997	41.7237439	0	-41.7237439	-41.4253898	
11.40146	41.8616599	0	-41.8616599	-41.5475628	
11.41038	41.9685919	0	-41.9685919	-41.6697359	
11.42052	42.0903439	0	-42.0903439	-41.7919089	
11.43092	42.2151919	0	-42.2151919	-41.914082	
11.44085	42.3343279	0	-42.3343279	-42.036255	
11.45099	42.4559479	0	-42.4559479	-42.1584281	
11.46116	42.5780239	0	-42.5780239	-42.2806011	
11.47167	42.7041439	0	-42.7041439	-42.4115008	
11.48145	42.8214439	0	-42.8214439	-42.5249472	
11.49159	42.9431599	0	-42.9431599	-42.6471203	
11.50327	43.0833439	0	-43.0833439	-42.77802	
11.51195	43.1875759	0	-43.1875759	-42.900193	
11.5302	43.4064559	0	-43.4064559	-43.0223661	
11.5354	43.4688439	0	-43.4688439	-43.1881723	
11.54591	43.5950599	0	-43.5950599	-43.3016187	
11.56392	43.8111679	0	-43.8111679	-43.5285115	
11.56913	43.8736399	0	-43.8736399	-43.5983247	
11.58749	44.0940079	0	-44.0940079	-43.8164909	
11.59274	44.1569959	0	-44.1569959	-43.8775774	
11.60323	44.2828759	0	-44.2828759	-43.9997504	
11.61305	44.4007519	0	-44.4007519	-44.1131968	
11.62351	44.5262719	0	-44.5262719	-44.2353699	
11.64157	44.7430039	0	-44.7430039	-44.3575429	
11.6556	44.9113399	0	-44.9113399	-44.5233492	
11.66127	44.9793439	0	-44.9793439	-44.6804289	
11.67099	45.0959719	0	-45.0959719	-44.8026019	
11.68112	45.2175919	0	-45.2175919	-44.9247749	
11.69129	45.3396079	0	-45.3396079	-45.046948	
11.70167	45.4642159	0	-45.4642159	-45.169121	
11.71201	45.5882119	0	-45.5882119	-45.2912941	
11.72174	45.7050559	0	-45.7050559	-45.4134671	
11.73223	45.8308639	0	-45.8308639	-45.5356402	
11.74223	45.9517639	0	-45.9517639	-45.6578132	
11.75223	46.0708519	0	-46.0708519	-45.7799863	
11.76237	46.1925199	0	-46.1925199	-45.9021593	
11.7728	46.3177159	0	-46.3177159	-46.0243324	
11.78302	46.4402959	0	-46.4402959	-46.1552321	
11.79345	46.5655399	0	-46.5655399	-46.2686785	
11.80333	46.6840759	0	-46.6840759	-46.3908515	
11.81347	46.8057439	0	-46.8057439	-46.5130246	
11.82366	46.9279759	0	-46.9279759	-46.6351976	
11.83377	47.0493559	0	-47.0493559	-46.7573707	
11.84408	47.1731239	0	-47.1731239	-46.8795437	
11.85437	47.2964959	0	-47.2964959	-46.9929901	
11.86463	47.4195799	0	-47.4195799	-47.1151632	
11.87506	47.5448119	0	-47.5448119	-47.2460629	
11.88485	47.6623519	0	-47.6623519	-47.3682359	
11.89518	47.7862639	0	-47.7862639	-47.4904089	
11.90513	47.9056759	0	-47.9056759	-47.6038553	
11.92349	48.1260559	0	-48.1260559	-47.8307482	
11.92874	48.1889359	0	-48.1889359	-47.8918347	
11.9388	48.3096559	0	-48.3096559	-48.0140077	
11.94893	48.4312879	0	-48.4312879	-48.1361808	
11.9591	48.5532919	0	-48.5532919	-48.2583538	
11.96925	48.6750199	0	-48.6750199	-48.3805269	
11.97949	48.7979479	0	-48.7979479	-48.5114266	
11.98959	48.9192199	0	-48.9192199	-48.6335996	
11.99978	49.0414519	0	-49.0414519	-48.7557727	
12.01103	49.1765119	0	-49.1765119	-48.8779457	
12.02009	49.2851119	0	-49.2851119	-49.0001187	
12.03022	49.4067319	0	-49.4067319	-49.1310184	
12.04037	49.5285199	0	-49.5285199	-49.2531915	
12.05051	49.6501759	0	-49.6501759	-49.3753645	
12.06062	49.7714719	0	-49.7714719	-49.4975376	
12.07077	49.8932839	0	-49.8932839	-49.6197106	
12.08094	50.0153839	0	-50.0153839	-49.7418837	
12.09106	50.1367759	0	-50.1367759	-49.8640567	
12.10126	50.2591639	0	-50.2591639	-49.9862298	
12.11236	50.3924719	0	-50.3924719	-50.1084028	
12.12153	50.5023799	0	-50.5023799	-50.2305759	
12.13166	50.6239759	0	-50.6239759	-50.3527489	
12.1418	50.7462559	0	-50.7462559	-50.4661953	
12.15196	50.8675879	0	-50.8675879	-50.5883684	
12.16269	50.9964079	0	-50.9964079	-50.7105414	
12.17229	51.1114759	0	-51.1114759	-50.8327145	
12.18241	51.2329519	0	-51.2329519	-50.9548875	
12.19263	51.3555439	0	-51.3555439	-51.0857872	
12.20273	51.4768879	0	-51.4768879	-51.2079603	
12.21341	51.6050239	0	-51.6050239	-51.3214067	
12.22303	51.7204399	0	-51.7204399	-51.4523063	
12.23357	51.8469559	0	-51.8469559	-51.5744794	
12.24335	51.9642199	0	-51.9642199	-51.6966524	
12.25343	52.0852399	0	-52.0852399	-51.8188255	
12.26508	52.2267079	0	-52.2267079	-51.9409985	
12.27445	52.3374679	0	-52.3374679	-52.0631716	
12.28489	52.4627359	0	-52.4627359	-52.1853446	
12.29473	52.5808999	0	-52.5808999	-52.3075177	
12.3048	52.7017159	0	-52.7017159	-52.4296907	
12.3159	52.8348079	0	-52.8348079	-52.5605904	
12.32594	52.9553359	0	-52.9553359	-52.6914901	
12.33638	53.0806879	0	-53.0806879	-52.8136632	
12.34655	53.2026559	0	-53.2026559	-52.9358362	
12.3567	53.3244439	0	-53.3244439	-53.0492826	
12.36683	53.4460279	0	-53.4460279	-53.1714557	
12.37706	53.5687639	0	-53.5687639	-53.2936287	
12.38719	53.6904079	0	-53.6904079	-53.4070751	
12.39736	53.8123399	0	-53.8123399	-53.5292482	
12.40748	53.9337559	0	-53.9337559	-53.6514212	
12.4177	54.0564439	0	-54.0564439	-53.7735943	
12.42782	54.1778599	0	-54.1778599	-53.8957673	
12.43798	54.2998159	0	-54.2998159	-54.0179403	
12.44815	54.4218199	0	-54.4218199	-54.1313868	
12.4583	54.5436559	0	-54.5436559	-54.2622864	
12.47761	54.7754719	0	-54.7754719	-54.3844595	
12.48285	54.8382439	0	-54.8382439	-54.5589924	
12.4931	54.9612679	0	-54.9612679	-54.6811655	
12.50318	55.0822639	0	-55.0822639	-54.8033385	
12.51468	55.2202879	0	-55.2202879	-54.9255116	
12.52356	55.3268719	0	-55.3268719	-55.0476846	
12.54187	55.5465199	0	-55.5465199	-55.1785843	
12.54707	55.6088719	0	-55.6088719	-55.3443906	
12.55722	55.7307199	0	-55.7307199	-55.4665636	
12.56739	55.8531919	0	-55.8531919	-55.5887367	
12.5776	55.9753039	0	-55.9753039	-55.728363	
12.58774	56.0969479	0	-56.0969479	-55.8505361	
12.59794	56.2193719	0	-56.2193719	-55.9727091	
12.60831	56.3437879	0	-56.3437879	-56.0948822	
12.61927	56.4753919	0	-56.4753919	-56.2170552	
12.6365	56.6821519	0	-56.6821519	-56.4352214	
12.6417	56.7444559	0	-56.7444559	-56.4963079	
12.65192	56.8671319	0	-56.8671319	-56.6184809	
12.6623	56.9917519	0	-56.9917519	-56.740654	
12.67221	57.1106239	0	-57.1106239	-56.862827	
12.68241	57.2329999	0	-57.2329999	-56.9850001	
12.69278	57.3574759	0	-57.3574759	-57.0984465	
12.70265	57.4759999	0	-57.4759999	-57.2206195	
12.7128	57.5977879	0	-57.5977879	-57.3427926	
12.7232	57.7225159	0	-57.7225159	-57.4736923	
12.73339	57.8447839	0	-57.8447839	-57.5871387	
12.74322	57.9627199	0	-57.9627199	-57.7093117	
12.75368	58.0882279	0	-58.0882279	-57.8314848	
12.76411	58.2134719	0	-58.2134719	-57.9536578	
12.774	58.3321639	0	-58.3321639	-58.0671042	
12.7842	58.4545279	0	-58.4545279	-58.1892773	
12.80224	58.6709599	0	-58.6709599	-58.3114503	
12.8074	58.7329039	0	-58.7329039	-58.4598033	
12.81761	58.8554239	0	-58.8554239	-58.5819763	
12.82773	58.9768879	0	-58.9768879	-58.7041494	
12.83821	59.1026839	0	-59.1026839	-58.8263224	
12.84808	59.2211239	0	-59.2211239	-58.9484955	
12.85849	59.3459839	0	-59.3459839	-59.0706685	
12.8684	59.4649639	0	-59.4649639	-59.1841149	
12.8788	59.5898119	0	-59.5898119	-59.306288	
12.88876	59.7092239	0	-59.7092239	-59.428461	
12.9138	60.0098839	0	-60.0098839	-59.5506341	
12.91922	60.0748759	0	-60.0748759	-59.7775269	
